54.19818 0.257410659409873 1.64203195606332 0.928164823574156 9.13095650153132 
54.11118 1.44288159188829 1.72626397472041 0.130793782206936 -4.72692370009547 
53.86528 1.05064119914086 1.29224775270326 0.0470709798372803 -1.44695581689625 
53.70068 1.47437313909411 1.37217269247909 0.0470709798372803 -1.44695581689625 
53.45578 1.91370776034721 0.367048269085677 0.575569989845599 8.86762569380515 
53.2885 1.31906107683549 1.72626397472041 0.0470709798372803 -6.89498049132748 
53.04222 1.3231278760128 1.37217269247909 0.0470709798372803 -1.44695581689625 
52.88066 1.3297010017622 1.68323516652372 0.0547427930208689 -4.73269711150639 
52.87898 1.44288159188829 1.95237976226526 0.121768732446983 9.13095650153132 
52.79904 1.46029512256048 1.72626397472041 0.130793782206936 9.88485923727247 
52.7103 1.47437313909411 1.72626397472041 0.130793782206936 8.86762569380515 
52.6307 1.00135849682811 1.29224775270326 0.0470709798372803 -1.41077119248585 
52.63038 1.44288159188829 1.95237976226526 0.121768732446983 9.13095650153132 
52.46776 1.46029512256048 1.64203195606332 0.928164823574156 9.13095650153132 
52.4661 1.91370776034721 1.29224775270326 0.0470709798372803 -1.44695581689625 
52.4661 0.867466565799414 1.29224775270326 0.0470709798372803 -1.44695581689625 
52.4661 0.867466565799414 1.29224775270326 0.0470709798372803 -1.44695581689625 
52.13688 1.47437313909411 1.37217269247909 0.0470709798372803 -1.44695581689625 
52.0593 1.44288159188829 0.663777285347892 0.390873090184625 4.3993550224419 
52.05726 1.3231278760128 1.93880552189025 0.213417800798286 5.08601869791441 
52.05594 1.03738050359654 1.64203195606332 0.928164823574156 9.13095650153132 
52.0529 1.8164618336567 1.68323516652372 0.387577709501408 8.13063610964683 
51.97598 1.44288159188829 0.663777285347892 0.390873090184625 9.88485923727247 
51.81476 1.94316641105679 1.93880552189025 0.213417800798286 1.56450689837889 
51.807 1.11056726294633 1.68323516652372 0.0547427930208689 -1.44695581689625 
51.72942 1.31906107683549 1.72626397472041 0.0470709798372803 -1.44695581689625 
51.7257 0.740487643722096 1.95237976226526 0.842409412341724 4.3993550224419 
51.56244 0.81043391461261 0.578378065104697 0.620537003000119 -1.44695581689625 
51.4825 1.46029512256048 1.95237976226526 0.842409412341724 9.13095650153132 
51.47912 1.03738050359654 0.367048269085677 0.620537003000119 4.3993550224419 
51.39648 1.11056726294633 1.1293633689669 0.390873090184625 5.79779335285018 
51.31418 0.740487643722096 1.85748248655917 0.319282009366694 -4.73269711150639 
51.31382 1.05064119914086 1.29224775270326 0.0470709798372803 -1.44695581689625 
51.2349 1.44288159188829 0.663777285347892 0.387577709501408 8.13063610964683 
51.23458 1.8164618336567 1.68323516652372 0.387577709501408 8.13063610964683 
51.15362 1.47437313909411 0.663777285347892 0.387577709501408 8.13063610964683 
51.1519 1.46029512256048 1.95237976226526 0.842409412341724 -4.73269711150639 
50.9067 1.00135849682811 1.8421736828077 0.324333608037291 8.86762569380515 
50.82368 1.47437313909411 1.37217269247909 0.192399435026651 6.23569097984905 
50.7421 1.94316641105679 0.871312135739839 0.523782583204487 -1.41077119248585 
50.7414 1.47437313909411 0.871312135739839 0.523782583204487 -1.41077119248585 
50.73938 1.46029512256048 1.1293633689669 0.670119264097225 -1.44695581689625 
50.73938 1.46029512256048 0.367048269085677 0.575569989845599 9.88485923727247 
50.73906 1.46029512256048 1.93880552189025 0.213417800798286 5.79779335285018 
50.73768 1.3297010017622 1.68323516652372 0.0547427930208689 -10.8338398720114 
50.66046 0.81043391461261 0.935154797125394 0.0470709798372803 3.1484909494413 
50.65908 1.63894665107 0.118868139287704 0.575569989845599 9.88485923727247 
50.65876 1.44288159188829 0.367048269085677 0.575569989845599 4.3993550224419 
50.65642 1.03738050359654 1.85748248655917 0.213417800798286 -15.2411369995458 
50.65638 1.00135849682811 1.64203195606332 0.928164823574156 9.13095650153132 
50.57648 1.44288159188829 0.663777285347892 0.390873090184625 5.79779335285018 
50.57478 1.32257741652694 1.95237976226526 0.714215142576896 -6.5777298017624 
50.4945 1.46029512256048 1.68323516652372 0.0547427930208689 8.13063610964683 
50.4908 1.3297010017622 1.68323516652372 0.0547427930208689 8.13063610964683 
50.41456 1.44288159188829 0.663777285347892 0.390873090184625 1.56450689837889 
50.41186 1.46029512256048 1.95237976226526 0.928164823574156 8.86762569380515 
50.3306 1.94316641105679 1.93880552189025 0.213417800798286 1.72148693056407 
50.33056 1.94316641105679 1.72626397472041 0.130793782206936 9.88485923727247 
50.32856 1.47437313909411 1.37217269247909 0.0470709798372803 -10.8338398720114 
50.3282 0.255337826084886 0.516782970081466 0.236329496482016 -9.83373362445626 
50.32756 1.46029512256048 1.1293633689669 0.670119264097225 -1.44695581689625 
50.24692 1.63894665107 0.118868139287704 0.620537003000119 4.3993550224419 
50.24624 1.00135849682811 1.29224775270326 0.192399435026651 6.23569097984905 
50.16358 1.03738050359654 0.408574058374635 0.575569989845599 -15.2411369995458 
50.08298 1.44288159188829 0.92350701324237 0.390873090184625 1.72148693056407 
50.00204 1.46029512256048 0.367048269085677 0.575569989845599 9.88485923727247 
49.91904 1.03738050359654 1.8421736828077 0.928164823574156 8.86762569380515 
49.91838 0.58683349281636 0.367048269085677 0.575569989845599 9.88485923727247 
49.83808 1.44288159188829 0.92350701324237 0.176184630181534 1.72148693056407 
49.83436 0.202947555318746 1.45278222493363 0.842409412341724 8.86762569380515 
49.75646 0.740487643722096 0.367048269085677 0.324333608037291 6.45624270273196 
49.7541 0.81043391461261 0.578378065104697 0.620537003000119 -6.89498049132748 
49.75274 1.3297010017622 0.367048269085677 0.575569989845599 9.88485923727247 
49.75242 1.44288159188829 1.95237976226526 0.121768732446983 9.13095650153132 
49.75142 1.46029512256048 1.64203195606332 0.928164823574156 9.13095650153132 
49.59184 1.03738050359654 0.367048269085677 0.0470709798372803 -1.44695581689625 
49.59016 0.58683349281636 1.85748248655917 0.408565938157482 -3.30188103828498 
49.50752 1.47437313909411 1.72626397472041 0.130793782206936 -4.72692370009547 
49.5048 0.257410659409873 1.95237976226526 0.842409412341724 8.86762569380515 
49.42216 1.46029512256048 1.8421736828077 0.390873090184625 1.56450689837889 
49.34394 1.11994552687326 1.07244025502564 0.213417800798286 -15.2411369995458 
49.26092 1.46029512256048 1.95237976226526 0.842409412341724 8.86762569380515 
49.18066 1.03738050359654 0.367048269085677 0.575569989845599 9.88485923727247 
49.17966 1.94316641105679 1.93880552189025 0.213417800798286 5.79779335285018 
49.17526 1.47437313909411 1.37217269247909 0.572991935406803 1.72148693056407 
49.097 1.11056726294633 1.29224775270326 0.575569989845599 9.88485923727247 
49.01708 1.32257741652694 0.367048269085677 0.324333608037291 6.45624270273196 
49.0157 1.47437313909411 1.93880552189025 0.213417800798286 5.79779335285018 
49.01404 0.81043391461261 0.935154797125394 0.572991935406803 -4.73269711150639 
48.93238 0.867466565799414 0.46311851224722 0.130793782206936 -4.72692370009547 
48.93238 1.11994552687326 1.07244025502564 0.0684723531110128 -7.29335837636519 
48.9297 1.3297010017622 1.68323516652372 0.892580302147936 6.45624270273196 
48.76746 1.46029512256048 1.95237976226526 0.842409412341724 -4.72692370009547 
48.76442 1.47437313909411 1.37217269247909 0.572991935406803 8.13063610964683 
48.60218 1.32257741652694 1.7522316057588 0.575569989845599 -15.2411369995458 
48.51988 1.11056726294633 0.118868139287704 0.620537003000119 -6.89498049132748 
48.27328 1.11056726294633 0.118868139287704 0.620537003000119 -6.89498049132748 
47.86278 1.00135849682811 1.64203195606332 0.928164823574156 9.13095650153132 
47.69648 1.94316641105679 1.37217269247909 0.670119264097225 -1.44695581689625 
47.61216 0.202947555318746 1.64203195606332 0.928164823574156 8.86762569380515 
