257.295
258.255
258.11
258.4
259.455
259.46
259.825
259.415
258.48
259.11
258.75
258.36
258.34
258.85
260.925
263.22
262.15
263.26
263.045
264.425
264.555
263.925
264.46
263.52
263.025
261.085
261.035
261.44
260.345
260.84
257.79
256.98
257.02
258.335
259.605
256.115
257.54
257.755
257.95
257.695
257.875
259.03
260.96
262.04
262.19
261.89
261.695
261.99
262.12
260.7
259.71
261.275
261.11
261.945
262.275
261.855
262.555
261.755
262.81
262.705
261.975
262.695
262.74
261.45
262.395
261.21
261.22
261.27
261.75
261.915
259.36
260.76
258.815
258.66
258.565
258.17
259.895
261.325
260.215
260.475
260.465
260.595
261.165
261.975
259.73
259.07
258.68
258.825
257.675
259.275
259.47
254.77
253.3
250.615
250.665
251.38
251.2
250.56
246.4
251.125
252.465
252.175
251.73
251.125
251.92
251.36
250.195
249.635
250.25
250.31
249.875
249.845
247.475
249.17
248.855
249.645
248.91
248.475
246.93
249.4
250.94
252.525
253.12
254.2
253.74
253.155
253.025
252.95
253.75
253.79
254.39
254.31
252.89
253.175
250.93
250.23
249.9
249.85
250.405
250.66
249.55
250.095
249.745
249.46
249.805
250.125
249.985
251.44
248.355
247.53
247.925
247.435
246.835
246.085
242.125
240.365
242.24
241.62
241.37
240.385
240.905
238.165
238.41
239.9
239.135
238.78
240.435
242.34
244.45
245.19
243.935
243.415
243.1
241.085
240.85
242.095
240.055
241.29
240.89
240.905
240.965
241.21
241.08
244.535
244.775
244.27
244.07
244.145
243.53
241.86
243.54
243.01
243.47
243.845
243.24
242.445
247.515
249.175
250.855
250.88
250.835
249.585
249.69
250.92
249.525
249.87
250.51
250.03
250.86
251.36
254.775
254.95
255.8
256.715
257.705
258.285
258.345
256.915
257.855
258.985
258.575
258.465
259.035
257.965
259.665
262.27
262.935
264.13
263.7
263.31
263.135
265.455
266.19
266.14
266.065
263.465
264.325
264.84
263.125
264.085
263.855
262.225
262.755
263.53
263.755
265.815
267.875
267.675
266.795
267.21
267.225
266.88
266.35
267.39
268.365
268.775
268.09
268.265
268.715
268.04
269.565
269.085
269.8
269.8
269.645
270.15
270.71
271.26
271.975
272.115
272.15
272.915
276.105
277.84
275.03
275.4
276.45
275.425
275.715
275
276.27
281.2
280.835
280.65
281.54
282.355
282.905
283.45
284.525
283.17
284.16
284.58
285.605
283.785
282.76
285.985
285.56
286.7
286.185
286.64
287.065
286.27
289.715
292.4
291.73
291.79
292.455
287.385
291.79
291.655
292.26
292.76
292.575
291.2
290.96
293.25
292.955
293.22
292.67
293.51
294.02
293.435
284.01
285.64
289.805
286.295
287.7
287.055
287.225
286.915
288.2
288.86
288.03
287.62
286.96
286.585
289.035
288.105
282.405
283.585
284.46
284.98
285.83
285.99
282.175
282.575
283.33
283.42
283.095
283.69
281.16
281.605
279.19
278.165
278.915
278.5
279.205
282.37
286.25
286.105
286.3
286.71
287.175
288.525
289.995
287.775
288.025
287.23
286.2
288.965
288.495
290.095
289.48
288.455
288.17
288.99
289.57
289.405
291.28
290.255
293.475
293.09
293.76
293.725
293.945
295.08
296.935
296.285
296.37
296.62
296.665
295.68
295.38
295.365
297.075
296.765
296.975
297.155
298.885
300.58
301.085
301.415
301.4
300.295
300.715
300.69
301.345
301.705
301.775
301.385
301.195
301.06
301.415
306.54
306.14
309.8
309.73
310.125
310.205
310.65
317.945
316.865
316.545
316.685
315.615
315.65
317.345
300.06
312.175
310.12
311.5
310.385
307.77
307.01
309.345
308.52
312.12
313.46
313.135
311.99
312.775
312.16
313.29
311.82
310.585
309.885
308.115
309.75
309.085
307.99
308.665
308.54
308.31
308.735
307.85
308.875
311.05
310.28
309.76
310.355
310.585
310.115
306.76
308.64
309.235
309.235
308.105
308.07
307.835
307.555
306.73
306.09
306.73
306.495
306.685
306.965
307.52
304.045
304.29
302.675
303.435
304.565
305.08
304.1
304.64
302.725
303.9
303.165
302.56
302.375
303.045
304.835
302.62
304.125
303.71
303.78
303.475
307.87
308.56
307.985
308.45
309.99
309.225
309.41
310.64
310.885
309.08
309.745
310.05
308.835
312.36
315.53
316.925
318.83
318.26
318.845
318.355
317.83
317.825
318.2
318.08
317.93
318.41
317.59
317.69
317.09
319.17
318.985
319.12
319.08
318.73
319.21
320.88
320.805
319.57
318.97
318.55
317.88
316.995
317.415
315.01
317.325
317.515
317.865
318.42
318.15
315.14
317.685
316.8
318.065
316.96
317.74
316.535
315.99
314.73
312.365
306.97
309.365
308.54
309.545
309.695
308.965
307.64
308.21
309.06
308.06
307.555
305.93
304.38
301.345
302.07
302.92
302.06
301.115
301.725
302.385
303.07
302.56
302.63
302.165
298.41
304.935
308.35
308.425
309.155
308.94
308.265
308.665
307.69
306.36
306.26
306.125
306.94
307.365
306.45
306.775
308.865
308.995
307.965
308.155
309.48
310.45
311.135
309.585
308.045
308.265
308.105
306.84
307.98
312.08
314.845
314.81
314.71
314.955
315.03
315.055
313.71
317.19
316.29
316.08
316.135
313.305
313.655
313.425
313.075
314.635
316.775
313.9
313.78
312.29
311.89
312.34
311.205
312.235
315.94
316.035
316.88
317
317.15
317.165
316.66
318.13
317.27
316.75
316.575
318.065
318.395
318.805
316.755
318.055
317.28
316.745
316.55
316.69
317.49
319.565
321.975
320.005
319.92
319.945
319.925
320.695
323.275
320.815
321.64
320.97
321.215
321.95
319.88
319.39
318.555
317.91
318.095
318.04
319.59
319.745
322.365
320.97
320.465
319.835
320.35
319.605
319.54
319.98
320.065
319.86
320.105
320.525
320.425
320.39
324.18
324.025
324.585
324.48
324.165
324.225
323.25
321.045
321.91
321.54
321.39
321.84
321.185
320.14
320.145
321.48
321.43
321.255
320.205
319.385
320.06
321.385
320.81
321.705
321.795
321.59
321.29
320.945
321.17
321.27
321.025
321.35
320.96
320.72
321.31
319.22
319.89
320.11
321.71
322.815
322.475
323.04
323.85
324.245
323.875
324.015
324
323.965
324.58
324.045
325.075
325.605
325.515
325.035
325.325
324.9
323.72
324.345
323.72
323.74
323.205
323.77
323.43
322.58
322.345
322.87
324.585
325.09
325.17
326.32
325.78
325.775
325.535
325.145
325.515
325.68
326.16
326.065
325.415
325.585
325.9
325.655
325.485
324.77
324.215
323.62
323.52
323.395
323.77
324.19
323.165
322.17
321.785
322.135
321.9
321.94
322.005
325.245
329.035
329.83
329.72
329.79
329.215
328.94
332.08
330.745
329.785
328.685
329.67
330.79
330.775
330.095
331.915
332.79
333.79
334.19
333.675
334.045
334.79
334.975
334.815
334.265
334.195
334.04
333.355
334.235
335.13
333.665
333.455
333.6
333.84
335.065
338.31
339.865
339.34
341.105
341.74
341.715
342.525
343.74
342.355
342.575
341.625
340.975
340.705
341.035
342.615
342.915
343.73
343.7
343.605
343.805
343.935
344.48
345.52
346.31
346.135
345.78
345.63
345.14
345.865
345.65
346.87
347.125
347.52
347.725
347.675
327.055
336.025
336.795
339.625
342.985
341.585
341.24
347.395
340.725
343.245
342.56
342.405
341.78
338.64
336.83
331.93
331.52
332.16
331.845
334
332.95
333.415
331.92
330.82
330.245
328.045
329.375
328.29
327.165
331.11
333.985
334.765
335.41
335.655
335.94
336.125
338.175
338.41
340.01
339.495
338.525
340.345
341.835
344.99
343.825
344.79
344.79
344.505
345.155
343.62
344.555
343.795
343.915
343.965
343.61
344.12
343.82
339.845
339.17
336.43
336.52
336.485
335.53
336.95
336.245
338.175
339.805
338.745
338.415
338.285
341.645
343.69
344.305
344.995
345.11
345.18
345.375
343.95
344.69
344.08
344.31
344.37
344.475
343.71
343.84
340.15
342.475
343.23
343.1
343.13
343.795
344.12
346.17
345.515
345.155
346.14
346.03
346.445
348.235
351.605
352.85
352.52
353.07
352.34
351.32
353.405
354.795
354.74
354.985
354.915
355.08
355.045
355.285
357.17
357.78
358.43
358.695
357.18
358.025
357.295
359.33
359.89
359.58
356.92
355.35
355.16
353.785
356.375
355.915
356.34
357.16
357.155
356.96
357.23
359.1
358.755
359.05
359.035
358.66
358.865
359.91
357.96
358.905
359.055
358.475
359.34
361.39
362.85
363.42
362.59
363.005
363.26
363.135
357.955
359.18
358.35
358.925
358.535
358.315
357.715
358.79
355.325
354.19
354.57
351.64
350.16
350.195
339.825
343.965
342.505
342.16
340.18
340.595
338.695
339.945
341.565
342.34
340.97
339.925
341.865
344.015
344.765
343.64
341.515
340.175
340.595
340.72
343.945
345.045
346.345
347.385
347.48
347.6
347.215
347.795
351.935
353.96
352.725
353.095
351.715
352.765
353.135
354.615
351.475
351.895
349.67
349.73
348.55
349.42
350.71
349.645
350.935
350.52
352.675
352.04
353.13
356.725
357.165
358.57
358.79
358.435
359.035
359.105
359.83
358.285
359.5
358.41
358.33
358.625
358.455
360.815
358.505
355.25
353.045
352.13
354.275
355.16
354.67
355.285
357.14
356.7
357.055
355.675
356.365
354.13
353.035
351.135
351.87
352.255
351.715
352.22
346.945
346.025
346.385
345.98
346.475
347.22
346.62
345.325
347.965
348.805
351.61
350.98
351.68
352.2
353.4
354.76
352.47
352.37
352.635
353.605
353.555
344.57
345.155
347.36
345.93
346.515
347.045
341.165
339.8
336.45
333.9
333.465
329.655
331.88
337.115
337.465
338.465
338.44
337.3
336.13
334.77
337.38
331.195
331.52
332.38
332.82
332.21
330.695
335.325
338.45
339.105
338.995
337.695
338.98
338.505
342.32
341.895
340.995
341.055
339.93
340.11
340.985
338.94
337.02
338.15
339.25
338.315
338.14
339.62
341.725
340.935
342.61
343.295
344.04
344.035
345.1
347.685
349.92
350.93
351.225
350.99
349.915
350.33
352.665
353.45
353.43
352.75
353.545
353.305
352.33
348.38
349.265
350.13
350.025
348.475
350.04
350.435
348.305
348.41
348.785
348.67
349.025
349.205
346.79
348.65
348.12
348.39
348.9
348.35
348.39
351.35
349.645
349.145
349.1
348.67
348.445
344.725
343.65
340.175
341.685
341.25
340.32
340.28
340.955
336.27
339.485
340.035
341.43
341.205
340.6
338.18
340.845
340.785
339.675
338.335
338.845
338.275
337.445
338.04
339.025
338.13
337.87
337.67
336.775
336.845
339.9
336.79
336.655
337.245
336.915
336.17
334.775
335.48
332.585
332.13
331.36
331.215
331.74
330.55
330.285
332.58
330.875
331.175
331.815
332.525
331.565
334.52
333.69
334.165
333.935
333.185
334.06
334.92
335.105
334.545
332.81
332.915
332.89
332.72
332.965
333.115
330.52
331.56
330.67
330.365
330.185
327.96
326.87
321.18
322.44
324.105
323.675
325.46
329.445
333.085
333.28
333.33
333.42
334.125
333.97
336.565
343.04
344.915
343.995
344.56
344.715
344.78
343.24
354.835
348.92
352.135
351.85
351.73
352.29
351.485
351.38
351.785
352.175
352.23
351.825
353.255
353.22
353.47
352.265
352.53
351.98
350.765
351.045
350.43
351.16
348.115
348.12
348.93
349.915
349.675
350.885
346.725
350.555
349.635
350.865
352.415
353.175
352.935
349.325
349.095
347.335
346.57
348.27
347.3
346.015
347.365
348.225
348.85
348.02
346.645
347.055
348.37
348.24
350.315
348.57
347.93
347.995
349.81
350.47
349.185
348.755
348.67
349.435
349.59
349.435
346.34
349.765
349.09
349.535
348.995
347.6
347.305
346.705
347.52
347.16
347.485
347.85
347.8
347.95
347.715
348.625
347.68
347.4
347.305
347.125
347.06
347.84
349.4
348.675
348.995
346.825
346.525
345.835
347.42
345.64
344.75
345.65
344.82
345.79
346.37
346.38
345.78
345.045
342.925
342.82
343.22
343.12
341.05
338.625
338.545
337.925
336.78
335.415
334.905
334.41
332.855
334.52
331.79
331.95
332.855
331.87
333.905
336.64
339.12
339.795
339.495
339.745
340.46
340.28
341.505
340.67
339.86
340.675
341.01
340.86
340.79
339.675
339.35
338.09
338.48
338.555
337.895
336.525
330.13
331.94
331.495
332.955
333.2
335.085
334.93
335.155
333.395
333.795
333.305
333.21
333.795
333.445
334.385
335.345
335.315
336.25
335.96
337.085
338.01
335.885
334.865
335.165
336.04
336.025
335.925
335.855
335.105
336.18
336.92
336.805
336.59
336.18
336.125
341.625
342.75
343.14
343.29
343.77
345.07
345.99
349.105
350.1
348.96
348.09
347.645
346.75
345.9
347.03
347.275
345.415
345.6
346.23
346.64
346.64
343.055
344.685
343.75
344.57
344.175
343.86
342.935
345.66
345.4
345.275
344.075
342.545
341.285
338.87
337.985
334.94
332.95
333.39
333.75
334.695
333.19
332.42
332.14
333.24
332.915
332.875
332.22
331.435
332.765
332.11
331.68
331.875
332.18
332.195
332.945
330.06
330.22
327.32
327.575
326.855
327.49
327.145
326.6
327.42
327.125
326.195
326.665
327.865
326.845
329.58
331.655
330.965
331.39
331.66
332.87
332.425
329.44
329.385
328.65
326.65
327.175
326.6
325.585
327.23
327.86
327.38
327.035
326.44
322.38
322.86
328.25
321.71
323.115
321.975
321.4
321.34
320.625
316.855
313.65
312.85
316.465
315.58
314.785
314.89
317.335
320.7
323.44
323.56
324.55
324.725
325.02
324.755
327.77
326.38
325.555
326.04
326.285
324.57
318.94
324.275
324.245
325.295
327.965
326.43
328.4
331.13
328.845
329.215
328.43
326.82
327.55
325.36
328.16
331.465
331.07
331.82
331.875
333.69
333.32
334.065
336.025
335.975
335.14
334.56
335.165
335.19
334.945
333.865
334.18
334.1
334.03
332.31
334.02
334.69
335.195
335.725
334.83
335.55
335.36
335.41
335.72
336.95
337.965
340.755
341.005
342.625
342.285
342.89
346.865
348.745
348.135
348.82
348.285
349.535
349.515
348.305
350.865
352.595
352.435
351.475
351.94
354.37
356.04
356.345
356.35
357.655
357.805
357.84
354
358.625
357.025
357.685
358.13
357.95
358.19
356.9
357.5
355.13
355.86
354.6
353.545
353.89
353.695
352.3
354.485
354.755
355.15
356.85
355.865
358.075
358.915
359.88
359.27
359.03
358.3
357.765
360.875
360.925
359.35
358.025
357.64
358.68
358.06
361.495
359.79
360.4
360.755
361.165
360.685
362.78
366.88
368.07
368.96
368.14
368.52
371.23
373.095
377.87
377.72
375.92
374.395
375.375
376.365
376.1
394.075
386.5
388.35
387.44
388.87
389.335
387.73
386.6
388.91
387.54
386.955
387.48
387.55
388.33
388.405
389.825
390.055
390.265
391.14
394.905
393.455
390.73
393.955
397.125
399.53
398.99
399.86
398.485
400.74
401.825
403.625
403.5
403.61
403.485
403.76
401.87
392.88
397.595
395.81
395.085
394.105
393.225
392.22
393.135
396.635
395.91
395.67
393.305
392.435
387.77
389.905
393.625
391.915
392.025
392.355
391.17
395.42
395.035
394.225
394.765
393.125
396.275
396.7
396.24
395.065
395.77
393.695
391.51
390.58
390.785
386.89
389.12
388.59
390.725
390.53
392.14
389.22
388.215
385.125
386.445
385.13
384.005
379.29
380.95
376.195
372.77
370.43
377.34
374.495
371.56
363.58
360.845
362.28
362.22
363.235
357.505
358.795
361.61
367.39
368.205
368.94
367.41
365.595
366.395
369.035
366.5
365.11
368.69
367.41
374.17
366.995
370.14
369.09
370.775
371.47
373.565
374.625
374.025
377.86
377.135
377.685
378.275
377.77
377.27
376.905
379.495
384.905
381.305
381.64
382.735
383.41
382.95
381.63
381.805
382.26
380.35
377.42
378.825
380.47
382.315
383.795
382.26
380.315
379.715
379.755
379.97
371.64
367.37
368.14
369
367.86
364.54
363.845
363.485
366.615
363.785
363.635
362.38
358.475
357.97
364.58
361.125
359.075
358.275
359.74
357.57
358.005
359.59
363.605
363.995
366.43
368.155
368.43
371.215
372.675
376.04
373.095
372.045
374.195
373.695
376.755
368.37
369.945
371.79
372.295
371.91
374.145
373.885
372.31
377.91
381.075
382.315
381.945
382.075
382.145
388.235
390.43
390.075
390.41
388.825
389.45
389.975
387.325
388.34
389.7
389.875
388.515
390.285
390.49
391.345
389.635
386.99
386.745
385.38
383.99
383.28
386.36
385.45
384.79
384.685
382.69
382.065
381.47
375.035
376.725
376.905
375.82
374.575
372.825
373.28
369.08
370.07
373.81
373.71
372.665
376.73
375.365
384.99
382.38
383.82
383.13
384.105
384.82
384.475
382.8
386.615
387.13
385.76
385.835
384.705
385.07
385.045
385.81
381.89
378.99
378.205
376.08
375.24
375.275
378.915
377.52
376.19
373.86
373.305
375.335
382.445
383.46
381.675
382.265
384.13
386.02
384.89
387
387.48
389.93
389.315
389.805
390.88
391.745
390.795
391.575
392.46
392.455
392.82
392.825
392.785
395.875
398.645
398.075
399.46
399.53
399.33
399.36
396.58
397.965
405.86
408.965
408.785
410.135
412.495
415.545
419.805
420.695
421.955
420.7
421.155
411.98
419.555
418.51
418.085
418.05
419.51
420.825
416.92
401.985
407.225
405.905
404.475
402.865
401.835
399.11
402.945
404.385
406.07
404.115
404.645
405.2
405.45
400.1
393.58
398.69
398.94
396.585
396.39
399.425
407.87
405.955
406.22
404.355
405.655
405.245
401.32
399.445
401.53
400.91
400.645
400.15
398.64
399.07
401.375
392.005
394.775
394.615
392.46
389.85
388.91
386.17
386.035
387.845
387.15
386.28
385.015
383.225
380.04
378.875
381.525
378.955
377.185
376.25
375.3
375.83
373.4
377.455
379.835
373.94
365.05
362.195
365.74
367.93
370.935
369.43
375.295
379.265
378.525
374.865
382.745
382.74
382.145
374.23
376.87
374.915
374.925
375.425
370.255
370.31
370.86
370.875
373.365
379.24
383.09
383.59
384.505
384.6
385.3
384.375
392.055
399.635
399.385
400.065
398.81
399.49
399.195
407.095
406.255
408.19
406.585
406.995
405.005
403.82
404.59
406.335
406.165
406.315
405.67
405.555
407.075
416.61
416.8
415.93
416.53
417.725
419.48
420.075
420.57
424.405
425.54
420.77
419.145
419.02
419.885
420.97
418.355
418.87
419.92
419.4
421.31
423.55
401.405
402.765
407.83
405.86
402.94
400.17
398.865
399.34
397.685
396.83
395.69
396.405
395.35
395.58
397.475
398.525
397.785
395.45
391.04
391.95
392.995
396.185
402.76
405.29
404.77
404.48
405.645
404.965
405.435
401.71
401.5
401.45
400.63
398.345
399.255
401.39
397.585
395.56
396.555
396.465
398.79
400.83
408.45
403.1
402.995
405.56
406.745
406.24
406.515
403.68
404.05
404.73
403.06
404.595
404.35
404.53
402.835
406.97
407.18
405.845
406.645
407.545
404.76
398.205
397.53
396.8
395.46
397.34
398.575
397.555
399.52
396.92
397.745
397.79
396.58
396.03
397.515
398.105
396.1
399.07
399.395
401.56
400.695
403.185
401.83
400.045
399.885
400.635
401.18
401.82
400.685
397.74
398.005
396.515
396.365
397.44
398.365
400.625
401.78
405.005
404.235
404.34
405.185
406.26
406.4
396.905
397.93
399.43
398.64
398.28
395.61
395.175
396.315
384.31
385.395
382.305
385.42
384.595
384.935
385.78
382.58
382.87
387.925
384.835
383.66
383.67
384.93
381.86
381.35
379.68
380.335
379.79
379.805
381.17
384.21
383.925
386.985
387.855
388.34
388.96
389.58
387.325
388.325
387.195
388.005
388.45
386.475
383.785
383.075
382.11
378.32
377.455
377.38
377.065
378.095
377.115
378.96
377.535
377.47
376.685
375.15
369.815
367.57
367.515
366.495
367.26
368.255
370.29
371.875
374.14
372.475
373.805
375.81
376.345
376.505
374.92
368.305
368.275
368.665
369.42
368.12
368.575
368.925
367.795
366.58
365.92
372.365
373.285
374.38
374.76
375.55
376.475
374.44
375.085
377.515
374.935
372.015
371.945
373.765
375.125
379.69
380.47
380.875
379.38
379.155
379.775
379.685
382.34
385.32
384.235
386.36
386.745
388.225
388.535
389.565
392.96
392.125
390.51
391.175
390.8
390.125
393.485
395.405
394.94
394.935
395.055
393.02
391.495
393.13
392.845
391.165
389.93
390.92
391.215
391.835
390.345
387.18
388.5
389.44
389.27
387.805
388.835
393.205
393.31
393.27
393.045
392.68
392.835
393.68
393.095
391.725
392.73
392.94
393.54
393.16
393.855
380.61
382.99
382.76
380.88
381.135
380.015
380.325
382.75
383.79
383.28
383.01
383.305
382.86
380.85
387.8
390.9
393.2
393.59
394.495
394.44
394.935
396.95
395.475
393.775
392.4
393.545
394.055
396.035
396.74
398.475
397.975
398.955
398.825
398.56
398.635
399.655
399.945
400.575
401.695
402.205
401.615
401.175
