29087.369140625
29233.94140625
29295.99609375
29338.7734375
29286.80859375
29501.9765625
29372.048828125
29239.9765625
29362.41796875
29172.779296875
29115.623046875
29114.794921875
29279.533203125
29256.3359375
29327.259765625
29374.3203125
29241.91796875
29436.91796875
29420.171875
29402.03125
29404.75
29618.00390625
29755.404296875
29833.9453125
29854.34375
29756.98828125
29758.271484375
29793.97265625
30640.7265625
31252.146484375
31319.41796875
31688.02734375
32568.998046875
32926.234375
33065.24609375
33097.3125
31278.4140625
31695.7890625
32201.515625
32134.916015625
32441.119140625
32651.1796875
32741.494140625
32564.181640625
33008.38671875
33710.13671875
33851.7578125
34239.5859375
34306.8984375
34074.62890625
33766.6640625
34194.31640625
33989.640625
33813.26171875
33568.58984375
33476.12890625
32762.267578125
32925.7421875
32635.958984375
32606.33203125
33557.69921875
33384.55859375
32984.43359375
32741.787109375
32750.615234375
33040.98046875
33339.97265625
33270.9609375
33177.828125
32846.24609375
32963.48046875
31992.51953125
31963.05078125
30979.7578125
30347.6328125
30786.810546875
31271.34765625
31268.619140625
32032.314453125
31672.7109375
31399.103515625
31053.67578125
31221.052734375
31692.232421875
31301.09765625
31038.365234375
31348.953125
31963.044921875
32519.349609375
32693.884765625
32363.474609375
31515.662109375
31102.927734375
30352.734375
31220.056640625
30924.69140625
31193.69921875
31608.203125
31427.669921875
31731.76953125
31711.39453125
31719.3203125
32179.146484375
32155.052734375
32492.302734375
32789.90625
33450.54296875
33826.28125
33929.73046875
33791.26953125
34314.57421875
33987.73828125
34023.48046875
33871.859375
33944.25
34104.08203125
35483.20703125
34977.1640625
36195.04296875
36069.41796875
34626.6640625
34068.83203125
34537.55859375
35015.27734375
34914.640625
34614.23828125
34342.0859375
34659.203125
34654.484375
34971.8828125
35256.82421875
35260.77734375
35906.55078125
35935.30859375
36132.25390625
36862.67578125
37118.1171875
36970.98828125
37045.33984375
37417.4375
37553.98828125
37435.10546875
37165.0
36975.03125
37294.28515625
37483.84375
37114.20703125
37736.7578125
38064.53125
38250.125
38454.859375
38956.75
39224.12890625
39712.60546875
38454.88671875
39147.17578125
39048.640625
39601.8359375
39533.65234375
39353.19921875
39026.1875
38679.16015625
37316.6796875
38464.296875
38814.4765625
38081.625
38664.92578125
38887.74609375
38672.62109375
39334.19921875
40751.0546875
41292.92578125
41357.6484375
41414.94921875
41422.08984375
40938.625
41515.33984375
41212.390625
40322.76171875
40539.0859375
39375.72265625
39877.796875
40798.15625
40821.06640625
40316.546875
40137.0
39992.0703125
40271.0546875
40339.453125
39445.10546875
39217.5
39614.8984375
40312.11328125
40446.234375
40493.33984375
40679.46875
40892.93359375
41158.21875
41004.109375
40697.63671875
40164.8125
40562.453125
40791.4765625
40791.4921875
40681.91015625
40792.73828125
40466.4140625
40255.6171875
40743.2265625
41259.24609375
41151.53125
40555.765625
40569.36328125
40601.16015625
41112.94140625
41003.88671875
40891.953125
40928.3671875
40596.55859375
39453.65234375
39634.296875
39860.078125
39564.37890625
39818.67578125
39383.1328125
38626.96484375
38082.15234375
37507.85546875
37618.87890625
37974.16796875
38568.125
38374.15234375
37221.2109375
37245.08203125
36497.17578125
35498.76953125
35642.61328125
34823.5078125
33096.71484375
34411.98828125
35525.5
35656.30859375
35481.51171875
34282.02734375
34258.2734375
33076.265625
33360.1875
31865.638671875
31647.0703125
32705.609375
32706.79296875
32335.45703125
33185.23828125
34140.3359375
34447.36328125
35532.31640625
35079.390625
34264.7578125
34442.4375
34916.40625
35134.16015625
35808.07421875
36079.92578125
36502.51953125
35813.4609375
35934.45703125
35113.4140625
35369.98828125
35088.7265625
33540.5234375
33415.015625
33988.078125
34903.1953125
34971.41015625
35010.375
34702.08984375
34311.48046875
34828.1171875
33753.12890625
33880.953125
32643.052734375
33189.47265625
33120.4375
33776.76953125
33333.91015625
33267.578125
33982.453125
35049.21875
34674.58984375
34451.34765625
34838.14453125
34414.7890625
34338.86328125
34547.33984375
34392.12109375
34626.37890625
34734.6796875
34797.6484375
35713.1875
36068.47265625
36181.9609375
37229.671875
37268.015625
37296.24609375
37718.96484375
37471.20703125
37425.79296875
37041.80859375
37393.66796875
37555.9375
37849.02734375
38334.125
38438.61328125
38108.921875
38243.046875
38232.30859375
38266.0703125
38940.66015625
39589.1640625
39481.2890625
39366.51171875
39438.71875
39360.85546875
39818.02734375
39359.25
38767.16015625
38948.08984375
39188.53125
39376.92578125
39086.46875
39188.60546875
38632.375
38472.16796875
38010.55859375
37930.125
38300.53125
38262.26171875
38598.64453125
38456.33203125
38046.8203125
37698.078125
37565.9296875
37004.53515625
35456.484375
36114.8671875
35825.3515625
35361.71875
35329.73046875
35614.16015625
36274.4375
36756.85546875
36824.265625
37202.3203125
37079.8046875
36173.21875
36581.875
36507.40234375
35856.5625
36225.3671875
36665.265625
37300.80859375
37426.921875
37375.0
37594.08203125
37403.89453125
37199.1640625
37251.51953125
37449.86328125
37220.85546875
36944.08203125
36828.78515625
36445.26171875
36697.9609375
35839.6328125
36122.8515625
36206.7421875
36370.1875
36609.41015625
36413.0
36231.3359375
35952.140625
35612.66015625
35427.2578125
34884.41796875
34615.0234375
34177.515625
34851.34375
35315.9921875
35093.03125
35059.890625
34961.71484375
35812.57421875
35899.76953125
35805.0
35705.3671875
35650.9765625
36053.97265625
36536.5390625
36239.98046875
35774.0234375
35955.0234375
36036.17578125
35802.7734375
35154.62890625
35172.859375
35413.87109375
35192.21484375
36083.00390625
36188.078125
36460.59375
36204.578125
36417.2734375
36997.33984375
36855.59765625
36394.44921875
36396.953125
36249.36328125
35723.43359375
35787.8359375
36009.52734375
36235.78515625
36276.625
36491.9453125
36642.53125
36627.6953125
36857.63671875
36753.203125
36658.921875
36342.01953125
36314.3515625
36706.86328125
37169.21484375
37176.54296875
37134.9765625
37100.31640625
37154.734375
36829.94921875
37114.7109375
37063.984375
37292.78125
37402.27734375
37190.03515625
36571.390625
36368.99609375
36492.14453125
36536.37890625
36678.89453125
36072.6328125
36299.1875
36245.06640625
36091.421875
35230.359375
35297.93359375
35466.98828125
35270.046875
35744.1796875
35552.3984375
34779.515625
34841.8828125
34493.05078125
34646.4453125
34885.2421875
34897.3359375
34323.140625
34639.140625
34876.11328125
35104.8984375
35262.47265625
35029.30078125
34886.390625
35043.55078125
35553.55078125
35241.91796875
34752.5703125
34659.3125
34658.8125
34317.359375
34611.38671875
34718.81640625
34713.49609375
33502.09765625
32976.484375
32860.0625
32492.892578125
32585.46875
32289.05078125
31253.869140625
31445.48828125
31230.685546875
31875.29296875
31761.453125
32532.888671875
32003.353515625
31292.353515625
30860.0703125
30818.599609375
29773.25
30118.294921875
30688.7109375
30903.728515625
30927.560546875
31848.783203125
31600.2109375
30677.0859375
31534.5
31608.798828125
31345.94140625
31639.439453125
31527.47265625
32234.685546875
32484.41796875
32476.28125
32437.93359375
32322.0546875
33251.70703125
33562.921875
33560.3828125
33344.30859375
32916.75
33004.72265625
32734.513671875
32742.6640625
32344.388671875
32435.849609375
32626.97265625
33259.5
33028.1015625
32920.50390625
32841.5
32546.275390625
32394.005859375
31683.70703125
31730.947265625
31932.1796875
31814.1484375
31969.330078125
32172.490234375
32290.611328125
32202.84375
32411.166015625
32191.41015625
32358.70703125
32095.548828125
32057.5703125
31907.935546875
31987.857421875
32150.6171875
32359.33203125
32741.1484375
32871.296875
32746.537109375
32701.9296875
32656.541015625
32688.970703125
32706.912109375
32848.75390625
32447.46875
32275.150390625
32218.275390625
31984.73046875
31878.748046875
31898.6328125
31917.619140625
31346.908203125
31677.962890625
31952.583984375
32173.689453125
32293.26953125
32698.51953125
32877.6796875
32803.65625
33590.8984375
33403.75390625
33294.375
33452.265625
33293.8515625
33448.04296875
32976.59765625
33136.359375
33205.2421875
34210.79296875
34528.80078125
34488.1953125
34410.1953125
33848.671875
33798.0234375
33726.43359375
33617.9453125
33362.93359375
32664.23828125
32455.896484375
32368.115234375
32543.61328125
32751.91796875
32360.912109375
31712.638671875
32115.640625
32183.94921875
31680.228515625
31750.71875
31911.7890625
31744.533203125
32224.8046875
31839.423828125
31390.94140625
31784.578125
31371.248046875
31821.298828125
32015.203125
32201.76953125
32165.25390625
32193.9375
31981.6171875
32061.748046875
32444.7890625
32599.798828125
32174.46875
32101.083984375
32127.119140625
31866.78515625
31957.5625
31567.826171875
31742.751953125
31767.123046875
31316.923828125
31228.546875
31293.83984375
30740.390625
30893.53515625
30442.544921875
29604.783203125
30442.46875
30678.361328125
30482.201171875
29760.947265625
30778.705078125
31553.59765625
31004.458984375
30634.740234375
30438.3671875
30601.818359375
30830.609375
31090.736328125
31483.240234375
31362.55078125
31709.95703125
31602.552734375
31182.240234375
31128.55859375
31534.1328125
31649.60546875
31504.26953125
31682.65234375
31901.138671875
32049.44921875
32205.73828125
32531.09375
32457.142578125
32736.951171875
32773.8359375
32757.447265625
33336.515625
33539.12109375
33459.3515625
34315.5546875
34033.5546875
34024.515625
33951.4140625
33097.3125
33026.26953125
32479.998046875
32233.38671875
35556.86328125
36801.91015625
36658.1171875
36896.3203125
37693.21875
38372.03125
37089.23828125
37116.6796875
36120.53125
35726.34375
35138.57421875
33967.73828125
34675.3515625
34688.98828125
34450.66796875
34318.52734375
34378.20703125
34021.5390625
33901.38671875
33223.2265625
33528.046875
33587.546875
33742.65625
34060.046875
33887.34375
34263.58984375
34295.90625
33643.05078125
33786.578125
34268.6328125
34163.18359375
34243.984375
33921.01171875
34215.7265625
34296.6796875
34284.4453125
34141.1484375
34471.83203125
34541.52734375
34258.12109375
34059.9453125
34190.13671875
33792.5078125
33911.359375
34022.140625
33764.9296875
33650.0859375
33579.9453125
33533.23046875
33371.6796875
33635.60546875
33589.44921875
33977.49609375
33634.41796875
33403.99609375
32902.21484375
32976.921875
32316.802734375
32630.97265625
32832.046875
32889.90234375
32690.7109375
32952.765625
33108.296875
32551.958984375
33450.53515625
33655.015625
33562.88671875
33563.953125
33766.60546875
33456.828125
33749.0703125
34249.64453125
34341.16015625
34128.5
34312.13671875
33768.125
33716.10546875
33536.8828125
33245.20703125
33487.1171875
33919.19921875
33692.60546875
33839.5390625
33787.9140625
33658.90234375
33558.93359375
33543.859375
33743.9765625
33643.2734375
33639.2890625
33561.984375
33884.15234375
34043.08203125
34277.78515625
34299.28125
34502.7109375
35292.5078125
35088.3671875
34738.87109375
34791.5546875
34848.23828125
34808.06640625
34678.0859375
34974.21875
34829.6796875
35259.48828125
35703.765625
35700.50390625
35701.81640625
35669.875
35524.12109375
36119.48828125
35856.31640625
35900.578125
36447.67578125
36608.1640625
36452.12109375
36607.06640625
36300.875
36012.53515625
35928.28125
35937.421875
35943.3984375
36156.1484375
36523.828125
36513.40234375
36850.56640625
37097.3828125
37073.0703125
37051.88671875
36801.4921875
36975.87890625
37173.8203125
37227.5234375
37451.3671875
37818.48828125
38079.53125
37741.99609375
37435.8515625
37677.5546875
37554.84765625
38092.06640625
37838.43359375
37719.9921875
37333.17578125
37599.265625
37481.359375
37621.74609375
37612.21875
36802.75
36583.125
36873.84765625
36817.6171875
37055.12890625
37339.09765625
37397.53125
37559.54296875
37179.09765625
36924.7421875
36997.94140625
36829.55078125
36812.8359375
37264.953125
37219.5546875
37143.76953125
37374.71875
37550.6015625
37647.60546875
37393.921875
37397.63671875
37604.19140625
37887.94140625
38205.4375
38103.2421875
37950.35546875
37727.16796875
37815.89453125
37457.65234375
37585.0078125
37669.3125
37755.18359375
37785.76953125
38123.15234375
38715.06640625
38711.421875
39327.0234375
39312.34375
39166.49609375
39024.45703125
39278.67578125
39318.48828125
39414.25390625
39836.2578125
39969.93359375
40221.453125
39928.73828125
40126.8046875
40289.45703125
40787.59375
40532.78515625
40294.1328125
40326.37890625
40107.546875
39964.1875
40063.76171875
39983.33203125
39271.99609375
39510.7265625
38678.53125
38740.11328125
38779.32421875
38325.36328125
38593.2265625
38536.04296875
39008.47265625
39418.234375
39513.953125
39301.265625
39026.79296875
38789.41796875
38618.4921875
38270.609375
37878.4296875
38124.07421875
37868.87890625
38323.92578125
38175.2734375
38408.515625
38561.73828125
38762.51171875
38904.21484375
38749.5
38572.71875
38260.25390625
38080.921875
38560.70703125
38682.59375
39015.40625
39241.2578125
39132.57421875
38967.359375
39365.80859375
39385.38671875
42309.37109375
43241.97265625
43322.9921875
43800.96484375
43270.2109375
43070.484375
42652.27734375
42903.00390625
43907.265625
44541.85546875
44622.609375
46203.9296875
46601.59765625
45861.88671875
45670.11328125
46496.4140625
46588.140625
47030.0859375
47899.5859375
47573.5078125
47040.08203125
46483.0546875
45669.81640625
46370.34375
45348.328125
46219.82421875
46535.19921875
46809.77734375
46523.0234375
46416.9609375
47019.60546875
47123.75390625
47124.3046875
47191.1015625
46807.44140625
46475.58203125
46500.87890625
46294.09375
46307.203125
46162.9296875
45952.80859375
46088.6171875
46454.51171875
46626.5859375
46588.80859375
46546.3046875
46596.015625
46513.4375
45704.9921875
45631.140625
45106.74609375
44267.82421875
44779.12109375
45006.09765625
45027.7578125
45171.8984375
44650.09375
44915.26953125
45165.58203125
44926.37109375
44263.390625
44400.30859375
44692.98046875
45265.5078125
44685.25390625
44714.2109375
44575.34375
44751.96875
45007.8203125
45503.02734375
46176.109375
46068.3203125
46461.28515625
47578.03515625
47825.90625
47953.6953125
47608.06640625
47366.9453125
47613.578125
47769.58984375
47205.3125
46869.9609375
47590.03125
47884.87109375
47940.54296875
48366.2578125
47865.68359375
47579.58984375
47233.18359375
47278.96875
47356.8046875
47386.95703125
47167.14453125
47298.421875
47371.77734375
47601.05078125
47738.01171875
47936.2890625
46574.18359375
47097.93359375
47610.6796875
47752.828125
47222.89453125
47306.359375
47608.5078125
47856.30078125
47846.296875
47521.32421875
47492.01953125
47731.06640625
47896.7109375
47813.54296875
47887.71875
47909.1484375
47772.90625
47284.77734375
47477.32421875
47293.08203125
46935.1953125
46478.625
46974.16015625
46995.85546875
46981.19140625
47148.4296875
47144.0
46796.5546875
46835.22265625
46863.37109375
46924.8671875
47161.46484375
47111.03125
47111.21875
47536.03125
47417.34765625
47474.3359375
47326.6640625
47496.28125
48713.71875
48704.3515625
48682.171875
48630.85546875
49096.734375
49065.8828125
49014.44921875
49360.84765625
48755.6953125
48783.875
48391.8203125
48962.62109375
48678.5546875
48629.48828125
48703.125
48888.57421875
48854.76171875
49079.796875
48726.44140625
48821.0390625
48132.703125
47042.5859375
47101.80078125
46904.5703125
46802.671875
47028.8125
47318.06640625
47672.51953125
47537.34765625
47788.640625
47857.97265625
47957.0234375
47958.10546875
47713.44921875
47965.09375
48456.90625
48534.1796875
48450.8671875
48660.70703125
48559.5234375
48243.81640625
48159.76171875
47943.92578125
47699.51953125
48184.08203125
48448.77734375
49360.203125
49288.94140625
49083.25
48945.75
49169.04296875
49141.23828125
49223.0234375
49003.765625
48917.64453125
49596.46484375
49069.6015625
49291.86328125
49095.84765625
48463.66796875
48411.35546875
48632.73046875
48629.08203125
48731.13671875
48655.38671875
49067.66015625
49202.17578125
49277.77734375
49309.453125
49839.48046875
49638.13671875
49375.75390625
49694.7734375
50590.0
51140.01953125
50982.33203125
51554.7890625
51332.625
51345.5546875
51018.79296875
51154.6484375
51052.7421875
51164.26953125
51232.81640625
51340.859375
51408.32421875
52111.21484375
52241.78515625
52308.30078125
52132.1640625
52150.93359375
52317.45703125
52169.96484375
52305.421875
52020.7109375
52109.49609375
52166.234375
51961.6640625
51879.23828125
51784.19140625
51809.39453125
51724.20703125
51357.84765625
51453.2890625
51862.078125
52191.5546875
51590.85546875
52027.13671875
51838.83203125
51886.9375
51774.79296875
52054.9375
52034.703125
51832.00390625
51695.87109375
51620.23828125
51303.02734375
51281.69921875
51308.34375
51171.77734375
51464.109375
51672.40625
51728.8359375
52135.12109375
52751.52734375
52701.48828125
52696.7421875
52597.4765625
52764.9296875
53136.51171875
53749.109375
54259.9375
54691.15234375
55125.046875
54903.828125
55391.94921875
55489.9921875
55500.609375
55898.421875
56142.98828125
56192.8828125
56181.87890625
55804.9765625
55907.55078125
55726.02734375
55920.59765625
55471.1015625
55362.3359375
55396.15625
55909.8203125
56221.3125
57424.125
57324.84765625
56480.1875
56281.60546875
56760.15234375
57064.55859375
57147.77734375
57059.19140625
56856.75
56769.9375
55587.75
56101.3515625
55873.20703125
56276.6015625
56505.6796875
56596.421875
56704.46484375
56664.5
56525.94140625
56279.4296875
56552.12109375
56702.17578125
57598.328125
57371.3125
56990.64453125
57234.98828125
57404.328125
57367.81640625
57719.4765625
57603.47265625
58193.46875
58112.953125
57773.94921875
57375.65625
57398.78125
57544.12109375
56468.65234375
56979.86328125
56996.69140625
56069.21875
55696.1171875
55821.7890625
56170.27734375
56445.71484375
55608.21484375
54726.9921875
54883.5234375
54784.859375
53735.10546875
52387.0078125
53287.09765625
53428.45703125
53257.9765625
52321.34765625
53184.265625
53568.2109375
54044.03515625
54898.171875
54178.078125
54222.01953125
53579.62109375
52495.08984375
51101.66015625
52079.49609375
50602.93359375
50235.6015625
49710.421875
49792.9921875
47293.20703125
47919.07421875
47384.71484375
45976.53515625
49057.03125
48667.54296875
47018.2734375
48524.41015625
47433.8671875
47317.6640625
47049.390625
45977.82421875
47575.51171875
48107.328125
48569.62890625
48812.79296875
48294.0
49956.10546875
50327.703125
50936.640625
50787.36328125
50403.296875
50136.03515625
50203.78125
50694.79296875
50912.7265625
50282.40625
50384.68359375
50807.51953125
49480.3984375
49241.53125
49781.62109375
49504.33984375
49962.30859375
49661.91015625
49027.95703125
49041.08203125
48713.71875
48920.9296875
49698.51171875
50615.11328125
50536.28515625
50677.265625
50365.05078125
49825.02734375
50363.94140625
50524.1953125
50527.1640625
49811.01953125
49233.484375
49696.33203125
50354.23046875
51229.80859375
51326.83984375
50981.74609375
50832.8359375
50770.640625
49516.23046875
49537.484375
49611.5625
49136.83203125
48395.88671875
48376.51171875
47134.3203125
46453.6171875
46512.66796875
47460.296875
47427.546875
47023.765625
45770.9375
46266.1640625
44745.20703125
45724.59765625
46490.37890625
46618.4296875
46338.86328125
46818.41796875
46297.6640625
46992.13671875
47602.48046875
48015.6171875
47690.27734375
47495.3671875
46850.1953125
46565.1640625
45720.93359375
45611.703125
46332.34765625
47385.921875
47770.9765625
47356.578125
47786.65625
47802.03515625
47747.45703125
47829.9140625
47225.20703125
46596.25390625
46706.4453125
46926.69921875
47355.86328125
47413.921875
47539.375
47077.88671875
46715.15234375
46915.7734375
47071.48046875
47221.171875
47417.72265625
47123.52734375
46879.44921875
46421.41796875
46207.390625
46492.328125
46572.484375
45447.55078125
44848.46484375
44700.13671875
44913.9296875
44623.3671875
44582.82421875
44991.16015625
45275.5078125
45336.03125
45364.421875
44871.859375
44609.81640625
44515.640625
43499.8046875
43694.5
43343.45703125
43768.41796875
44530.125
44877.8671875
45305.58984375
45275.84765625
45129.33984375
46336.4375
46232.296875
46589.61328125
46472.7578125
46522.3828125
46264.21875
45939.6640625
46358.26171875
47157.58203125
47311.75390625
47631.8203125
47719.21875
47907.6953125
48002.73828125
48167.6640625
49135.55078125
49170.40625
48683.94921875
48514.52734375
48326.60546875
48423.8515625
48847.50390625
49087.39453125
49646.3671875
49446.875
49405.1484375
49333.65234375
49040.7890625
49087.7265625
48822.69140625
48693.8046875
48556.21875
48948.9765625
49110.5390625
48731.17578125
48980.109375
48849.85546875
49035.51953125
49038.28125
48638.421875
47620.546875
47940.2265625
47692.48828125
47652.05078125
47531.78125
47530.13671875
47849.4375
48378.59765625
48578.8203125
48866.484375
48694.97265625
48757.515625
49195.8671875
49139.21875
49611.61328125
49786.74609375
50924.7109375
51383.4765625
51520.0703125
51519.94921875
52417.85546875
51511.23828125
50871.0703125
50769.19921875
51195.52734375
51330.796875
51235.83984375
50836.82421875
50575.2421875
50975.59765625
50648.52734375
50551.0078125
50971.98828125
51568.92578125
51004.3359375
49616.59375
49144.71875
49661.76171875
49455.34765625
49685.2734375
50189.90625
49089.03515625
49306.52734375
49381.97265625
49366.265625
49606.48828125
49462.046875
49575.58984375
49724.41015625
48545.390625
47869.859375
48148.69140625
48244.53515625
47972.5625
48329.51171875
48564.97265625
46813.21875
46757.203125
47173.671875
47342.87890625
46952.87890625
47265.04296875
47466.94921875
47322.67578125
46755.41015625
47096.54296875
47181.37890625
47499.88671875
47701.40625
48157.45703125
48164.859375
48166.89453125
47613.9609375
48181.1796875
48477.63671875
49311.84375
49150.75
49101.9453125
49081.0859375
48935.3984375
48808.2734375
48720.2890625
48734.51953125
48710.58203125
48517.0390625
48585.1875
48941.76171875
48944.33984375
48739.80078125
48410.09375
48073.140625
48286.1015625
47599.3125
47433.4140625
47672.29296875
47555.90625
47795.78515625
48206.66796875
48549.51953125
48403.984375
48483.4609375
48591.26953125
49024.2421875
48920.77734375
49205.8515625
49207.2890625
49546.18359375
49543.99609375
49516.453125
49343.375
49516.07421875
49924.46875
50473.93359375
50937.1484375
50622.12890625
50688.55859375
50764.48828125
50805.015625
50560.9140625
50588.1875
51063.42578125
50911.37109375
50506.96875
50421.125
50074.9296875
50115.52734375
50528.50390625
51226.43359375
51526.0234375
51480.390625
50774.921875
50539.59765625
50417.08984375
50790.31640625
50393.9296875
49926.74609375
49893.4140625
49865.3359375
50139.5546875
50401.0390625
50271.10546875
50874.69921875
50770.63671875
51071.2734375
50736.40234375
50781.60546875
50793.51953125
51325.84765625
51767.09375
51866.72265625
51555.1484375
52244.08203125
51987.8515625
53607.8046875
53582.2265625
53808.2890625
53770.62109375
54174.296875
53878.0234375
53593.46484375
53988.00390625
54194.328125
54168.54296875
54248.54296875
53770.921875
54740.375
54565.08203125
54017.12890625
54158.1015625
53903.4140625
53984.49609375
54121.44140625
54372.4765625
54286.09765625
54781.22265625
54809.59765625
55555.359375
54710.76953125
53903.43359375
53429.2890625
53683.9921875
53675.890625
53863.58203125
54338.81640625
54720.734375
55183.01953125
54888.54296875
54885.2421875
55251.8046875
56157.4375
56066.13671875
56294.83984375
56925.3828125
56799.125
56722.546875
56755.58984375
56334.18359375
56808.625
56940.08984375
56003.546875
55730.390625
55797.07421875
56180.6484375
55928.04296875
55822.35546875
55368.71484375
55526.31640625
55201.5
54812.09375
54566.6640625
55533.9609375
56089.88671875
56263.41015625
56920.390625
56794.87109375
56356.6328125
56785.92578125
56919.67578125
57452.57421875
57165.43359375
57501.08984375
57665.95703125
57915.26171875
57803.1796875
57449.96484375
56917.5234375
57000.94921875
57031.1015625
56724.4609375
57187.5703125
57099.03125
56711.85546875
56798.82421875
56516.3515625
56771.0625
56505.98046875
56384.2890625
55755.37109375
56046.078125
56985.75
57390.19140625
57224.90234375
57387.42578125
57036.81640625
56777.0390625
57007.4921875
57203.3984375
57358.71875
56776.41796875
56485.96875
56568.5390625
56685.13671875
56820.7578125
56744.8359375
56970.4921875
57269.9140625
57452.6015625
57525.4921875
59382.88671875
59859.40625
59877.97265625
59964.1953125
59893.1875
59652.16796875
59842.921875
60288.35546875
60168.34765625
60752.71484375
61558.1953125
60941.859375
61054.9140625
61244.1015625
61275.765625
61108.19140625
61020.98828125
61271.08203125
61184.06640625
61050.29296875
60886.5859375
60565.66796875
60754.30859375
60948.63671875
60344.8359375
60220.28515625
60420.7734375
59853.01953125
59993.12890625
59629.24609375
59535.78125
59786.578125
60170.6953125
59921.5859375
60252.86328125
60039.7578125
60236.73046875
59348.8671875
59578.0078125
60023.28515625
60133.0859375
60360.10546875
59807.1015625
59150.91015625
58656.90234375
58026.86328125
57819.23046875
55654.59765625
56400.16796875
56275.07421875
56381.484375
56957.48828125
56556.12890625
56333.26171875
56415.94921875
55858.2421875
56233.47265625
56688.3046875
56413.72265625
56859.87109375
56185.703125
55905.28515625
54342.98046875
54570.84375
54609.43359375
54348.9140625
54527.54296875
53982.93359375
55069.1796875
55354.07421875
55953.55859375
55971.03125
55912.984375
55438.87890625
55043.96484375
55329.5546875
55617.70703125
55790.44140625
55697.74609375
55316.65625
55412.09765625
55752.23046875
56403.9296875
56444.921875
56433.3984375
56785.53125
56508.6796875
56307.14453125
55958.9609375
55730.625
55695.2265625
55952.41015625
56397.171875
55938.2578125
55878.8359375
54979.1796875
55209.2578125
55039.8984375
55420.6796875
55272.046875
54929.90234375
55051.40625
55402.8203125
55593.86328125
57588.77734375
57961.19921875
58011.9140625
58456.109375
58447.13671875
58846.3046875
59026.45703125
59073.59375
59149.28515625
58761.50390625
58834.65625
59078.53515625
59102.8984375
58408.3828125
58166.171875
58515.265625
58684.984375
58269.984375
56854.0078125
55505.06640625
57982.453125
59460.33203125
59419.15234375
59406.08984375
58486.49609375
57569.3828125
57751.68359375
58047.44140625
58002.875
57861.0078125
57080.3515625
57538.03125
57584.2421875
57958.390625
58130.8125
58419.60546875
58326.8515625
58062.19140625
58513.1875
58494.58203125
58715.1328125
58879.296875
58968.99609375
58459.34375
58789.41015625
59186.39453125
59010.23046875
59058.1640625
58956.80859375
58995.9765625
58545.48828125
58913.81640625
58712.37890625
58334.75390625
58793.62109375
59013.484375
58688.515625
58577.83984375
58501.7421875
58489.44921875
58585.08203125
58697.62890625
58953.7734375
58985.37890625
59037.97265625
59411.64453125
59387.6328125
59182.83984375
59462.59765625
59405.78515625
59314.6875
59367.08203125
59418.109375
59478.19921875
58734.46875
58962.39453125
58846.8828125
58326.890625
58535.9140625
58399.40234375
57858.59375
58078.1484375
57190.8125
57318.26953125
57292.8359375
57123.734375
57221.80859375
56096.390625
56324.30078125
56391.6484375
56311.0859375
57199.7890625
57305.8203125
57316.01953125
57416.625
57358.0234375
57528.58984375
57661.52734375
57857.5703125
58157.05859375
57786.35546875
57515.6328125
56731.73828125
56728.10546875
57042.19140625
57669.9921875
57686.91015625
57737.953125
57873.40234375
57770.34375
57450.328125
57487.78125
58130.453125
57879.04296875
57421.23828125
57128.06640625
57276.1953125
57224.34375
56858.8359375
57361.49609375
56812.55859375
56175.1171875
54991.15625
54944.15234375
54758.20703125
54536.515625
54835.3984375
55433.3359375
54897.23046875
54881.8828125
54675.7421875
53853.15234375
53476.52734375
54199.56640625
54569.234375
54790.71875
54980.54296875
54350.72265625
55246.84375
55377.59765625
55283.484375
55352.00390625
55642.57421875
55843.50390625
55712.1640625
55275.5234375
54647.4453125
54869.45703125
54722.80859375
54763.19140625
53993.53125
54689.65625
54647.57421875
54559.765625
54306.65625
54339.2734375
54916.296875
55681.28125
56413.16796875
56593.1484375
56528.95703125
56631.7421875
57018.078125
56850.10546875
56834.24609375
56363.99609375
56111.92578125
56465.26171875
55718.640625
55008.9765625
54492.0859375
53961.14453125
52945.1171875
52770.81640625
52992.22265625
52374.76171875
52486.24609375
52415.06640625
52521.23828125
52960.6953125
53168.5234375
52640.44140625
52844.2421875
53091.015625
53144.58984375
52473.0
51324.859375
51833.65234375
51383.9921875
51190.00390625
51493.26953125
51861.953125
52401.39453125
52346.57421875
52151.14453125
52585.30859375
51966.15625
51708.734375
52320.796875
52464.35546875
51955.609375
52646.8046875
52913.3828125
52983.8671875
52946.5546875
53674.3984375
53548.94140625
53535.40625
53568.1171875
52896.0
53105.015625
53385.87109375
53524.71484375
53394.08203125
53867.33203125
54041.265625
53852.4609375
53986.3984375
54220.88671875
54692.44140625
54638.42578125
55118.88671875
55001.6875
54884.72265625
54968.17578125
54966.69921875
55212.05078125
55349.56640625
55210.63671875
55100.765625
55099.32421875
55098.08203125
54911.83984375
54687.98046875
54406.4296875
54857.7265625
54831.046875
55140.03125
56204.484375
56131.703125
55941.1328125
55915.6484375
56021.87890625
56546.66015625
56469.5625
55980.90625
56177.04296875
56219.10546875
56034.20703125
56224.765625
56358.56640625
56336.1796875
56046.6171875
56345.79296875
56428.0546875
56341.734375
56346.12890625
56054.5703125
55831.29296875
55983.4140625
55998.8515625
56474.03515625
56445.99609375
56193.20703125
55588.46484375
55446.39453125
55154.4140625
55414.515625
55744.19921875
55950.74609375
55568.265625
55344.484375
55491.4453125
55593.875
55417.41015625
55294.76953125
55566.6171875
56128.546875
57031.5703125
58066.39453125
58034.9453125
57883.078125
58134.08203125
58057.984375
58158.1015625
57833.734375
57725.59765625
57947.328125
57831.74609375
57728.59765625
57302.26171875
57647.6953125
57809.94921875
57750.19921875
57669.76953125
57532.62109375
57431.9921875
57331.59765625
57821.5546875
57749.0546875
58229.83203125
58253.08984375
58057.46484375
58953.953125
58964.29296875
59319.6171875
59310.3671875
59043.6640625
59019.66015625
58800.81640625
58888.00390625
58952.890625
59027.38671875
59134.67578125
58870.0546875
58975.22265625
58899.9140625
58917.69140625
59152.80078125
59163.73828125
58978.1171875
58734.984375
58964.65625
58941.48046875
59898.37890625
58514.58984375
58199.0390625
58195.94921875
57918.5859375
58276.76953125
58373.60546875
58815.125
58903.23046875
59513.62109375
59186.00390625
59426.69921875
59526.4140625
59139.7578125
59163.44921875
59077.96875
58910.71484375
58918.83203125
59440.11328125
59430.5390625
59366.04296875
59276.859375
59081.07421875
59015.33984375
58983.21875
59124.5
59056.0390625
59093.6796875
58926.5390625
58822.3359375
58935.9140625
59231.6484375
59281.25390625
59344.75390625
59088.5234375
58770.46875
59023.63671875
59249.02734375
59199.2265625
59110.16796875
59306.3125
59095.80859375
58932.2734375
59201.09375
59811.66796875
60024.44921875
59840.22265625
59925.4609375
59891.28515625
59897.390625
59837.46484375
59968.890625
59996.85546875
59966.72265625
59855.87109375
59472.796875
59743.61328125
59806.39453125
59600.1484375
59536.48828125
59497.9453125
59244.35546875
59104.1171875
59156.50390625
59262.91015625
59384.3125
59711.40234375
59593.6171875
59689.46484375
59585.9453125
59749.9453125
59911.1796875
59848.4453125
59714.16796875
59502.09375
59695.73828125
59806.01171875
59668.19140625
59698.171875
59821.1796875
59678.1171875
59374.109375
59346.0703125
58877.69921875
58932.8046875
58943.2421875
58575.52734375
58172.37890625
58118.3984375
57603.890625
57450.18359375
57612.17578125
58032.85546875
58322.33984375
58294.09375
58181.78515625
58269.609375
58286.10546875
58195.58203125
58320.1328125
58356.09375
58157.3046875
58443.03515625
58797.11328125
58706.51171875
58423.7578125
58494.6640625
58586.83203125
58534.96484375
58411.7890625
58552.515625
58556.24609375
58583.99609375
58758.5546875
58534.4765625
58352.39453125
58302.671875
58101.33984375
58046.3984375
57842.9375
57996.38671875
57988.70703125
57920.46484375
58229.765625
58375.25390625
58389.69921875
58740.6484375
58827.03515625
59623.77734375
59710.51953125
59744.20703125
59472.37890625
58969.796875
59130.546875
58893.1875
58785.86328125
58982.51171875
59057.87890625
59405.5859375
58891.8828125
58860.28125
58727.7734375
58900.48828125
58982.21875
58963.71875
58609.46875
58657.46484375
58814.87109375
58551.14453125
58704.4375
58613.6484375
58622.6640625
58056.78515625
58082.91796875
58264.83203125
58440.73046875
58464.91796875
58414.48046875
58441.4921875
58134.5390625
58109.234375
58192.359375
57834.1015625
57686.70703125
57888.9453125
58007.7578125
57765.24609375
58411.39453125
58106.54296875
58016.12109375
57909.30859375
57617.33203125
56831.015625
56391.875
56659.14453125
56829.46484375
56755.359375
56512.4609375
56698.01171875
56216.3359375
56029.46484375
56181.94921875
56263.1171875
56350.7421875
56560.30859375
56048.9375
56538.23046875
56662.4140625
56611.95703125
56677.91015625
57045.77734375
56935.40625
57207.64453125
57177.96875
56969.65234375
56922.34375
56833.77734375
56575.71484375
57499.3828125
57480.234375
57801.0
57862.0234375
57762.3828125
57807.4765625
58084.1328125
57950.0
57739.15234375
58029.73828125
57933.6640625
58323.953125
58373.703125
58199.30859375
58067.24609375
58227.60546875
58223.6015625
58326.13671875
57973.01171875
58075.08984375
57868.19140625
57991.7578125
58639.9453125
58625.74609375
58589.86328125
58506.453125
58418.73828125
58285.98828125
58267.67578125
58497.80859375
58470.37890625
58471.8515625
58464.37890625
58467.3125
58179.30078125
58245.00390625
58212.4609375
58514.3046875
58703.16015625
59202.47265625
60922.390625
60927.1015625
60696.66796875
60588.45703125
60662.05078125
60885.33203125
60752.7109375
60575.91015625
60128.29296875
60517.37890625
60483.29296875
60360.7109375
60251.0
60156.6875
59954.02734375
59533.40234375
58630.06640625
59122.41015625
59186.12109375
59793.234375
60259.171875
60648.30859375
60681.82421875
60424.89453125
60108.34375
59855.14453125
59733.125
59678.328125
59967.578125
59651.984375
59668.3359375
59810.7578125
59710.80859375
59402.390625
59563.19921875
59787.04296875
59732.12890625
60009.9765625
60063.2890625
59850.4296875
59782.51171875
59754.32421875
60131.140625
60204.96484375
59943.1640625
59930.26171875
59727.46875
60336.75
60153.28515625
60182.0625
60836.34765625
60799.7734375
60776.1640625
60023.87890625
59895.59375
60376.67578125
60527.65234375
60473.84765625
60060.8515625
60011.59765625
60078.01171875
59873.78515625
60103.2109375
60180.375
60156.9921875
60090.8046875
60089.359375
59893.453125
60482.71484375
60639.95703125
60839.66796875
60567.59765625
60548.24609375
60655.421875
60752.79296875
61096.19921875
62692.6484375
62920.10546875
62754.67578125
62969.18359375
63004.06640625
62829.37890625
62948.2578125
63464.78125
63082.09375
63420.0
62764.98828125
63040.75
63236.43359375
63188.84765625
63328.296875
63503.45703125
63305.81640625
63539.140625
63212.0859375
63754.31640625
64234.37890625
64105.1953125
64662.734375
64455.48046875
64110.17578125
63745.15625
64181.18359375
64642.3984375
64107.0
63934.65234375
63160.828125
63200.328125
63636.90625
62808.37109375
62198.37890625
62244.95703125
62485.046875
62984.21484375
62968.20703125
63109.6953125
62979.82421875
62897.96875
62964.05078125
63205.48046875
63078.89453125
63216.4375
63033.2109375
63014.65625
62773.48046875
62767.3359375
62377.15234375
62480.01171875
62699.6640625
63033.58984375
62762.66015625
62921.16796875
62928.8828125
62730.19140625
62987.8671875
63606.07421875
63534.6796875
63525.8203125
63395.390625
63314.01171875
63433.0078125
63160.34765625
62890.6171875
63060.67578125
61900.78515625
61948.7109375
61562.84375
61626.21875
61406.11328125
60955.21875
60519.49609375
60940.94140625
60875.95703125
60692.953125
61546.32421875
61837.87890625
61805.703125
61814.125
61943.7265625
61898.65625
62058.10546875
61940.640625
61726.99609375
61572.7890625
61656.59765625
61981.89453125
62205.984375
62473.82421875
62282.4921875
62168.60546875
62075.97265625
62174.67578125
62396.23046875
61784.97265625
61473.34765625
61132.78125
61205.6796875
61159.13671875
60950.22265625
60709.015625
60944.2890625
60447.01171875
60972.38671875
61409.37109375
61390.9296875
61334.52734375
61301.578125
60683.8203125
60285.296875
60010.0
59637.8984375
55438.3359375
55850.33203125
56848.1484375
56922.49609375
57643.61328125
55048.76953125
55031.76953125
54684.0234375
53354.734375
54874.1875
55148.0546875
55114.09765625
55480.23828125
55384.26171875
55191.578125
55556.3125
55658.33203125
56213.65234375
56323.83203125
56540.1640625
56216.18359375
56835.97265625
56828.671875
56968.72265625
57081.265625
56964.703125
56550.00390625
57326.81640625
57376.20703125
56883.48046875
56762.55859375
56446.95703125
57159.55859375
56578.19921875
56743.86328125
55494.93359375
54678.66015625
54853.9296875
55414.30859375
55653.99609375
55975.6875
56158.70703125
56297.9375
56203.74609375
55724.265625
54492.19921875
54833.10546875
54238.0390625
54803.22265625
55277.890625
54926.76953125
53672.81640625
54228.4375
55167.00390625
54937.8828125
55985.48046875
56265.91796875
55842.3046875
56288.16796875
55467.84375
55368.62109375
55805.79296875
55949.62109375
56280.70703125
56590.7421875
56834.62890625
56999.10546875
56455.24609375
56473.03125
55687.48046875
56090.7734375
56188.796875
55331.6796875
55505.7265625
55332.16015625
55606.07421875
55255.265625
55489.53515625
55639.84375
54955.64453125
54650.03515625
55464.9296875
55599.0390625
56193.90234375
56135.0078125
55765.37890625
55616.09765625
55358.1328125
55593.96875
55041.8984375
54873.7265625
54066.46484375
53906.08984375
54090.8046875
54098.78125
53836.8828125
53523.89453125
54247.859375
54551.32421875
54505.4453125
54256.86328125
53493.97265625
54316.19140625
53942.23046875
54880.9140625
55064.703125
54473.83984375
54755.45703125
54621.79296875
54921.1953125
53506.73046875
53476.6484375
53056.09765625
51881.7578125
51717.203125
51693.52734375
51762.2734375
51402.73046875
51085.359375
50001.2265625
50303.8125
49109.1875
49564.06640625
49154.36328125
48012.41015625
48758.1328125
48217.890625
49420.90625
50077.1171875
49307.83203125
49130.38671875
49743.7578125
49882.7578125
49785.6328125
49963.48046875
50650.62890625
50883.0703125
50541.953125
50403.453125
50444.98046875
51093.65234375
49930.14453125
49816.46484375
50101.9296875
50109.94140625
50491.83203125
50489.3359375
50246.16015625
49872.0390625
49823.390625
49562.6953125
49157.80078125
49060.3828125
49641.11328125
49655.5546875
49403.5859375
50236.70703125
49935.45703125
50133.8125
50610.6875
50710.75
50920.38671875
50869.50390625
50455.91015625
50050.8671875
49821.62109375
50201.6328125
50319.71484375
49693.91796875
49750.625
49909.8515625
49577.84375
49776.41015625
50102.796875
49508.69140625
49359.71484375
49630.22265625
49924.828125
49920.7734375
50307.41796875
50249.21484375
50354.578125
49939.8359375
49700.1484375
49392.84765625
48080.53515625
47499.30859375
48597.54296875
49004.25390625
50762.8828125
51917.94140625
51936.26171875
52340.4765625
52314.9375
52535.83203125
52842.53125
52861.2109375
52680.234375
53342.4921875
53206.62109375
53622.00390625
53525.41796875
53668.515625
53550.73046875
53550.96875
53335.44140625
54071.9609375
54243.41796875
53990.28125
53235.5859375
53323.9765625
53633.5078125
54021.75390625
53689.578125
53767.421875
53818.39453125
53500.2734375
53450.21875
53951.9296875
54699.3359375
54497.24609375
54469.76953125
54489.48828125
54711.5
55114.99609375
54826.5234375
54684.79296875
54914.87109375
55028.078125
54689.9453125
54875.5
54947.33984375
54779.9140625
55018.48046875
55308.12109375
55006.078125
55033.1171875
55403.8046875
55491.18359375
55306.80078125
54831.46875
54889.1015625
54642.8671875
54154.7578125
54257.4609375
54152.98828125
54276.54296875
54394.97265625
54862.27734375
55198.015625
54807.328125
54522.1484375
54347.97265625
54708.3203125
54833.05078125
54851.80859375
55342.95703125
54430.875
54800.76953125
54363.23046875
54824.703125
54738.86328125
54606.76171875
54609.1171875
54270.640625
53618.8515625
53933.171875
54392.6640625
54416.6953125
53968.0078125
54579.23828125
54474.55078125
54386.578125
54342.11328125
53698.109375
53620.55078125
53752.0234375
53017.0234375
52865.00390625
52928.484375
52931.19140625
53017.375
53355.1328125
53388.55859375
53555.109375
53363.3203125
53404.35546875
53554.16796875
53683.8359375
54114.515625
54309.98046875
54428.40234375
54357.19921875
54534.72265625
54427.48046875
54147.25390625
54183.5
54676.69140625
55858.15234375
56039.7421875
57146.25390625
56726.16796875
56564.92578125
56874.72265625
56986.25390625
56746.88671875
57015.5
57101.8515625
57750.17578125
57809.83203125
58374.46875
58087.58984375
58185.21875
58065.18359375
58147.52734375
57961.5
57748.34375
57532.28515625
57514.91015625
57422.4453125
57816.859375
57760.390625
57652.16015625
57435.98828125
57362.94140625
57501.19921875
57604.4140625
57610.58203125
57779.5234375
57708.56640625
57433.984375
57690.203125
57828.05078125
57476.96875
57467.33203125
57668.859375
56547.36328125
56934.65234375
56974.77734375
56955.7734375
56691.21875
56573.71484375
56381.359375
56875.03515625
56994.32421875
56897.5703125
56696.6328125
56899.62109375
56632.6015625
56584.28125
56832.546875
56854.8515625
56905.265625
56999.96875
56700.07421875
56424.7890625
56631.078125
57442.765625
58062.875
58089.015625
57971.38671875
57811.13671875
57987.9765625
57939.58203125
58812.4140625
58797.19140625
58409.2421875
58501.72265625
58719.1015625
58587.22265625
57719.5390625
57896.37890625
57677.5390625
57761.1484375
57991.953125
57833.81640625
57514.40625
56838.55078125
57146.28515625
57319.17578125
57200.29296875
55132.1796875
55774.125
55830.9453125
55469.94921875
55886.49609375
56053.0234375
56071.1796875
55975.18359375
55792.23046875
56152.4296875
56378.4765625
56210.3125
55994.4921875
55444.75390625
54927.1328125
54017.33984375
53857.92578125
54155.79296875
54604.48828125
54578.30078125
54778.4296875
54374.84765625
53333.5390625
54657.51953125
54840.41015625
55054.48046875
54843.36328125
54583.3984375
54640.171875
54402.046875
54903.99609375
55422.3984375
55370.15625
55686.44921875
55167.625
55612.1171875
56192.04296875
56974.95703125
57578.47265625
57396.375
57321.0859375
57343.6796875
57083.1484375
56893.73828125
56805.1953125
57424.0078125
56955.8046875
56818.2890625
57048.32421875
56850.8671875
56901.01171875
57200.7578125
56602.79296875
56809.26171875
56995.2421875
57293.08984375
58037.484375
57954.34765625
57631.43359375
57209.48046875
57238.71484375
57093.26171875
56830.66796875
56897.38671875
55840.65625
56165.22265625
55954.7734375
56339.01171875
56493.44140625
56396.515625
56549.140625
56278.640625
55846.203125
55773.75
55858.5234375
55884.43359375
56157.30078125
55812.73046875
56136.54296875
56257.0546875
56500.4140625
56533.97265625
57509.1015625
57191.77734375
57281.02734375
57456.26171875
58224.9453125
58081.171875
57913.84765625
57600.80859375
57593.87890625
57317.36328125
57062.40625
57356.40234375
57669.82421875
57614.58203125
58226.484375
58155.45703125
58080.8046875
57941.140625
57791.80078125
58477.3125
58862.9765625
58824.4609375
58560.484375
58570.78515625
58777.296875
58893.5078125
58980.9375
57693.9296875
58365.7421875
58890.37890625
59113.97265625
59054.00390625
58933.40625
58827.28125
58662.0234375
58803.77734375
58599.67578125
59128.09375
58651.8359375
58640.484375
58158.8671875
58490.2578125
58437.41796875
58046.46484375
58248.41796875
57981.58203125
58011.265625
57991.8515625
56514.98828125
57275.64453125
57202.94140625
57448.765625
57662.03125
57485.0234375
57522.64453125
57307.1484375
57890.0703125
58051.765625
57952.46875
58232.31640625
58872.5625
58776.22265625
58962.2890625
59421.7109375
59221.87109375
59019.82421875
58820.046875
58492.80078125
58392.5390625
57996.8046875
57836.3671875
58059.85546875
57804.8828125
57711.21484375
57205.8046875
58129.22265625
57701.125
57061.60546875
56618.28515625
55767.78125
55236.046875
55711.38671875
56191.64453125
55859.796875
55551.3515625
55522.97265625
54608.65234375
55165.74609375
55359.86328125
54902.37890625
55746.0078125
55783.78515625
55317.7265625
55910.1953125
55873.7578125
55196.578125
55327.20703125
55691.08203125
55738.203125
56107.35546875
56033.97265625
56465.3125
56441.91015625
56607.4453125
56872.54296875
56528.90234375
56433.75
56704.57421875
57275.890625
57064.2109375
57159.54296875
57713.9765625
57372.9609375
57290.1875
56982.23828125
57120.01171875
56899.6953125
56891.2578125
56057.69140625
56487.84765625
56303.59375
56735.234375
56134.35546875
55544.6953125
54905.1171875
54879.421875
54239.671875
54531.18359375
54424.7890625
54501.60546875
52902.8203125
49150.53515625
49677.45703125
50380.7109375
50245.6484375
50161.60546875
50456.23046875
50875.41796875
51270.46875
50888.26953125
50063.421875
49070.46875
49001.54296875
49756.453125
50226.69140625
50546.1640625
50330.015625
49646.4609375
48638.12890625
48475.6328125
48035.94140625
48648.45703125
49239.95703125
49540.84375
49071.99609375
49716.19140625
50027.23046875
50049.61328125
49530.734375
49089.1875
49134.6953125
49657.00390625
49127.30859375
50004.2734375
50342.375
50497.8125
50743.02734375
50523.61328125
50337.34375
50917.00390625
50899.12890625
51222.19921875
50848.56640625
50606.6640625
50421.10546875
50154.1015625
49358.61328125
49831.21875
49846.58984375
49880.53515625
49403.3125
50605.70703125
50054.6171875
49659.47265625
49225.140625
49695.96484375
48951.25390625
48583.078125
48880.3359375
48744.4921875
48471.05078125
48979.7421875
49196.59375
48992.6328125
49411.80078125
49040.90234375
47929.41015625
47839.34375
48001.01953125
47799.10546875
48239.4765625
48453.83984375
48020.66796875
46760.1875
47301.140625
48063.36328125
48222.3515625
48282.96484375
48143.6875
48244.2890625
49033.1796875
49200.48828125
48945.91015625
49281.19921875
49583.328125
49033.796875
48641.46875
48979.91015625
48366.2578125
47777.92578125
47368.90625
47247.98828125
45625.43359375
45470.3125
44168.1640625
45103.27734375
45595.359375
46456.05859375
45577.96875
44741.72265625
44514.81640625
43145.7578125
43589.7421875
43305.45703125
44295.6171875
45200.20703125
45306.03515625
45361.58984375
44521.94140625
45740.890625
45025.9140625
45068.34765625
44455.359375
43267.69921875
42690.19921875
42767.125
43420.99609375
44250.66015625
44779.73828125
43652.8828125
42907.921875
43537.51171875
44327.671875
45007.71484375
45023.7578125
44738.5390625
45299.50390625
45405.08984375
45006.02734375
45222.203125
45116.1796875
45073.44140625
45378.05859375
45440.2109375
44030.40234375
43829.484375
43310.23046875
43076.44140625
43686.390625
43446.375
42893.9375
43304.98046875
43308.0390625
42982.5859375
42861.234375
42909.40234375
42703.09765625
40890.546875
40553.0234375
40607.796875
39194.125
39380.44140625
39245.9296875
40359.40625
40499.3515625
40425.08984375
39415.26171875
38617.3515625
34356.25
35916.109375
37148.30078125
37491.14453125
39485.60546875
39651.93359375
38145.59375
39413.78125
38402.41796875
38754.5703125
39317.09765625
37002.44140625
35662.51953125
37118.015625
38255.17578125
38284.78515625
39543.04296875
39901.2109375
39940.41015625
40007.6875
39801.68359375
39970.625
40388.9765625
40387.05078125
41845.47265625
41840.8671875
41596.73046875
41538.04296875
39456.515625
39801.93359375
39879.49609375
40380.37890625
40046.56640625
40696.71875
41314.48046875
40782.73828125
41816.22265625
41542.6484375
41361.09765625
40802.1953125
40034.4453125
39918.4453125
40600.34375
39800.53515625
40078.453125
40919.4921875
40791.6875
41033.140625
40711.10546875
41234.66796875
37905.328125
36904.83984375
37271.83984375
37392.75
37251.4140625
36263.2265625
35280.14453125
36494.15234375
36644.5703125
37304.69140625
37769.23828125
37697.0
37458.6171875
37003.01953125
36342.0
36394.80859375
36390.578125
36273.265625
36918.734375
37081.8515625
38411.359375
38226.39453125
38162.90625
38473.23828125
37838.2421875
38257.3984375
38337.5
38049.76171875
37712.59765625
37335.7265625
38085.3671875
38196.4140625
37674.9453125
37536.6328125
38265.75390625
38020.02734375
37513.65625
37519.9375
37247.25
37055.03125
36623.9140625
35883.40625
34102.1953125
34246.203125
35113.01953125
35513.6171875
33967.73828125
33750.39453125
34076.08203125
33356.7109375
32449.205078125
32830.62890625
32704.177734375
33139.26953125
33659.05078125
34091.59765625
33877.59765625
34770.58203125
35195.0078125
35222.7421875
35293.30859375
35300.31640625
35010.8359375
35340.89453125
35828.76171875
36736.5
36745.86328125
36364.53515625
36452.21484375
37652.234375
38350.6953125
37625.0390625
37666.015625
37637.203125
37360.171875
37653.66796875
37988.9609375
39590.65625
38975.234375
38665.00390625
38498.4453125
38705.98046875
39458.234375
38903.625
38126.94921875
38382.87890625
38430.140625
38379.16796875
39043.8984375
39014.66796875
38194.78125
37988.15234375
37222.671875
36613.2890625
37086.8828125
37546.07421875
37684.203125
38166.078125
37939.1328125
37906.62890625
37969.44921875
37282.328125
37687.39453125
38031.34375
38473.1953125
38402.22265625
38155.6953125
38713.5234375
39253.23046875
39601.1484375
39487.4453125
39281.08203125
40577.09375
40527.03125
40218.703125
40322.30859375
39658.79296875
39933.18359375
40166.734375
38974.77734375
39242.46484375
38743.28515625
38636.30078125
38899.59765625
38680.4375
38555.3359375
38756.18359375
39088.6015625
38916.47265625
39294.19921875
38730.640625
37652.078125
37855.45703125
37629.34375
37772.96484375
38195.29296875
38318.78125
38298.98046875
38846.92578125
39304.60546875
39278.46484375
39776.09375
39427.84765625
39903.91015625
40115.97265625
39742.80078125
38885.69921875
39148.90234375
39116.8046875
38840.61328125
38510.83203125
39052.30078125
38514.82421875
38433.30078125
38093.01953125
38087.1484375
38322.296875
38245.4453125
37432.0
37037.54296875
36882.27734375
36932.296875
35900.69140625
35989.83203125
35988.48828125
35445.18359375
36727.60546875
37039.296875
36646.5546875
36776.640625
35893.14453125
35953.7890625
36273.171875
35855.21875
35270.515625
35071.61328125
35090.43359375
35697.60546875
36246.6484375
36333.9375
36306.40234375
36455.359375
35759.23046875
36843.1484375
36543.24609375
36224.48046875
35826.84765625
35422.921875
35284.0078125
35437.9140625
34754.91015625
34890.484375
34588.875
34280.3046875
34783.03515625
33894.12890625
34018.50390625
34102.44921875
34153.09375
34643.4140625
34362.11328125
34616.06640625
33830.96484375
33943.1796875
34533.9296875
34785.37890625
34756.3984375
35349.08984375
35793.71484375
36006.87109375
35670.234375
35935.79296875
35769.36328125
36278.97265625
35502.20703125
35700.24609375
35347.59375
35504.1796875
35706.03125
35841.22265625
36132.8125
36122.20703125
36098.13671875
36001.2890625
35787.203125
35678.12890625
35391.1875
34885.671875
34822.59375
34540.63671875
34415.203125
34478.2265625
35056.390625
35837.23046875
36195.515625
36037.328125
36924.15234375
36944.734375
36790.4375
36804.54296875
36636.65625
36989.5703125
37136.875
36977.94140625
36740.5234375
36867.94140625
36658.60546875
36899.73046875
36963.60546875
37332.85546875
37830.6796875
37276.82421875
36839.06640625
36744.60546875
36820.1328125
37325.06640625
36973.16015625
36837.9140625
36201.65234375
36270.8515625
36436.01171875
36625.72265625
36168.65234375
36993.4453125
36603.70703125
36254.52734375
35914.05859375
36184.16796875
36277.8515625
35972.5703125
36239.33984375
36412.765625
36421.359375
36684.92578125
36195.3046875
36278.83203125
36300.53515625
36480.5234375
36675.28125
36841.30078125
36763.6484375
37213.37109375
37389.75390625
37324.6015625
37165.17578125
37184.98046875
37309.1328125
37569.125
37878.37109375
38056.82421875
37887.3125
38044.12890625
37987.796875
37899.21484375
37767.74609375
37783.7890625
37566.140625
37575.1796875
37457.828125
37346.62890625
37408.109375
37676.16015625
37995.6484375
38857.125
38935.5625
38657.91015625
38823.0703125
39167.9921875
39320.3828125
38777.44140625
39028.30078125
38493.08203125
38613.68359375
38588.15234375
38861.8671875
38832.6484375
38571.58203125
38578.94921875
38717.25
38786.8828125
38907.34765625
39208.765625
38684.76953125
37837.1484375
37807.8125
37953.734375
37707.51953125
36776.75
36779.71875
36595.66015625
36736.9140625
36824.2578125
36678.4765625
36569.046875
36894.6015625
36788.140625
36735.0546875
37000.984375
36941.8203125
37142.44140625
37179.08203125
36875.07421875
37052.77734375
37207.2265625
37164.27734375
36894.40625
37730.40234375
37699.2421875
37712.8671875
37433.546875
37689.35546875
37632.07421875
37736.98828125
37617.30859375
37812.58203125
36441.75
36453.671875
35996.41015625
36068.63671875
35750.453125
35694.50390625
36287.27734375
36052.9453125
36022.18359375
36098.6640625
35798.7109375
35844.91015625
35021.42578125
35097.87890625
35551.95703125
35560.6484375
36068.75
36163.55859375
36006.21484375
36119.2734375
36207.98828125
35866.18359375
36182.0703125
36345.5078125
36199.41015625
36038.9765625
35896.00390625
35874.71875
35662.765625
36124.1015625
36187.359375
36268.87109375
36030.01171875
35883.3984375
35759.3046875
35954.5390625
35977.2734375
35581.5625
35862.37890625
36340.77734375
36717.09765625
36663.01171875
36431.04296875
36265.05078125
36316.08984375
36092.1875
36177.49609375
36145.30859375
36339.15625
36551.31640625
36402.44140625
36647.9296875
36330.66015625
36076.51171875
36050.70703125
35819.12109375
35753.48828125
35550.58984375
35678.81640625
34518.33203125
34144.953125
34193.25390625
33560.70703125
33641.51953125
33778.265625
32774.86328125
32847.19921875
32903.35546875
32917.3359375
32637.2265625
32961.03125
33046.2109375
32853.68359375
32833.82421875
33139.62109375
32926.69140625
32567.486328125
31828.5078125
31748.591796875
32180.09375
32172.044921875
32722.2734375
32950.4453125
33645.51171875
33571.15625
33495.3828125
33472.6328125
32922.37109375
32560.2109375
32901.76953125
32937.16796875
32975.21484375
33514.44140625
34264.3984375
34207.12109375
33985.3828125
34059.90625
34471.58203125
35023.9765625
34956.70703125
34918.4765625
34715.72265625
36424.05859375
36558.78515625
36576.484375
35999.75
36255.33203125
36413.52734375
36663.58984375
37156.4375
37345.12109375
37030.421875
36976.71484375
37088.93359375
37013.05078125
36821.10546875
36862.921875
36755.38671875
36953.421875
36417.76953125
37443.765625
37893.46875
37896.19140625
37806.5703125
37836.14453125
37020.796875
36909.19140625
36834.59375
36549.3125
36725.62890625
36709.66015625
36422.34765625
36630.11328125
36867.36328125
36702.59765625
36562.515625
36321.02734375
36363.7578125
36773.9609375
37030.78515625
37069.0390625
36509.59375
37154.5703125
37017.6015625
37076.46484375
37476.3203125
37395.7890625
37341.1484375
37449.65234375
37277.765625
36878.19140625
36694.08984375
36927.4453125
37149.3046875
37295.4140625
37190.78125
36950.109375
37369.87109375
37334.3984375
37021.8828125
36326.33203125
35542.1796875
35618.078125
35207.3828125
35172.45703125
35322.16796875
35317.98046875
35251.01171875
35273.76953125
35719.2109375
35605.5859375
36022.3984375
36012.09375
35690.91015625
35447.953125
35512.75390625
35752.26171875
35938.2578125
35753.58203125
36018.75
35859.9140625
35765.43359375
35552.515625
35766.4296875
35861.65234375
35488.94921875
34913.77734375
35198.67578125
34964.0625
35348.828125
35309.265625
35569.96484375
35850.91015625
36002.88671875
35897.203125
35905.94921875
35885.1640625
35825.9765625
36082.74609375
37035.09765625
37339.75390625
37527.421875
37661.23828125
39322.78125
38933.421875
38862.921875
39093.31640625
39104.9609375
39150.6015625
38953.26953125
38972.8671875
39237.88671875
39429.87890625
39610.9140625
39535.1953125
39634.35546875
39160.68359375
39359.3828125
39189.24609375
39554.84375
40482.01953125
40618.92578125
40704.9921875
40121.4453125
40233.03125
39765.375
39712.09765625
39806.07421875
40286.26953125
40180.140625
40536.0703125
40408.0703125
39923.04296875
40237.0
40369.46875
40540.73046875
40369.58203125
40310.1640625
40353.9765625
39830.19140625
40101.69921875
39927.50390625
39859.8203125
40341.125
40339.28125
40026.0234375
40079.3515625
40230.5078125
40671.7734375
40594.546875
39958.1015625
39918.39453125
39957.7109375
40131.04296875
40155.296875
39951.1015625
40067.3359375
40082.01171875
40075.69921875
40339.2734375
40292.63671875
40405.4296875
40123.01953125
40048.82421875
39926.234375
39757.62890625
39146.51171875
39065.5546875
39225.6015625
38861.734375
38769.8125
38658.47265625
39145.91796875
38738.14453125
38699.9609375
38566.52734375
38768.8046875
38608.3984375
38347.0625
38596.546875
38643.62109375
38760.34375
38856.5
38830.2578125
38752.94921875
39239.8671875
39252.5
39272.66015625
39473.44921875
39254.296875
39209.2109375
38765.6953125
38726.30859375
38908.93359375
39011.796875
38486.45703125
37665.796875
37782.828125
37745.7734375
37771.5
37761.81640625
37879.29296875
38053.50390625
37653.19921875
37692.87890625
37809.19140625
37953.74609375
37977.03515625
37642.35546875
37489.02734375
37721.0078125
37882.37890625
37548.26953125
37836.125
37845.1484375
37420.50390625
37228.5
36606.578125
36424.44140625
36635.24609375
36292.203125
35270.4609375
35443.81640625
35516.40625
35674.3828125
35644.08984375
35787.24609375
35749.84765625
36200.9296875
35553.5
35136.79296875
35119.01953125
35434.5546875
35808.53515625
35799.6953125
35881.34765625
35703.78515625
35795.0390625
36004.5703125
35799.8984375
35806.71484375
36231.4140625
36186.22265625
35961.39453125
35805.98046875
35557.421875
35920.36328125
36210.2421875
35923.09375
35632.33984375
35615.87109375
35412.7890625
35680.6953125
35642.34375
35565.1171875
35872.546875
35780.83984375
35540.1796875
35691.9140625
35355.8359375
35003.8359375
34105.609375
33968.125
33905.86328125
33935.61328125
34257.43359375
34506.51953125
34623.72265625
34651.82421875
34938.0
35444.16015625
35856.45703125
35597.1171875
35712.26953125
35698.296875
35577.609375
35286.19140625
35158.5703125
34702.82421875
34241.37890625
34460.88671875
32808.76953125
33040.87890625
32959.73046875
33228.76953125
32444.9140625
32521.85546875
32267.3515625
33126.84765625
32944.42578125
32741.384765625
32179.025390625
32299.42578125
32798.13671875
32608.525390625
32635.685546875
31623.189453125
31391.447265625
31676.693359375
31827.4296875
32620.681640625
32861.0546875
33011.1015625
32954.01953125
32605.310546875
32751.716796875
32598.14453125
31696.283203125
31518.935546875
31788.71875
31411.98828125
30089.87890625
29337.8203125
30747.037109375
31708.134765625
32540.9296875
32805.79296875
32962.16796875
32587.841796875
32883.09375
32457.349609375
32476.63671875
32505.66015625
33589.69921875
34015.3203125
33863.2734375
33904.91796875
34019.86328125
34357.5390625
33899.66015625
33995.09375
33968.77734375
34016.27734375
34108.84765625
34211.515625
33552.18359375
33723.02734375
33617.21484375
33325.16015625
32936.3359375
33055.9375
33356.98046875
33429.62109375
33653.671875
33206.09765625
32623.45703125
32585.66015625
32670.15625
32596.203125
32988.11328125
33056.08984375
32880.609375
33375.27734375
33321.57421875
33267.60546875
33747.65625
34008.4375
33979.6484375
34006.60546875
33959.88671875
34512.7734375
34926.2890625
34879.64453125
34792.66796875
34861.9609375
34828.93359375
34779.7734375
34662.4375
34635.76953125
34745.16796875
35135.94921875
35098.15234375
34747.1484375
34496.61328125
34469.1171875
34276.53125
34272.4140625
33786.80859375
33734.74609375
33316.9765625
33124.484375
32929.6953125
32836.65234375
32570.07421875
31963.8203125
31715.8046875
32063.091796875
32306.98828125
32216.890625
31743.080078125
31424.365234375
31637.779296875
31972.806640625
31975.765625
31951.056640625
31982.248046875
32301.115234375
32210.869140625
31723.630859375
30748.138671875
30371.81640625
31050.328125
31141.708984375
31805.408203125
31405.111328125
30930.4921875
31303.609375
31549.58203125
31313.443359375
31716.099609375
31552.681640625
31541.271484375
31338.017578125
31429.70703125
31805.90625
32186.27734375
32448.498046875
32870.8359375
33175.5
33153.06640625
33171.12109375
32948.40234375
33116.0625
33397.41796875
33123.2265625
32676.83203125
32827.390625
33301.91015625
33347.01953125
33166.25
33222.3515625
33230.359375
33024.42578125
33070.76171875
32761.84765625
32857.5546875
32652.130859375
32807.75
34522.63671875
34649.64453125
34579.5390625
34362.390625
34384.18359375
34408.3359375
34355.01171875
34516.65234375
34544.91015625
35024.18359375
34904.453125
34433.6875
34199.66015625
34046.578125
34441.53515625
34285.2421875
34329.93359375
34935.2265625
34641.875
34214.703125
34176.79296875
34455.265625
34713.5546875
34745.30859375
34404.04296875
34434.3359375
34916.3984375
34627.6015625
34313.66015625
34596.484375
34900.5390625
34693.41015625
35295.1875
34920.04296875
35093.78125
35282.765625
35656.8828125
35616.28515625
35826.6328125
36351.01953125
36279.2265625
36232.71484375
36358.01171875
36393.375
36265.671875
36398.00390625
36167.8515625
36260.84375
36017.546875
35867.77734375
35890.75390625
35811.41015625
35776.82421875
35058.7734375
34774.82421875
34820.9296875
35034.25390625
35237.18359375
34654.984375
34584.1953125
34776.20703125
34920.375
34693.3203125
34718.6953125
34637.1953125
34173.2421875
34165.9609375
34718.9921875
34833.29296875
34752.109375
34596.32421875
34803.96484375
34815.74609375
35040.8359375
34749.640625
34952.3671875
34334.4375
34197.546875
34331.56640625
34345.35546875
33579.12109375
33434.06640625
33482.875
33275.140625
33233.04296875
33682.78515625
33695.3671875
33508.32421875
33180.296875
33468.81640625
33185.84375
33498.44140625
33397.61328125
33115.49609375
33422.6328125
33490.2421875
33568.7109375
33572.1171875
33763.84375
33276.15625
33248.2734375
32898.64453125
33158.8984375
32868.91796875
32980.92578125
33373.56640625
33384.7109375
32986.23828125
33022.17578125
33048.57421875
33207.6640625
33469.34765625
33552.58203125
33656.76953125
33626.14453125
33515.296875
33375.6015625
33332.328125
33204.59765625
33517.3828125
33680.75
33897.046875
33504.9765625
33698.890625
33528.00390625
33502.6796875
33682.11328125
33732.08984375
33702.63671875
34496.328125
34541.53125
34642.4609375
34616.90234375
34609.06640625
34560.03125
34684.7421875
34695.96484375
34643.2421875
34553.89453125
34793.3203125
34691.0
34758.52734375
34715.46875
34604.47265625
34559.6015625
34668.546875
34510.19140625
34455.8828125
34590.26171875
34657.06640625
34774.55078125
35210.6640625
35402.55078125
35606.65234375
35533.34765625
35485.48828125
35557.703125
35500.85546875
35250.58203125
35347.609375
35457.90234375
35495.1328125
35422.8203125
35528.1953125
35485.453125
35577.26171875
35538.5703125
35907.09375
35333.4453125
35287.78125
34860.51171875
34569.19921875
34420.03515625
34386.8984375
34181.2578125
34333.5703125
34304.19921875
34280.1015625
34276.75390625
34323.89453125
34466.98828125
33461.19921875
33493.015625
33658.3359375
33742.69140625
33646.19140625
33679.77734375
33726.3359375
34023.9140625
34129.8359375
33858.30078125
34174.5703125
34012.18359375
33746.00390625
34066.90234375
33813.8125
33951.67578125
33949.05078125
34640.83984375
34779.4296875
34693.5625
34896.19140625
35038.53515625
34249.15234375
33919.34375
34130.25
34384.59375
34166.6953125
34128.46875
34061.3203125
33930.5
33932.23046875
33826.4765625
33995.53125
33937.21484375
33747.8046875
34068.84375
34235.1953125
34143.87890625
34207.515625
34205.41015625
34455.44140625
34725.046875
34809.23828125
34718.2734375
34664.96484375
34801.609375
34710.9921875
34634.0
34818.45703125
34839.22265625
34838.5078125
34619.42578125
34515.87890625
34555.23046875
34647.48046875
34705.43359375
34606.72265625
34540.93359375
34241.81640625
34142.4609375
33855.328125
33293.578125
33378.9296875
33415.6796875
33355.84765625
33347.4453125
33163.296875
33127.95703125
32467.3359375
32520.484375
32580.9609375
32495.02734375
32686.404296875
32593.599609375
32501.23046875
32753.26953125
32893.85546875
32900.90234375
32858.7421875
32856.0234375
33013.8125
32788.8359375
32707.44140625
32595.39453125
32877.37109375
32396.59765625
32640.990234375
32959.02734375
32982.265625
33059.828125
33008.9140625
32884.83984375
32843.01171875
32830.24609375
32916.05078125
32871.640625
32782.59765625
32974.0859375
33402.234375
33542.23046875
33624.23828125
33517.359375
33466.1875
33361.6640625
33441.9765625
33510.234375
33882.01953125
33979.19140625
33798.01171875
34076.27734375
33796.12890625
33729.46484375
33784.08203125
33649.51953125
33661.2421875
33775.49609375
33763.92578125
33787.43359375
33751.10546875
33651.62890625
33805.921875
33856.86328125
33697.7890625
33834.24609375
33890.203125
34027.94921875
33432.78515625
33454.234375
33463.19140625
33336.88671875
33426.70703125
33671.66015625
33520.51953125
33746.546875
33651.48046875
33567.640625
33427.703125
33491.50390625
33611.8828125
33485.83203125
33510.7109375
33713.75390625
33750.71484375
33776.5390625
33843.6484375
33785.80859375
33952.7265625
33961.95703125
33976.5546875
34033.7421875
33948.49609375
33984.61328125
33903.52734375
33878.96875
34485.84765625
34386.19140625
34240.1875
34200.7109375
34150.53515625
34293.37890625
34470.4140625
34309.0234375
34271.73828125
34400.27734375
34297.703125
34269.46875
34077.33203125
33780.80859375
33600.59765625
33578.54296875
33584.890625
33443.01953125
33377.53515625
33205.76171875
33136.6640625
33009.78125
32862.9921875
32862.84375
32892.9296875
33075.2109375
33155.84765625
33072.6015625
33137.55859375
33100.79296875
33107.5703125
33154.50390625
32851.67578125
33003.61328125
33182.5546875
33231.25390625
33308.90625
33104.44921875
33070.37109375
32377.697265625
32621.052734375
32574.583984375
32772.73828125
32824.234375
32799.80859375
32490.060546875
32310.130859375
32516.845703125
32577.08984375
32568.970703125
32702.025390625
32436.412109375
32365.080078125
32552.115234375
31854.98046875
31956.8671875
31841.07421875
31841.068359375
31925.921875
31749.333984375
32333.314453125
32442.958984375
32461.13671875
32313.337890625
32818.765625
32855.6796875
32805.7109375
32843.32421875
32858.3984375
32755.7578125
32734.552734375
32819.94921875
32861.05078125
32976.8125
32822.34765625
32952.40625
32790.88671875
32768.3671875
32698.458984375
32664.07421875
32578.3125
32519.353515625
32459.0078125
32398.146484375
32521.30078125
31940.251953125
31905.25
31777.373046875
31847.51171875
31783.810546875
31709.74609375
31578.26171875
31246.900390625
31443.71875
31568.142578125
31739.396484375
31729.56640625
31764.1328125
31780.73046875
31634.48828125
31826.62890625
31911.29296875
31938.068359375
31946.9765625
31816.701171875
31617.62890625
31699.578125
31489.658203125
31424.80078125
31310.17578125
31125.94921875
31703.576171875
31771.8359375
31924.08203125
32115.994140625
32044.12890625
32083.390625
31981.63671875
31927.353515625
31853.95703125
31760.220703125
31615.197265625
31421.5390625
31610.908203125
31402.814453125
31366.654296875
31313.666015625
31408.83203125
31484.755859375
31596.533203125
31525.44140625
31747.859375
31632.322265625
31328.37890625
31377.134765625
31523.041015625
31653.330078125
31657.333984375
31762.75390625
31701.83984375
31729.412109375
31742.041015625
31857.810546875
31757.041015625
31729.1171875
31642.84765625
31533.068359375
31997.37890625
32198.890625
32205.255859375
32134.466796875
32063.0625
32067.673828125
31865.384765625
31716.208984375
31761.54296875
31742.0546875
31695.13671875
31797.7421875
31761.625
31719.75390625
31347.2734375
31399.06640625
31491.068359375
31625.548828125
31633.599609375
31656.94921875
31670.6328125
31841.45703125
31575.546875
31796.810546875
31600.26953125
31613.22265625
31568.87109375
31593.55078125
31747.728515625
31816.548828125
31810.435546875
31625.58984375
31501.30859375
31396.501953125
31216.724609375
31278.232421875
30761.13671875
30626.814453125
30778.291015625
30718.224609375
30726.76953125
30730.974609375
30631.908203125
30756.671875
30776.6796875
30759.640625
30865.17578125
30817.83203125
30821.583984375
30659.919921875
30182.068359375
29617.849609375
29670.734375
29735.126953125
29712.23046875
29862.62109375
29654.97265625
29393.919921875
29669.060546875
29708.716796875
29731.4609375
29574.791015625
29736.361328125
29895.990234375
29718.357421875
29652.890625
29792.53125
29783.322265625
29882.19140625
29704.806640625
29551.10546875
29807.34765625
29601.982421875
29773.451171875
29814.7265625
29865.44140625
30652.326171875
30700.76171875
30891.53515625
30828.470703125
30850.689453125
31284.548828125
31376.658203125
31588.9453125
31469.908203125
31467.4140625
31840.947265625
31896.75390625
32181.220703125
32162.27734375
31874.162109375
31708.720703125
31877.970703125
31826.001953125
32071.46875
32110.693359375
32111.935546875
31996.26171875
31890.958984375
31945.583984375
32041.826171875
31917.80078125
32027.65625
32145.3671875
32138.015625
31935.189453125
31929.60546875
31907.28125
32180.712890625
32087.318359375
32240.55078125
32494.255859375
32358.990234375
32410.525390625
32273.322265625
32382.681640625
32253.22265625
32195.390625
32243.8828125
32313.10546875
32353.931640625
32753.427734375
32644.041015625
32574.767578125
32686.115234375
32654.11328125
32578.8984375
32471.935546875
32342.232421875
32386.935546875
32325.482421875
32316.009765625
32407.63671875
32542.33203125
32489.556640625
32334.470703125
32186.03515625
32219.462890625
32158.6171875
32292.3203125
32471.31640625
32673.728515625
33233.4921875
33581.55078125
33547.53515625
33610.60546875
33681.28515625
33675.546875
33706.9296875
33753.14453125
33872.36328125
33830.8046875
33654.28125
33849.44921875
33922.984375
33863.9453125
33845.2109375
33813.75
33887.68359375
33904.22265625
34439.43359375
34338.10546875
34297.625
33916.91796875
33918.4921875
34097.0
34028.5390625
34292.4453125
34016.44921875
33933.8828125
34203.33984375
34176.0078125
34358.046875
34318.5390625
34474.69921875
34727.74609375
34598.99609375
34547.8828125
34385.12109375
34403.1171875
34294.58984375
34218.62109375
34102.6875
34157.1953125
34205.94140625
34408.57421875
34390.03125
34329.21484375
34440.4765625
34545.6484375
34575.59765625
35350.1875
36312.5546875
38281.078125
38062.8125
38246.76953125
38359.0234375
38568.1875
38631.3671875
38189.3359375
38185.33203125
38218.14453125
38476.1015625
38508.984375
38662.953125
38337.90234375
38361.00390625
38603.90625
38994.76171875
39218.78515625
39715.140625
39796.7890625
37603.796875
37200.6953125
37526.98046875
37337.53515625
37441.453125
36855.4765625
36576.47265625
36842.23046875
36950.8046875
37150.6953125
37024.578125
37116.17578125
37230.98046875
37372.91015625
37647.3203125
38042.80859375
38374.27734375
38507.3671875
38275.7578125
38248.03125
37674.61328125
37808.96875
37899.31640625
37947.015625
37994.41015625
38273.90625
39329.14453125
39406.94140625
39170.73828125
39851.22265625
39836.3046875
39870.06640625
39705.0859375
40115.5390625
39585.5546875
39862.3046875
39510.91796875
39845.21484375
40200.6328125
40706.08984375
39701.91796875
39597.08984375
39516.2421875
39671.58203125
40128.44140625
38984.3828125
40408.1796875
40307.4453125
40064.515625
40109.56640625
39718.296875
39995.90625
39647.91796875
39685.1953125
39764.5546875
39700.89453125
39983.4765625
40151.484375
39937.06640625
39894.55078125
39952.4921875
40405.62109375
40184.546875
39816.85546875
39723.03125
39885.23046875
39949.81640625
39974.04296875
39750.05859375
39649.6640625
39539.0078125
39731.81640625
39739.125
39581.609375
39801.21875
40008.421875
39929.4921875
40104.1640625
39991.0234375
40006.01171875
39815.4921875
39734.5234375
39849.41015625
39723.33984375
38790.5859375
38771.52734375
38915.3046875
38738.44140625
38748.41015625
38890.3359375
39042.82421875
39094.5078125
38986.8828125
39017.89453125
39097.33984375
39709.3359375
40861.75
41135.5078125
41443.2890625
42235.546875
41941.7734375
41963.01171875
41986.85546875
41845.19140625
41824.00390625
41740.21484375
41503.78515625
41549.83203125
41712.76953125
41648.30078125
41799.953125
41602.453125
41631.80859375
41376.84765625
41373.3046875
41557.68359375
41340.39453125
41201.640625
41412.83203125
41300.4453125
41504.9765625
41955.83984375
41860.44921875
41626.1953125
41729.26171875
41708.91015625
41813.84765625
42541.6796875
42101.12109375
41814.26171875
41734.765625
41703.9609375
41750.96875
41920.953125
41497.96875
41540.79296875
41618.82421875
41458.2265625
41361.16015625
41295.25390625
41275.66796875
40995.390625
41069.33203125
41288.7734375
41331.296875
41096.18359375
40274.5390625
39974.89453125
39552.40234375
39688.21875
39862.453125
39820.015625
39744.3984375
39759.49609375
40287.5625
40126.18359375
39564.7578125
39605.77734375
39727.76171875
39563.7265625
39341.65625
39621.25390625
39615.73046875
39782.03125
39822.20703125
39706.85546875
39679.25390625
39178.03125
38864.5390625
39237.15234375
39459.234375
39201.9453125
39359.26171875
38877.72265625
38986.4296875
38679.1875
38319.8046875
38292.5
38417.53515625
38580.25
38553.43359375
38611.42578125
38701.14453125
38495.7421875
38428.171875
38487.22265625
38308.2109375
38194.9375
38419.9296875
38037.84375
38173.48828125
38013.93359375
38124.00390625
38333.95703125
38293.94140625
38136.06640625
38478.94921875
38349.21875
38112.05078125
37975.4609375
38004.09375
38015.80078125
37839.31640625
37820.54296875
37736.5703125
37837.59375
38068.46875
38145.1953125
38834.4296875
38982.23828125
39098.24609375
39285.6875
39502.1484375
39387.4609375
39573.48828125
39754.9375
39682.66015625
39823.19140625
39725.0703125
39799.3046875
39395.7265625
39453.9765625
39396.828125
39351.125
39091.03125
38874.44921875
38526.80859375
38028.01953125
37997.93359375
38057.24609375
38025.16796875
37915.69921875
38954.98828125
38825.7578125
39764.66796875
40653.515625
40853.94140625
40670.22265625
40914.77734375
40936.23828125
40926.0390625
40871.33203125
40023.54296875
40609.83203125
40380.12109375
40228.578125
40138.5234375
40528.58984375
41138.08984375
40799.1640625
40926.7734375
40655.046875
40691.15234375
40531.890625
40760.65234375
40882.67578125
40796.12109375
42186.578125
42530.8203125
42856.07421875
42785.66796875
42831.140625
42674.50390625
42452.26953125
42763.5625
42816.5
43218.1953125
43227.30859375
43304.34765625
43767.61328125
43361.44140625
43418.19140625
43284.87890625
43262.6015625
43471.5859375
43635.54296875
43662.53515625
43861.80859375
43538.40234375
43261.06640625
43531.03515625
43381.8828125
43650.05859375
43411.51171875
43620.046875
43942.55859375
43922.93359375
43640.28125
44025.1015625
44555.80078125
44636.3203125
44058.93359375
43927.65625
44292.05078125
44313.1796875
44737.640625
45037.62890625
44850.76953125
44514.81640625
44706.76171875
44435.42578125
44515.38671875
45090.75390625
44722.21875
43935.67578125
43971.28125
43792.625
43725.4453125
43554.39453125
43645.9375
43839.34375
44196.11328125
44321.84765625
43798.1171875
43253.99609375
43144.359375
43458.578125
43498.96484375
43598.01171875
43566.921875
43477.20703125
43754.23828125
43757.734375
44870.0859375
45576.25
45864.26171875
45681.5
45446.95703125
45676.25
45940.890625
45891.66796875
45863.62109375
46216.69921875
45973.80078125
45501.31640625
45724.90234375
46194.38671875
46365.40234375
46035.8046875
46004.76171875
46065.3203125
45718.13671875
45511.41796875
45568.25390625
45588.7734375
45942.96484375
46139.56640625
46002.5625
45359.71484375
45365.953125
45888.52734375
45495.32421875
45386.2265625
45184.66796875
44785.30859375
45026.29296875
45277.19921875
45523.828125
45622.00390625
45690.16015625
45463.375
45585.03125
45682.5234375
45761.48046875
45438.6953125
45600.4609375
45630.625
45777.55859375
46120.40625
46376.65234375
46207.41015625
46126.34765625
46033.01953125
45944.6328125
45989.13671875
46307.60546875
46510.8203125
46473.13671875
46372.6875
46554.12890625
46330.3671875
46499.7109375
46366.21875
46390.49609375
45789.0078125
45593.63671875
45772.58984375
46025.08984375
46202.140625
45991.98828125
45601.81640625
45235.07421875
45250.96484375
45291.30078125
45308.0234375
45369.69921875
45446.359375
44848.46484375
44584.62109375
44518.94140625
44096.82421875
44194.73828125
44014.85546875
44097.57421875
44470.96875
44419.1484375
44411.3359375
44277.0625
43926.3046875
44428.2890625
44508.68359375
44812.99609375
45227.58203125
45198.90234375
45242.6015625
45245.55859375
45855.6015625
46188.4296875
46167.46875
46242.24609375
46338.97265625
46297.87109375
46492.80859375
46552.5234375
46490.8046875
46399.6953125
46524.1015625
46527.80859375
46488.71484375
46421.265625
47536.1484375
47590.640625
47561.828125
47793.3203125
47670.10546875
47591.70703125
47585.5
47554.828125
47485.88671875
47550.01953125
47543.76953125
47640.55859375
47635.078125
47659.70703125
46285.80078125
46444.23828125
46311.71484375
46493.1328125
46949.02734375
46958.44921875
46927.203125
46816.265625
46788.203125
47100.3515625
46643.65234375
47027.35546875
46896.97265625
47096.9453125
47199.71484375
47138.78125
47229.1484375
46893.3359375
46728.3046875
46701.89453125
46481.4296875
45798.921875
45854.515625
46047.859375
45992.62890625
45954.3671875
45878.22265625
45999.46875
46173.99609375
46183.7890625
45908.21484375
45999.9921875
46308.99609375
46339.484375
46719.17578125
46734.8671875
47206.8359375
47064.62890625
47617.91015625
47670.45703125
47982.3828125
47431.4921875
47474.0390625
47572.39453125
47341.5078125
47340.171875
47179.29296875
47199.3125
47386.91015625
47525.671875
47295.67578125
46483.7109375
46133.67578125
46325.65625
46417.984375
46530.59375
46500.96484375
46118.03515625
46062.453125
46072.3203125
46126.41015625
46004.484375
45765.4765625
46235.203125
46449.19921875
46443.73046875
46399.7265625
46094.72265625
45809.0546875
45910.87890625
46100.69921875
46827.328125
46660.33203125
46768.7734375
46767.828125
46385.89453125
45978.046875
45738.40625
45712.2890625
45868.88671875
45905.8125
45483.1171875
44984.29296875
44794.92578125
44866.1171875
44695.359375
44834.1171875
45069.27734375
44961.29296875
45038.08984375
45067.3203125
45448.3828125
45427.65625
44993.45703125
45223.11328125
45377.109375
45216.03125
44757.68359375
45045.15625
45290.28515625
45343.5546875
45798.06640625
45862.625
45837.30078125
45457.703125
44903.45703125
44588.40234375
44645.0
44861.81640625
44801.1875
45026.59375
45006.9453125
44622.171875
44142.78125
44149.4921875
44414.1484375
44399.08984375
44591.53515625
44719.7734375
44806.8046875
44435.47265625
44272.6171875
44594.421875
44986.12109375
45433.03515625
45819.3046875
45665.8203125
45692.32421875
46521.984375
46691.19921875
46565.26953125
46635.39453125
46632.90625
46717.578125
47098.8515625
47231.08984375
47124.828125
47043.33984375
47095.3671875
47131.54296875
47120.81640625
46819.55078125
46907.125
47180.84375
47216.31640625
46948.1015625
47152.98046875
47733.8828125
48503.92578125
48635.30078125
48744.5
48704.37890625
48420.39453125
48647.46484375
48659.28515625
49214.26171875
49249.51171875
49339.17578125
48954.796875
49065.3046875
48876.38671875
48839.55078125
48681.58203125
48872.37109375
48694.25
48986.5625
48836.26171875
48856.28125
49327.61328125
48553.203125
49238.25390625
49145.9453125
49064.40234375
49216.67578125
49496.46875
49597.27734375
49500.41015625
48931.30078125
48936.390625
49203.30078125
49364.5
48905.4921875
49041.2890625
49092.42578125
48894.51171875
48815.20703125
49066.94140625
49161.19140625
49224.75390625
49251.28515625
49019.5078125
49231.2734375
49184.1953125
49132.62890625
48947.5859375
48884.66796875
48326.9921875
48562.6171875
48704.125
48719.828125
48487.72265625
48679.19140625
48466.24609375
48749.9609375
49194.98828125
49321.65234375
49452.4453125
49870.09765625
50115.6328125
50288.96484375
50319.45703125
50240.21484375
50176.8984375
50178.58203125
50305.36328125
50325.3125
50227.40234375
50430.15625
50257.48828125
50159.08984375
49786.18359375
49583.94921875
49639.11328125
49480.1484375
49483.40234375
49306.57421875
49492.09765625
49512.203125
49623.19140625
49546.1484375
49222.6640625
49001.203125
49214.0078125
49363.859375
49513.421875
49604.6875
49787.40234375
49797.42578125
49741.45703125
49638.54296875
49319.9765625
49449.83984375
49311.06640625
48597.75390625
48571.171875
48245.78125
48003.46875
48088.02734375
48150.12890625
48269.90625
48355.046875
48186.71484375
48327.22265625
47706.1171875
48059.7265625
48138.19140625
48223.0546875
48026.03515625
48015.91015625
48518.71484375
48332.7265625
48153.30859375
47336.15234375
47286.42578125
47511.96484375
47577.94921875
47810.44921875
47650.3671875
48488.59765625
48811.29296875
48730.57421875
48847.79296875
48954.44140625
48790.62890625
48730.20703125
49053.84765625
48841.12109375
48961.76953125
49276.65625
48789.11328125
48741.6640625
47907.84375
47896.53515625
47083.8515625
46960.046875
46844.33984375
46951.62109375
46789.390625
46939.0234375
46941.28515625
46907.421875
47210.125
46995.015625
46791.8125
46933.70703125
47005.015625
47009.5546875
46962.9609375
47012.27734375
47259.9140625
47186.890625
46942.21875
47239.9453125
47287.23828125
47245.23828125
46816.6796875
46858.62109375
47075.09765625
47195.0546875
47489.21875
47180.1484375
47235.96875
47499.1484375
47660.234375
47411.24609375
47321.80078125
48134.00390625
48223.88671875
48243.828125
48190.0703125
48359.74609375
48359.30859375
48953.6484375
49010.94140625
48998.03125
49058.66796875
49238.8046875
49130.0390625
49003.625
48911.859375
49030.125
48941.40625
49035.37890625
48961.1171875
48968.29296875
48984.484375
48924.25
48772.42578125
48905.3671875
48745.24609375
48659.33984375
48787.6328125
48979.734375
49026.8359375
48849.99609375
48663.55859375
48718.8828125
48951.80078125
48701.0078125
48902.40234375
49540.44140625
49333.42578125
48638.234375
48266.046875
48166.37109375
48340.625
48470.57421875
48558.6328125
48608.3203125
48594.9375
48573.94140625
48254.359375
48464.3125
48383.33984375
48314.93359375
48501.3359375
48697.1875
48785.51953125
48842.65625
48839.7578125
48954.80078125
48918.12109375
49149.5703125
48829.83203125
48429.90625
48551.98828125
48467.796875
48045.1875
47921.0
48026.25
48021.78515625
47972.15234375
48124.86328125
47963.65234375
48064.296875
47889.63671875
47620.09765625
47750.91796875
47732.296875
48069.484375
48177.96875
48333.5078125
48521.203125
48601.9921875
48658.5390625
48411.83203125
47650.5703125
47054.984375
46887.4375
46940.9765625
46985.68359375
47175.46875
47115.05078125
47196.05859375
47009.55859375
47705.20703125
47769.04296875
47401.4296875
47422.4140625
47942.98828125
47876.734375
47878.6484375
47320.578125
47459.859375
47396.51171875
47167.05859375
47364.65234375
47320.984375
47023.97265625
46989.6875
47070.94140625
47166.6875
46788.1015625
46857.59765625
46920.796875
46943.54296875
47154.24609375
47415.453125
47371.69140625
47224.9765625
47393.30078125
47681.51171875
47566.5078125
47739.11328125
47740.43359375
47491.6796875
47371.359375
47495.66796875
48375.74609375
48726.23046875
48679.06640625
48193.31640625
48270.390625
48454.46484375
48405.57421875
48847.02734375
48796.796875
49710.2109375
49608.33984375
49598.50390625
49404.375
49491.98046875
49968.87109375
49908.265625
50094.5
49802.65234375
50052.26171875
50103.45703125
49970.9765625
50128.5
49513.06640625
49563.87109375
49575.3125
49545.63671875
49330.5234375
49312.6484375
49562.63671875
49810.51953125
49727.734375
49327.72265625
48617.98046875
48583.64453125
48990.6796875
49450.796875
49718.81640625
49505.62890625
49408.75
49263.3671875
49983.3125
50085.2890625
49778.65234375
50151.31640625
50670.9765625
50694.421875
50680.3046875
50585.54296875
50529.70703125
50432.17578125
50481.33203125
50504.56640625
50207.54296875
50243.15234375
49768.140625
50025.375
49964.953125
49727.046875
50123.515625
50291.2578125
50368.81640625
50289.91015625
50342.81640625
50244.609375
50163.7421875
50452.296875
49880.21875
49952.953125
50295.640625
50243.09765625
50026.29296875
49857.16015625
49879.0703125
49958.72265625
49891.19140625
50002.93359375
50187.421875
50225.359375
49931.078125
49944.625
50172.91796875
50150.3671875
50117.5625
49699.63671875
49836.125
49717.1015625
49885.04296875
49864.1328125
50175.6953125
50166.46875
50020.84765625
50182.91015625
50097.98828125
50203.6171875
50262.4296875
50200.4453125
50406.5625
50328.33203125
50397.390625
50677.9140625
51646.15234375
51713.41015625
51868.6796875
51753.41015625
51745.9609375
51842.0
51669.859375
51571.453125
51671.73046875
51761.98046875
51843.69921875
51799.77734375
51694.98828125
51853.984375
51794.98046875
51407.87109375
51394.87890625
51495.48828125
51646.390625
51598.08203125
51540.12109375
51697.84375
51851.13671875
51726.72265625
51921.55859375
52083.671875
52533.98828125
52633.53515625
52457.953125
52494.0625
52701.59375
52651.50390625
52536.37890625
52701.35546875
52427.4765625
52380.97265625
51276.19140625
50919.4296875
51144.9921875
51005.79296875
51022.42578125
50668.76953125
48863.56640625
46867.05859375
47560.1875
46768.640625
46909.265625
46720.17578125
46810.39453125
46486.8828125
46775.375
46811.12890625
47073.0
47183.5
47133.08203125
46480.27734375
46563.50390625
46130.4375
45219.8046875
45192.33984375
45957.79296875
46216.8828125
46486.85546875
46513.00390625
46282.78515625
46275.96484375
45896.74609375
46062.38671875
46436.77734375
46238.57421875
46434.9921875
46440.390625
46123.3203125
46057.54296875
46598.53515625
46091.390625
44502.89453125
46149.51171875
45790.0703125
46033.28125
46184.5234375
46292.22265625
46197.390625
46309.3046875
46248.08203125
46219.71484375
46171.33203125
46366.11328125
46670.46875
46958.49609375
46994.83203125
47017.6171875
47217.8515625
46832.99609375
46613.84765625
46588.23828125
46297.87890625
46469.09375
46496.9375
46391.421875
46608.234375
46874.125
46699.00390625
46727.109375
46603.4296875
46714.109375
46427.9921875
46162.640625
45977.9453125
46198.33984375
46295.95703125
46355.12890625
45939.53125
45916.44140625
45112.265625
45451.0
45532.5546875
45700.19921875
45726.8203125
45641.9765625
45120.2890625
44620.19921875
44426.578125
44883.91015625
45230.4453125
45382.16796875
45266.52734375
45154.70703125
45319.05078125
45319.16796875
45316.45703125
44994.72265625
45196.58984375
45491.3984375
45690.9375
45563.8359375
45607.50390625
45644.015625
45689.54296875
45580.4375
45831.47265625
45635.2421875
45652.23046875
45444.1796875
45359.9609375
45429.65625
45104.4140625
45201.45703125
45016.61328125
44956.2734375
45277.71875
45316.8125
45361.27734375
45409.6484375
45201.078125
45391.62109375
46072.48046875
45971.1328125
45981.09375
46035.55078125
46011.0546875
45952.8046875
45869.41796875
45935.984375
45880.97265625
45908.6015625
45889.1640625
45923.28125
45068.09375
45291.6484375
45678.80859375
46063.26953125
46058.765625
45178.3046875
44918.6953125
44863.55078125
44692.05859375
44720.08203125
44824.73046875
44454.0
44436.6953125
44509.01171875
44668.0625
44895.0625
44645.0234375
46345.20703125
44008.08203125
44417.41015625
44419.2109375
44459.2109375
44676.15234375
44781.84765625
45156.46875
45158.88671875
45086.21484375
44963.07421875
45201.953125
45156.5078125
45107.91015625
45228.8046875
45125.74609375
45265.734375
45507.0859375
45769.41796875
46017.2265625
45866.875
46062.91796875
45989.85546875
46573.21875
46432.11328125
46594.2578125
46748.640625
46659.86328125
46764.3203125
46538.34375
46493.50390625
46840.015625
46711.90625
47218.125
47092.4921875
47169.77734375
47060.3359375
47211.3046875
47168.73046875
46903.5078125
46938.05078125
46951.83203125
47122.2734375
47079.015625
47140.6484375
47610.5
47564.328125
47387.78515625
47765.57421875
47852.8671875
48257.58203125
48068.58203125
48084.8359375
48055.71484375
48062.60546875
47937.2578125
48193.6015625
48257.72265625
48176.34765625
47910.62109375
48020.515625
47949.78125
47679.7578125
48312.70703125
48277.81640625
48366.6015625
48368.2890625
48101.08203125
47964.53515625
47875.8203125
47942.6328125
48052.7109375
47509.70703125
47625.40625
48026.7734375
47982.50390625
47469.953125
47622.8203125
47500.4765625
47107.37109375
47682.83203125
47661.3828125
47783.359375
47554.25
48025.1796875
47760.75390625
47911.0390625
48113.953125
48068.3828125
48023.27734375
47723.03125
48002.3984375
47791.9375
47489.03125
47444.84375
47436.43359375
47281.828125
47518.34765625
47517.7890625
47626.9453125
47309.0
47196.2421875
47514.85546875
47042.6171875
47300.234375
46986.86328125
47267.51953125
47315.5546875
47603.86328125
47675.2578125
47962.58203125
48275.32421875
48707.109375
48605.1953125
48630.90625
48641.2109375
48616.76171875
48598.8828125
48448.34375
48371.13671875
48422.21484375
48435.21875
48335.875
48187.93359375
48341.1640625
48251.95703125
48223.99609375
47994.03515625
47931.41015625
47965.6015625
48278.36328125
47909.19140625
47925.68359375
48029.8515625
47851.0234375
47857.40625
47985.34765625
48101.015625
48092.56640625
48197.1953125
48084.515625
48040.82421875
47353.03125
47315.72265625
47367.703125
47639.69140625
47692.3828125
47562.71484375
47421.31640625
47699.26171875
47467.9609375
47629.1875
47499.18359375
47034.4296875
47260.21875
46950.28515625
47269.4140625
46075.5390625
45621.33203125
45660.51171875
45775.6015625
45625.93359375
44778.3828125
45062.69921875
44843.18359375
44569.61328125
43721.6640625
43524.30078125
44042.0859375
43842.15234375
43916.48046875
43862.55078125
44075.796875
43352.18359375
43905.86328125
43478.5234375
43505.8203125
43289.25
42843.80078125
41744.453125
42710.38671875
42944.2421875
42767.86328125
42462.5859375
42571.37109375
42858.4453125
43328.65625
43293.68359375
43129.08203125
43438.3359375
43270.66015625
43174.71484375
43143.2265625
42423.1640625
43049.6015625
42443.82421875
41680.5546875
42196.62109375
42209.18359375
40857.36328125
41405.328125
40673.91015625
40693.67578125
41016.69140625
42152.19140625
42093.82421875
42056.703125
41933.828125
42010.4296875
42307.16015625
42567.7890625
42294.74609375
42370.265625
42146.5859375
41915.97265625
42185.6953125
42345.15234375
42352.1953125
43233.73046875
43348.80859375
43160.26171875
43218.44921875
43451.23046875
43454.74609375
43292.34375
43556.65625
43574.5078125
43260.4453125
43622.46875
43725.76171875
44085.359375
44046.66015625
43918.18359375
44221.09375
44254.2890625
43929.70703125
44104.09765625
43844.5390625
43628.98046875
43540.58203125
44077.8203125
44120.14453125
43833.1015625
43842.96484375
44888.6484375
44765.31640625
44765.02734375
44659.8828125
44691.8671875
44923.64453125
44895.09765625
44679.37109375
44490.45703125
44420.1171875
44307.58984375
44316.6796875
44193.73828125
44172.51171875
44922.75
44559.31640625
42433.51171875
42259.5078125
41658.77734375
41108.67578125
41899.33984375
42435.30078125
42006.83203125
42221.92578125
41974.578125
42236.859375
42426.7109375
42981.22265625
42898.4453125
43089.65234375
42839.75
42773.421875
42445.58984375
42413.91796875
42698.41796875
42782.97265625
42523.37890625
42763.8125
42453.13671875
42647.99609375
42709.14453125
42711.4375
42510.00390625
42417.21484375
42587.0078125
42387.078125
42734.26171875
42638.88671875
42694.6953125
42634.05859375
42651.2578125
42719.69921875
42705.09765625
42780.140625
42716.59375
42481.36328125
42394.58203125
42078.11328125
42212.0
42247.3046875
42079.2421875
42028.27734375
41346.21484375
41625.109375
43340.5234375
43122.171875
43081.90625
43287.80078125
43254.234375
43361.046875
43371.65625
43289.08984375
43201.359375
43281.92578125
43273.9140625
43607.703125
43549.5625
43135.25390625
43208.5390625
43894.03515625
44245.328125
44175.921875
44048.71484375
44095.1875
44133.71484375
43807.6640625
43804.7890625
43855.13671875
43571.84375
43775.9453125
43752.671875
43593.83203125
43548.7734375
43186.46875
43327.6640625
43029.8984375
43053.234375
43027.01953125
43069.51953125
42692.9296875
43085.9609375
43129.81640625
42235.73046875
42292.71484375
42533.1171875
42486.5078125
42580.5
42700.4453125
42452.83203125
42248.53515625
41761.3671875
41800.109375
41910.625
41850.9921875
42098.18359375
41830.5703125
42031.59375
41537.4296875
41513.96484375
41259.3828125
41401.79296875
41595.33203125
41572.625
41796.578125
41841.17578125
41632.71875
41034.54296875
41583.87109375
41536.16796875
41779.14453125
42136.578125
42231.23046875
42264.16796875
42419.984375
42463.421875
42394.640625
42267.9296875
42476.28515625
42422.46484375
42056.140625
42150.5703125
42228.5
41690.015625
41520.23046875
41253.03515625
41282.09765625
41211.30078125
41130.140625
41235.16796875
41405.4375
41564.36328125
42317.44140625
42966.37109375
43307.578125
43647.796875
43505.24609375
43520.3515625
43429.1015625
43314.24609375
43083.37109375
43156.12109375
42812.6328125
43032.6640625
43449.03125
43152.515625
43116.1484375
43120.37109375
42914.078125
43337.578125
43987.5
43627.59765625
43434.578125
43740.546875
43734.33984375
44804.234375
44917.1015625
44899.7109375
47178.0234375
47481.68359375
47237.9453125
47020.9609375
47118.8671875
47317.25390625
47472.18359375
47613.08203125
47731.44140625
47944.328125
48075.9921875
48269.47265625
48001.7265625
48116.94140625
47753.00390625
47770.0
47727.81640625
47533.94140625
47591.16015625
47773.2890625
47843.2109375
47773.58203125
47695.51171875
47716.61328125
47622.140625
47671.01171875
47739.61328125
47751.3984375
48017.484375
47854.70703125
47984.70703125
47882.68359375
47893.3046875
48212.7109375
48033.66015625
48175.36328125
48093.078125
47711.48828125
47330.5234375
47546.94140625
47635.34765625
47902.40234375
47909.8359375
47997.58984375
47990.80078125
47902.06640625
47857.46484375
47788.5234375
47800.9296875
48012.96484375
48004.88671875
48049.8828125
47928.7109375
47859.60546875
48028.1953125
48877.74609375
48867.5234375
48826.82421875
48529.328125
47784.98828125
47987.6484375
48199.953125
47953.3125
47812.04296875
47659.59765625
47523.01171875
47761.95703125
47812.3203125
47754.55078125
47786.39453125
47607.921875
47726.87890625
47663.79296875
47604.2890625
47743.375
47954.984375
47355.34765625
47574.3671875
48637.36328125
49324.9921875
49336.0546875
49317.59375
48996.37890625
48872.5390625
48895.63671875
49112.90234375
49539.59765625
49269.1875
49313.29296875
49251.82421875
49142.734375
49339.29296875
49324.5625
49521.12890625
49886.19921875
50274.65625
49991.48046875
49922.98828125
49991.3125
50212.5859375
49888.78515625
49759.0546875
50088.55078125
50192.52734375
50639.22265625
51282.44140625
51374.58203125
51747.41015625
51381.56640625
51514.8125
51311.3125
51266.16796875
51579.1171875
51563.03515625
51338.77734375
51509.0546875
51568.97265625
51473.8046875
50707.42578125
50716.94140625
51242.03125
51408.69921875
52840.6328125
54000.4140625
54516.78125
55040.8359375
54822.0546875
54561.953125
54583.8125
55047.66796875
54935.171875
55105.9765625
55211.140625
55361.44921875
54854.46875
54820.890625
55064.45703125
54874.10546875
55114.4921875
54715.47265625
54583.02734375
54779.58203125
54573.2890625
54269.62890625
53926.64453125
54358.94921875
53960.140625
54575.140625
53826.73046875
53865.39453125
54147.09375
54164.0703125
53926.53125
53933.62109375
54190.72265625
54261.94921875
53887.25
53805.984375
54135.39453125
54308.1171875
53864.46875
53819.5859375
53880.98046875
54130.80859375
54153.84375
54775.71875
55789.83203125
55292.55859375
55526.96875
55267.671875
54817.3984375
54224.53125
54636.80078125
54282.49609375
54296.3984375
54310.09375
54518.55859375
54620.984375
53967.50390625
54238.41015625
54094.14453125
53967.84765625
54221.49609375
53987.2578125
54171.5234375
54580.734375
54672.3828125
54619.1484375
54872.9296875
54918.13671875
54733.21484375
54896.12109375
54856.77734375
54809.50390625
54986.31640625
55239.20703125
55149.8125
54971.078125
54810.93359375
54901.08984375
54884.46484375
54676.24609375
54657.46875
54853.92578125
54890.90625
54968.22265625
54975.58203125
54417.2734375
54648.234375
55117.2578125
55749.015625
55708.21875
55608.6484375
55645.7890625
55555.4453125
54949.8828125
55037.51953125
55135.234375
54900.88671875
55178.3984375
55183.8046875
55362.94140625
55441.6484375
55300.78515625
55276.24609375
55481.828125
55423.80078125
54903.6015625
54947.8671875
54771.578125
55180.32421875
55420.22265625
55790.5
56476.23046875
56469.45703125
56546.84375
56728.453125
56828.77734375
56515.87109375
56498.26171875
56288.390625
56456.203125
56462.37109375
57213.44140625
57466.48828125
57518.984375
57302.9765625
57442.453125
57430.48828125
57531.56640625
57399.46875
57184.7265625
57204.6796875
57484.7890625
56926.06640625
57109.32421875
56747.49609375
56662.609375
56997.33203125
57527.32421875
57233.34375
57398.265625
57499.23046875
56908.33984375
57192.35546875
57259.546875
56954.28125
57052.9765625
56276.890625
56329.828125
56040.33984375
55932.8125
55693.03125
55366.58984375
55377.44140625
55999.35546875
56310.1640625
56041.05859375
56411.41796875
56249.83203125
56404.78125
56270.265625
56069.73828125
55232.375
55402.6484375
54794.00390625
54693.12890625
54910.62109375
54639.02734375
55152.25390625
54997.48046875
54886.86328125
55809.65625
56180.22265625
56865.6640625
56911.53125
56945.3046875
57248.58984375
56974.6640625
57528.28515625
57388.94921875
57401.09765625
57545.8203125
58287.37109375
58196.65234375
58069.6796875
57948.47265625
57980.9296875
57639.828125
57391.45703125
57483.4453125
57475.91796875
57687.078125
57621.0703125
57539.8359375
57406.41015625
57473.93359375
57323.828125
57195.44140625
57238.921875
58018.1484375
57789.109375
57482.19921875
57743.6484375
57643.8203125
57321.5234375
56991.296875
57242.40234375
59156.8984375
59398.88671875
59517.1953125
59496.1484375
59678.99609375
59253.5234375
58921.10546875
59354.26953125
59296.1953125
59484.33203125
59297.98046875
60145.26171875
60060.26953125
60050.375
61417.8671875
61839.98046875
61598.9140625
61416.4921875
62491.6015625
61124.90234375
61257.203125
61593.94921875
61351.875
61333.0703125
61637.0390625
61527.90234375
61764.24609375
62115.32421875
61848.87890625
61707.07421875
61480.00390625
61397.48046875
61588.76171875
61707.25
60667.76171875
60948.51953125
60808.46875
60908.01171875
60607.140625
60566.328125
61028.6875
60852.171875
61034.47265625
60728.8203125
60809.41015625
60892.1796875
60949.4453125
61103.13671875
61127.875
61140.90625
60950.3984375
60676.11328125
60693.0859375
60380.96875
60685.0
61199.12109375
61154.8203125
60992.37109375
60850.19140625
60933.640625
60937.0546875
60761.421875
60931.09765625
61011.125
60940.76953125
60489.609375
59500.81640625
60539.29296875
61234.796875
61553.6171875
62371.96875
62246.55859375
62078.4765625
62105.65625
62367.96875
62374.09765625
62307.54296875
61951.1953125
61744.8515625
61160.5078125
61338.11328125
60878.3125
60512.5
61867.8203125
62175.28125
62041.234375
61805.1953125
61853.43359375
61873.609375
61450.27734375
61464.83984375
61804.484375
62065.12109375
62026.078125
61876.1015625
61790.75
61788.80859375
62657.8203125
62423.25
62444.12109375
62144.875
62362.44140625
62301.7421875
62106.421875
62240.296875
62140.3203125
62188.62890625
62745.5390625
62629.41015625
62478.08984375
63068.9140625
63433.6484375
63472.22265625
64198.92578125
64129.859375
63902.32421875
63939.8984375
