1.14156
1.14143
1.1416
1.14175
1.14189
1.1419
1.14164
1.14129
1.1416
1.14154
1.14154
1.1414
1.14134
1.14125
1.14129
1.14127
1.14127
1.14124
1.14121
1.14115
1.14113
1.14111
1.14106
1.14111
1.1412
1.14135
1.14148
1.14153
1.14162
1.14153
1.14151
1.14153
1.14148
1.14151
1.14148
1.14149
1.14149
1.14148
1.14148
1.1415
1.14155
1.14155
1.14193
1.142
1.14208
1.14206
1.14189
1.14203
1.14199
1.14199
1.14209
1.14226
1.1422
1.14193
1.14219
1.142
1.14204
1.14214
1.14236
1.14234
1.14233
1.14232
1.14228
1.14235
1.14235
1.14232
1.14232
1.14233
1.14231
1.14236
1.14247
1.14248
1.14265
1.14275
1.14278
1.14259
1.14241
1.14231
1.14231
1.14248
1.14251
1.14242
1.14236
1.14236
1.14237
1.14226
1.14236
1.14234
1.14235
1.14244
1.14244
1.14235
1.14237
1.14237
1.14241
1.14236
1.14233
1.14234
1.14234
1.14238
1.14236
1.14229
1.1423
1.14226
1.14229
1.14229
1.14229
1.14234
1.14234
1.14234
1.14234
1.14233
1.14232
1.14232
1.14224
1.14223
1.14221
1.14219
1.14219
1.14214
1.14214
1.14224
1.14228
1.14231
1.14228
1.14227
1.14233
1.14227
1.14221
1.14217
1.14212
1.14239
1.1425
1.14255
1.14255
1.14267
1.14257
1.14258
1.14251
1.14256
1.14255
1.14261
1.14261
1.14265
1.14264
1.14264
1.14264
1.14257
1.14245
1.14244
1.14229
1.1424
1.14243
1.1425
1.1426
1.14265
1.14264
1.14269
1.14262
1.1426
1.1426
1.1426
1.1426
1.14266
1.14269
1.14278
1.14269
1.14275
1.14275
1.14277
1.14286
1.14291
1.14287
1.14286
1.14278
1.14277
1.14275
1.14269
1.14275
1.14271
1.1427
1.14278
1.14275
1.14275
1.1428
1.14276
1.14298
1.14299
1.14277
1.14275
1.14285
1.14296
1.14301
1.14306
1.14315
1.14336
1.14325
1.14322
1.14319
1.14299
1.14299
1.14284
1.14284
1.14268
1.1426
1.14255
1.14248
1.14251
1.1425
1.14246
1.14255
1.1426
1.14264
1.14269
1.14274
1.14271
1.14279
1.14287
1.14288
1.14289
1.14284
1.14319
1.14304
1.14299
1.14277
1.14264
1.1426
1.14262
1.14264
1.14258
1.14258
1.14278
1.14275
1.14299
1.14304
1.14295
1.14295
1.14301
1.14299
1.143
1.14299
1.14324
1.14303
1.14293
1.14298
1.14299
1.14309
1.14321
1.1433
1.14325
1.14319
1.14299
1.14287
1.14292
1.14295
1.14303
1.14292
1.14287
1.14286
1.14284
1.14269
1.14269
1.14268
1.14277
1.14278
1.14274
1.14278
1.14278
1.1428
1.14281
1.14289
1.1429
1.14305
1.14309
1.14311
1.14312
1.14315
1.14315
1.14316
1.14321
1.14321
1.14318
1.14335
1.14332
1.14334
1.14335
1.14346
1.14346
1.14348
1.14349
1.14361
1.14371
1.14365
1.14353
1.14359
1.14349
1.14338
1.14325
1.14324
1.14327
1.14338
1.1433
1.14326
1.1433
1.14325
1.14325
1.14318
1.14316
1.14319
1.14328
1.14316
1.14298
1.14302
1.14306
1.14309
1.14314
1.14309
1.14314
1.14325
1.14326
1.14316
1.14323
1.1433
1.14331
1.14335
1.14341
1.14325
1.14321
1.14322
1.14333
1.14343
1.14323
1.14315
1.14321
1.14318
1.14315
1.14318
1.14318
1.14313
1.14315
1.14318
1.14314
1.14304
1.14298
1.14289
1.14288
1.14288
1.14287
1.14289
1.14283
1.14284
1.14284
1.14286
1.14293
1.14284
1.14289
1.14287
1.14287
1.1429
1.14293
1.14289
1.14285
1.14288
1.14288
1.14295
1.14289
1.14292
1.14282
1.14264
1.14272
1.1428
1.14268
1.14271
1.14277
1.14286
1.1429
1.14291
1.14304
1.14304
1.14301
1.14301
1.14301
1.14291
1.14283
1.14286
1.14288
1.14281
1.14277
1.14269
1.14261
1.14248
1.14239
1.14248
1.1425
1.14248
1.14251
1.14254
1.14257
1.14261
1.14266
1.14269
1.1426
1.14256
1.14254
1.14262
1.14256
1.14254
1.14254
1.14254
1.1425
1.14254
1.14253
1.14257
1.14251
1.14241
1.14237
1.14227
1.14234
1.14237
1.14252
1.14248
1.14248
1.14255
1.14248
1.14238
1.14242
1.1424
1.14241
1.14248
1.14243
1.14242
1.14231
1.14228
1.14217
1.14221
1.1422
1.14217
1.14217
1.14217
1.14233
1.1423
1.14225
1.14224
1.14229
1.1423
1.14237
1.14233
1.14231
1.14224
1.1423
1.14224
1.14224
1.14229
1.14229
1.14234
1.14234
1.14238
1.1424
1.14245
1.14251
1.14245
1.14242
1.1424
1.14233
1.1423
1.14233
1.14228
1.14233
1.14234
1.14229
1.14238
1.14243
1.14243
1.14229
1.14231
1.14228
1.14234
1.14238
1.14243
1.1425
1.14244
1.14248
1.14248
1.14254
1.14254
1.14255
1.14254
1.14258
1.14257
1.1426
1.14261
1.14264
1.14266
1.14256
1.14261
1.14264
1.14264
1.1425
1.14239
1.14233
1.14233
1.14228
1.14224
1.14221
1.1422
1.14214
1.14213
1.14208
1.14213
1.14214
1.14203
1.14203
1.14203
1.14204
1.14213
1.14214
1.14203
1.14204
1.14204
1.14202
1.14193
1.14193
1.14193
1.14193
1.14198
1.14203
1.14203
1.14204
1.14208
1.14216
1.14218
1.14214
1.14208
1.14205
1.14205
1.14207
1.14207
1.14208
1.14204
1.14204
1.14214
1.14203
1.14196
1.14192
1.14199
1.14214
1.14211
1.14216
1.14209
1.142
1.14199
1.14193
1.14198
1.14196
1.14194
1.14208
1.14207
1.14204
1.14204
1.14187
1.14187
1.14186
1.14186
1.14186
1.14189
1.14189
1.14189
1.14184
1.14186
1.14186
1.1419
1.14199
1.1421
1.14212
1.14211
1.14208
1.14204
1.14205
1.14192
1.14202
1.14194
1.14204
1.1419
1.14189
1.14189
1.1419
1.14211
1.14237
1.14249
1.14244
1.14245
1.14246
1.14248
1.14247
1.14233
1.14234
1.14236
1.14228
1.14228
1.14219
1.14208
1.1421
1.1423
1.1423
1.14235
1.14224
1.14224
1.14224
1.14224
1.1424
1.14237
1.14243
1.14257
1.14255
1.14258
1.14264
1.14257
1.14248
1.1426
1.14269
1.14253
1.1426
1.14258
1.14263
1.14229
1.1424
1.14247
1.14243
1.14267
1.14257
1.14264
1.14265
1.14253
1.1425
1.14255
1.14258
1.14267
1.14275
1.1427
1.14281
1.14291
1.14284
1.14289
1.14268
1.14277
1.14262
1.14272
1.14269
1.14268
1.14261
1.14242
1.1425
1.14244
1.14243
1.14234
1.14238
1.1423
1.14228
1.14228
1.142
1.14167
1.14182
1.14157
1.14152
1.14143
1.14159
1.14137
1.14145
1.14137
1.14125
1.14133
1.14075
1.14075
1.14065
1.14065
1.14088
1.14104
1.14134
1.14082
1.14102
1.14081
1.14106
1.14093
1.1408
1.14075
1.14076
1.14072
1.14061
1.14034
1.14006
1.14006
1.14016
1.14021
1.1402
1.13994
1.1399
1.1399
1.13977
1.13931
1.13953
1.13949
1.13948
1.1397
1.13984
1.1397
1.13949
1.1395
1.13953
1.13984
1.13977
1.13967
1.13966
1.13977
1.13959
1.13949
1.13953
1.13967
1.13962
1.13963
1.13949
1.13953
1.13944
1.13943
1.13952
1.13958
1.13964
1.13959
1.13956
1.13979
1.1398
1.13987
1.14006
1.14023
1.14032
1.14017
1.13987
1.13997
1.14009
1.14
1.14019
1.14028
1.14031
1.14037
1.14026
1.1403
1.14031
1.14045
1.14031
1.14034
1.14026
1.14023
1.1403
1.14029
1.1403
1.14038
1.14033
1.14037
1.14031
1.14036
1.14031
1.14016
1.14026
1.14023
1.14021
1.14026
1.14033
1.14026
1.14034
1.14038
1.14046
1.14031
1.1404
1.14046
1.14043
1.1404
1.14031
1.14052
1.14049
1.14051
1.14055
1.14061
1.1406
1.1406
1.14054
1.14053
1.1405
1.14045
1.14044
1.14043
1.14047
1.14061
1.14062
1.14062
1.14053
1.14041
1.14034
1.14032
1.14032
1.14016
1.1402
1.14007
1.14011
1.14031
1.14031
1.14014
1.14012
1.14013
1.14003
1.14006
1.14021
1.1402
1.14019
1.14005
1.14021
1.14003
1.13996
1.13992
1.13999
1.14
1.13999
1.13982
1.13973
1.13959
1.13948
1.13959
1.13948
1.13948
1.13938
1.13918
1.13912
1.13909
1.13877
1.13872
1.13863
1.13876
1.13884
1.13902
1.13902
1.13888
1.13891
1.13891
1.13888
1.13888
1.13875
1.13862
1.1385
1.13868
1.13874
1.1388
1.13877
1.13884
1.13895
1.13905
1.13926
1.13921
1.13949
1.13935
1.13939
1.13938
1.13941
1.13931
1.13926
1.13932
1.13938
1.13933
1.13916
1.13925
1.13926
1.13916
1.13926
1.13929
1.13912
1.13891
1.13887
1.13889
1.13888
1.13865
1.13864
1.13864
1.13871
1.13878
1.13885
1.13895
1.13894
1.13895
1.13884
1.13887
1.13887
1.13875
1.13854
1.13856
1.13851
1.13848
1.13847
1.1385
1.13855
1.13857
1.13858
1.13858
1.1386
1.1386
1.13882
1.13898
1.13904
1.13906
1.13906
1.13917
1.13918
1.13909
1.13921
1.13923
1.13932
1.13932
1.13917
1.13908
1.13918
1.13915
1.13914
1.13923
1.13918
1.13921
1.13923
1.13915
1.13892
1.13909
1.13909
1.13904
1.13911
1.13912
1.13927
1.13946
1.1395
1.13939
1.13938
1.13942
1.13936
1.13936
1.13935
1.13956
1.13945
1.13969
1.13915
1.13936
1.13917
1.13895
1.13871
1.13885
1.13911
1.13927
1.13932
1.13933
1.13912
1.13892
1.13913
1.1392
1.13918
1.13912
1.13908
1.13923
1.13908
1.13875
1.13888
1.1387
1.13865
1.13872
1.13877
1.13861
1.13862
1.13868
1.13857
1.13854
1.13841
1.13848
1.13843
1.13845
1.13847
1.13845
1.1383
1.13799
1.13806
1.13833
1.13809
1.13836
1.13848
1.13861
1.13868
1.1388
1.13882
1.13894
1.13895
1.13895
1.13884
1.13895
1.13891
1.13874
1.13882
1.13888
1.13871
1.13889
1.13888
1.13882
1.13904
1.13909
1.13918
1.13919
1.13904
1.13909
1.13922
1.13904
1.13905
1.13902
1.13892
1.13904
1.13902
1.13898
1.13882
1.13875
1.13874
1.13891
1.139
1.13889
1.13882
1.1391
1.13912
1.13916
1.13909
1.13922
1.13938
1.13933
1.13943
1.13921
1.13895
1.13876
1.13875
1.13857
1.13874
1.13882
1.13887
1.13883
1.13895
1.13898
1.13869
1.13868
1.13851
1.13875
1.13868
1.13855
1.13864
1.13856
1.13843
1.13812
1.13787
1.13778
1.13769
1.13766
1.13769
1.13783
1.13794
1.13814
1.1381
1.13809
1.13792
1.13804
1.13838
1.13824
1.13794
1.13786
1.13787
1.13794
1.13799
1.13803
1.13792
1.13782
1.13789
1.1374
1.13757
1.13758
1.13746
1.1375
1.13749
1.1376
1.13733
1.13735
1.13724
1.13722
1.13698
1.13658
1.13651
1.13678
1.13699
1.13714
1.13716
1.13715
1.13707
1.13699
1.13701
1.13696
1.13689
1.13711
1.13722
1.13711
1.13701
1.13709
1.13716
1.13697
1.13681
1.13658
1.13674
1.13663
1.13678
1.13665
1.13681
1.13681
1.1368
1.13699
1.13701
1.13706
1.13708
1.13709
1.13696
1.13685
1.13678
1.13648
1.13647
1.13624
1.13582
1.13549
1.1357
1.13573
1.13587
1.1355
1.13584
1.13607
1.13621
1.13634
1.13631
1.13643
1.13637
1.1361
1.13602
1.13621
1.13646
1.13627
1.13611
1.13592
1.13601
1.1359
1.1359
1.13621
1.13624
1.13607
1.13606
1.13582
1.1357
1.13573
1.13576
1.13584
1.13611
1.13602
1.13589
1.13569
1.13571
1.1356
1.13559
1.13565
1.13529
1.13536
1.13531
1.13521
1.13491
1.13508
1.13477
1.13475
1.13461
1.13487
1.13452
1.13461
1.13468
1.13452
1.13438
1.13457
1.13462
1.1347
1.13492
1.13505
1.13489
1.13495
1.13487
1.13482
1.13482
1.13497
1.13485
1.13488
1.13491
1.13509
1.13517
1.13528
1.13543
1.13549
1.13527
1.13537
1.13543
1.13543
1.13532
1.13542
1.13551
1.13516
1.13515
1.13502
1.13518
1.13522
1.13511
1.13505
1.13516
1.13516
1.13477
1.13477
1.13502
1.13502
1.13494
1.13477
1.13475
1.13471
1.13468
1.13481
1.1347
1.13461
1.13468
1.13453
1.1345
1.13441
1.13437
1.13443
1.13444
1.13453
1.13452
1.13457
1.13448
1.1346
1.13472
1.13482
1.13491
1.13497
1.13477
1.13475
1.13479
1.13489
1.13491
1.13488
1.13492
1.13481
1.13487
1.13476
1.13474
1.13475
1.13481
1.13475
1.13457
1.13464
1.13457
1.13461
1.13478
1.13472
1.13479
1.13484
1.13487
1.13505
1.13509
1.13518
1.13523
1.13529
1.13533
1.13537
1.13519
1.13499
1.13498
1.13484
1.13498
1.13493
1.13488
1.13484
1.1347
1.13488
1.13489
1.13492
1.13492
1.13482
1.13484
1.13488
1.13504
1.13518
1.13514
1.13522
1.13525
1.13545
1.13584
1.13602
1.13596
1.1361
1.13619
1.13607
1.13609
1.13612
1.13619
1.13623
1.13604
1.13606
1.1359
1.13579
1.1355
1.13564
1.13563
1.1354
1.13575
1.13564
1.1357
1.13567
1.13577
1.13594
1.13608
1.13598
1.13597
1.13592
1.13586
1.13571
1.13552
1.13558
1.1355
1.13527
1.1354
1.13531
1.13547
1.13532
1.13525
1.13531
1.13527
1.13537
1.13559
1.13564
1.13571
1.13573
1.13572
1.13566
1.13563
1.13567
1.13556
1.13578
1.13577
1.13581
1.13569
1.13588
1.13584
1.13582
1.13582
1.13582
1.13582
1.13588
1.13591
1.13597
1.13587
1.13591
1.13601
1.13611
1.13602
1.13601
1.13596
1.13613
1.13613
1.13613
1.13624
1.13625
1.13617
1.13617
1.13612
1.1361
1.13623
1.13631
1.13628
1.1364
1.13645
1.13641
1.13651
1.13661
1.13658
1.13664
1.13651
1.13651
1.13654
1.1366
1.13661
1.13669
1.13649
1.13645
1.13654
1.1366
1.13671
1.13666
1.13657
1.1366
1.13665
1.1366
1.13666
1.13667
1.13671
1.13667
1.13672
1.13678
1.13677
1.13677
1.1368
1.13681
1.13676
1.13691
1.13692
1.13696
1.1369
1.13689
1.13684
1.13681
1.13688
1.13696
1.13699
1.13701
1.13701
1.13705
1.13709
1.13715
1.13715
1.13729
1.13719
1.13721
1.13719
1.13734
1.13726
1.13736
1.13736
1.13733
1.13731
1.13731
1.13736
1.13729
1.13736
1.13747
1.13747
1.13749
1.13761
1.13762
1.13762
1.13749
1.13753
1.13739
1.13765
1.13768
1.13771
1.13772
1.13773
1.1377
1.13769
1.13767
1.13766
1.13769
1.13783
1.13783
1.13788
1.13783
1.13788
1.13786
1.13783
1.13787
1.13787
1.13787
1.13786
1.13783
1.13784
1.13781
1.13781
1.13779
1.13779
1.13778
1.1378
1.13779
1.13769
1.13762
1.13762
1.13761
1.13752
1.13761
1.13761
1.13752
1.13752
1.13741
1.13743
1.13739
1.13738
1.13736
1.13742
1.13739
1.13738
1.13738
1.13741
1.13739
1.13734
1.13733
1.13729
1.13727
1.13729
1.13729
1.13734
1.13729
1.13729
1.13728
1.13731
1.13733
1.1373
1.13731
1.13728
1.13728
1.13759
1.13759
1.13756
1.13756
1.13756
1.13748
1.13748
1.13748
1.13746
1.13748
1.13743
1.13748
1.13743
1.13738
1.13739
1.1374
1.13749
1.13754
1.1376
1.13764
1.13767
1.13765
1.13764
1.13765
1.13773
1.13774
1.13775
1.13772
1.13776
1.13776
1.13776
1.13773
1.13767
1.13764
1.13764
1.13767
1.13766
1.13766
1.13766
1.13746
1.13743
1.13745
1.13745
1.13745
1.13746
1.13744
1.13744
1.13748
1.13747
1.13738
1.13736
1.13739
1.13747
1.13743
1.13743
1.13743
1.13742
1.13744
1.13742
1.13755
1.13755
1.13755
1.13763
1.13759
1.13759
1.13762
1.13769
1.13765
1.13759
1.13753
1.1375
1.13749
1.1375
1.13751
1.1376
1.1376
1.1376
1.13755
1.1376
1.1376
1.1376
1.1376
1.13759
1.13759
1.1375
1.13754
1.13749
1.13749
1.13766
1.13765
1.13765
1.1375
1.1375
1.13739
1.1374
1.13743
1.13744
1.13745
1.13739
1.13727
1.13734
1.13742
1.13743
1.13733
1.13729
1.13728
1.13729
1.13719
1.13718
1.13718
1.13716
1.13709
1.13715
1.13715
1.13719
1.13715
1.13694
1.13674
1.13679
1.13679
1.13669
1.13664
1.13674
1.13671
1.13685
1.13685
1.13662
1.13657
1.13628
1.13643
1.13639
1.13639
1.13628
1.13635
1.13634
1.13637
1.1364
1.13648
1.13647
1.13679
1.13672
1.13673
1.13688
1.13675
1.1369
1.13695
1.13698
1.13685
1.13684
1.13685
1.13695
1.13703
1.13708
1.13705
1.13691
1.13704
1.13684
1.13674
1.13672
1.13681
1.13682
1.13678
1.13668
1.13667
1.13663
1.13656
1.13664
1.13659
1.13659
1.13665
1.13668
1.13672
1.13677
1.13673
1.13671
1.13683
1.13668
1.1367
1.13674
1.13672
1.13663
1.13664
1.13668
1.13664
1.13664
1.13672
1.13665
1.1367
1.13674
1.13674
1.13685
1.13694
1.13696
1.13693
1.13698
1.13698
1.13715
1.13709
1.13709
1.13711
1.13702
1.13694
1.13694
1.13704
1.13699
1.13719
1.13721
1.13726
1.13725
1.13713
1.13715
1.13719
1.13728
1.13734
1.13748
1.13748
1.13748
1.1376
1.13759
1.13759
1.13747
1.13742
1.13742
1.13735
1.13739
1.13738
1.13739
1.13745
1.13743
1.13733
1.13734
1.13733
1.13729
1.13749
1.13768
1.13752
1.13751
1.13755
1.13756
1.13759
1.13756
1.13752
1.13755
1.13755
1.13754
1.13742
1.13742
1.13733
1.13726
1.13725
1.13723
1.13722
1.13716
1.13729
1.13734
1.13733
1.13738
1.13739
1.13736
1.13733
1.13733
1.13736
1.13734
1.1374
1.13742
1.13742
1.1374
1.13739
1.13743
1.13743
1.13733
1.13737
1.13739
1.13739
1.13739
1.13733
1.13734
1.13739
1.13738
1.1374
1.13748
1.13748
1.13753
1.13753
1.13753
1.1375
1.13755
1.1376
1.13759
1.13757
1.13754
1.13753
1.13755
1.13753
1.13724
1.13737
1.13742
1.13742
1.1374
1.13753
1.13753
1.1375
1.1375
1.13755
1.13759
1.13758
1.13759
1.13756
1.13753
1.13753
1.13751
1.13754
1.13755
1.13759
1.13754
1.13755
1.13754
1.13761
1.13757
1.13756
1.13755
1.13754
1.13752
1.13748
1.13746
1.13748
1.13753
1.13753
1.13755
1.13759
1.13759
1.13759
1.13754
1.13753
1.13748
1.13748
1.13746
1.13748
1.13748
1.13755
1.13769
1.13773
1.13769
1.13768
1.13763
1.13763
1.13762
1.13759
1.13755
1.13751
1.13752
1.13753
1.13753
1.1375
1.13748
1.13748
1.13746
1.13753
1.13748
1.13747
1.13747
1.1375
1.13753
1.13752
1.13752
1.13747
1.13746
1.13746
1.13742
1.13746
1.13749
1.13748
1.13753
1.13755
1.13759
1.13759
1.1376
1.1376
1.1376
1.1376
1.13763
1.1376
1.13762
1.13763
1.13759
1.1376
1.1376
1.1376
1.13757
1.13758
1.13754
1.13755
1.13756
1.13762
1.13762
1.1376
1.13763
1.13772
1.13777
1.13776
1.13775
1.13759
1.13769
1.13769
1.13768
1.13769
1.13769
1.13766
1.1377
1.13768
1.13767
1.13768
1.13766
1.13765
1.13758
1.13763
1.13763
1.13773
1.13773
1.13773
1.13773
1.13775
1.13779
1.13773
1.13772
1.13773
1.13773
1.13772
1.13778
1.13775
1.13773
1.1377
1.13773
1.13773
1.13769
1.13773
1.13773
1.13775
1.13777
1.13787
1.13782
1.13775
1.13779
1.13782
1.1378
1.13778
1.13782
1.13777
1.13777
1.13777
1.13773
1.13774
1.13774
1.13776
1.13773
1.13773
1.13772
1.13769
1.13771
1.13775
1.13779
1.13792
1.13789
1.13789
1.13786
1.13784
1.13778
1.1378
1.1378
1.13777
1.13777
1.13782
1.1378
1.13782
1.13789
1.13794
1.13799
1.13804
1.13789
1.13782
1.13786
1.13786
1.13801
1.13799
1.138
1.138
1.13793
1.13783
1.13794
1.13794
1.13803
1.13792
1.13786
1.13783
1.13795
1.13797
1.13798
1.13783
1.13782
1.13782
1.13784
1.13784
1.13786
1.13789
1.13793
1.13783
1.13799
1.13806
1.1379
1.13779
1.13778
1.13778
1.13787
1.13794
1.138
1.13797
1.13799
1.13796
1.13798
1.13803
1.13814
1.13814
1.13821
1.13834
1.13838
1.13833
1.13833
1.13827
1.13828
1.13816
1.13803
1.13796
1.13801
1.13803
1.13803
1.13803
1.13823
1.13824
1.13826
1.13825
1.13817
1.13821
1.1382
1.1382
1.13824
1.13836
1.13841
1.13833
1.13841
1.13843
1.13848
1.13847
1.1383
1.13833
1.13838
1.13848
1.13848
1.13845
1.13841
1.1385
1.1385
1.13854
1.1386
1.13875
1.13879
1.13868
1.13872
1.13876
1.13874
1.1388
1.13878
1.13885
1.13898
1.13889
1.13902
1.13891
1.13877
1.13868
1.13877
1.13871
1.13871
1.1388
1.13888
1.13883
1.13881
1.13877
1.13868
1.13877
1.13873
1.13881
1.1389
1.13882
1.13897
1.13878
1.13724
1.13733
1.13735
1.13756
1.13753
1.1376
1.13751
1.13725
1.13719
1.13705
1.13701
1.13694
1.13684
1.13694
1.13707
1.13299
1.13294
1.13181
1.13223
1.13211
1.13148
1.13121
1.13172
1.13198
1.13233
1.13248
1.13209
1.13156
1.13165
1.13124
1.13061
1.12939
1.12925
1.12976
1.12989
1.13003
1.13023
1.13014
1.13001
1.12988
1.13026
1.13041
1.13021
1.13014
1.13031
1.13061
1.131
1.13119
1.13122
1.13091
1.13088
1.13086
1.1311
1.13105
1.13111
1.13091
1.13071
1.13053
1.13052
1.13021
1.13016
1.1301
1.12989
1.12974
1.12995
1.12986
1.12965
1.12969
1.12955
1.12949
1.12931
1.12965
1.13009
1.13017
1.13026
1.12992
1.12976
1.1298
1.13011
1.13014
1.13019
1.13037
1.13057
1.13061
1.13068
1.13074
1.13084
1.13084
1.13082
1.13083
1.13062
1.13057
1.13058
1.13062
1.13054
1.13064
1.13033
1.13034
1.13014
1.13033
1.13057
1.13061
1.1306
1.13054
1.13048
1.13043
1.13044
1.13048
1.13045
1.13041
1.13041
1.13045
1.13044
1.1303
1.13031
1.13016
1.13018
1.13034
1.13034
1.13037
1.13072
1.1305
1.13051
1.13018
1.13018
1.13043
1.13067
1.13062
1.13034
1.12953
1.13059
1.13052
1.13048
1.1307
1.13079
1.13082
1.13101
1.13118
1.13108
1.13122
1.13122
1.13121
1.13144
1.13143
1.13156
1.13194
1.13167
1.1318
1.13175
1.1318
1.13163
1.13145
1.13152
1.13145
1.13128
1.13123
1.13079
1.13062
1.13064
1.13077
1.13077
1.13074
1.13082
1.13098
1.13092
1.13098
1.13105
1.13092
1.13091
1.13092
1.13104
1.13087
1.13083
1.13079
1.13078
1.13087
1.13105
1.13109
1.13054
1.13033
1.1303
1.13033
1.1304
1.13034
1.13038
1.13037
1.13037
1.13048
1.13037
1.13034
1.13017
1.1305
1.1303
1.13037
1.1305
1.13048
1.13036
1.13
1.13
1.12976
1.12973
1.12978
1.12979
1.12996
1.12997
1.13005
1.13
1.12987
1.12965
1.12955
1.12955
1.12966
1.12972
1.12974
1.12969
1.12957
1.1296
1.12972
1.12958
1.12943
1.12949
1.12961
1.12975
1.12979
1.12989
1.12987
1.12984
1.12974
1.12984
1.12987
1.12982
1.12982
1.12976
1.12972
1.12967
1.12987
1.12968
1.12979
1.12982
1.12997
1.12982
1.12992
1.12999
1.1298
1.12974
1.12992
1.12994
1.12984
1.1299
1.12991
1.12996
1.13005
1.13028
1.13027
1.13007
1.12993
1.12982
1.12989
1.13007
1.12996
1.13014
1.13003
1.13011
1.13007
1.12996
1.12996
1.13007
1.13037
1.13031
1.13027
1.13031
1.13041
1.13027
1.13043
1.13077
1.13084
1.13077
1.13063
1.13102
1.13084
1.13092
1.13073
1.13051
1.1306
1.13057
1.13058
1.1307
1.13053
1.1307
1.13048
1.13051
1.13055
1.13037
1.13038
1.13049
1.13038
1.13035
1.13016
1.1302
1.13021
1.13006
1.13004
1.13003
1.12973
1.12965
1.12989
1.12986
1.12976
1.12961
1.12969
1.1298
1.13
1.13016
1.13028
1.13028
1.1303
1.13035
1.13061
1.13071
1.1305
1.13052
1.13028
1.13034
1.13024
1.13028
1.13037
1.13031
1.1304
1.13047
1.13034
1.13049
1.13084
1.13104
1.13092
1.13118
1.13136
1.13145
1.13149
1.13145
1.13152
1.13106
1.13118
1.13098
1.1307
1.13049
1.13075
1.13048
1.13068
1.1305
1.1304
1.13023
1.13005
1.12973
1.12963
1.12939
1.12939
1.12904
1.12914
1.12905
1.12899
1.12926
1.12952
1.12957
1.12948
1.12976
1.12978
1.12967
1.12957
1.12953
1.12919
1.12911
1.1287
1.12881
1.12862
1.12865
1.12867
1.12855
1.12837
1.12843
1.12853
1.12841
1.12867
1.12874
1.12868
1.12859
1.12873
1.12854
1.12812
1.12806
1.12818
1.1279
1.12799
1.12817
1.12797
1.12777
1.12773
1.12783
1.12843
1.12843
1.12827
1.12811
1.128
1.12799
1.128
1.12789
1.12745
1.12759
1.12765
1.12768
1.1276
1.1277
1.12777
1.12785
1.12779
1.12766
1.12767
1.12776
1.12765
1.12789
1.12799
1.1282
1.12824
1.12847
1.12854
1.12869
1.12824
1.12806
1.12827
1.1285
1.12838
1.12834
1.12849
1.12838
1.12809
1.12817
1.12794
1.12792
1.12801
1.12807
1.12799
1.12811
1.12817
1.12812
1.128
1.12784
1.12777
1.12784
1.12794
1.12823
1.12817
1.12799
1.12773
1.12756
1.12793
1.1279
1.12806
1.12829
1.12844
1.12824
1.12811
1.12838
1.12843
1.12823
1.12827
1.12827
1.12831
1.12844
1.12847
1.12844
1.12868
1.12862
1.12874
1.1286
1.12833
1.12834
1.12844
1.12855
1.12865
1.12878
1.12899
1.12928
1.12931
1.12934
1.12943
1.12935
1.12952
1.12939
1.12909
1.12918
1.129
1.12921
1.12922
1.12919
1.12933
1.12942
1.12934
1.12922
1.12922
1.12911
1.12921
1.12908
1.129
1.12902
1.12902
1.12906
1.12902
1.12891
1.12881
1.129
1.12892
1.12865
1.12867
1.12864
1.12865
1.12874
1.12864
1.12854
1.12862
1.12879
1.12871
1.12867
1.12862
1.12878
1.1286
1.12841
1.12833
1.12852
1.12856
1.12867
1.12881
1.12891
1.1288
1.12887
1.12872
1.12875
1.12874
1.12874
1.12867
1.12862
1.12857
1.12853
1.12851
1.12831
1.12847
1.12847
1.12841
1.12847
1.12857
1.12877
1.12878
1.12874
1.12873
1.12876
1.12877
1.12882
1.12887
1.12904
1.12917
1.129
1.12912
1.12911
1.12912
1.12913
1.12909
1.12919
1.12923
1.12932
1.12931
1.12928
1.12917
1.12916
1.12922
1.12933
1.12934
1.12937
1.12948
1.12955
1.12947
1.12932
1.12947
1.12956
1.12961
1.12954
1.1297
1.12966
1.12946
1.1294
1.12916
1.12895
1.12894
1.12896
1.12894
1.12887
1.12856
1.1286
1.12847
1.12847
1.12856
1.12843
1.12845
1.12856
1.12843
1.12847
1.12858
1.1286
1.12851
1.12843
1.12847
1.12853
1.12858
1.12862
1.12844
1.12855
1.12855
1.12867
1.12872
1.12879
1.12861
1.12875
1.12882
1.12882
1.12899
1.12917
1.12919
1.12907
1.12897
1.12896
1.12902
1.12912
1.12916
1.12916
1.12922
1.12926
1.12926
1.12928
1.12931
1.12939
1.12944
1.12949
1.12945
1.12954
1.12949
1.12957
1.12944
1.12939
1.12957
1.12959
1.12955
1.12965
1.12963
1.12979
1.12979
1.12984
1.12986
1.12983
1.12979
1.12995
1.12995
1.12989
1.12974
1.12983
1.12979
1.12979
1.12989
1.12987
1.12981
1.12984
1.12994
1.12999
1.13
1.13
1.13006
1.13005
1.1301
1.13006
1.13011
1.1301
1.13005
1.12998
1.13
1.12984
1.12996
1.12987
1.12994
1.12996
1.12996
1.12987
1.12976
1.12978
1.12986
1.12999
1.12979
1.12973
1.12972
1.12984
1.12979
1.12979
1.12976
1.12982
1.12984
1.13003
1.13008
1.12996
1.12982
1.12976
1.12984
1.13001
1.12978
1.12963
1.12963
1.12959
1.12954
1.12949
1.12949
1.12949
1.12949
1.12949
1.12953
1.12955
1.12949
1.12946
1.12953
1.12954
1.12954
1.12963
1.12963
1.12979
1.12989
1.12985
1.12976
1.1298
1.12976
1.12976
1.12978
1.12973
1.1297
1.12965
1.12965
1.12963
1.12964
1.12954
1.12965
1.12966
1.12966
1.12969
1.12967
1.12974
1.12976
1.12976
1.12982
1.12985
1.12986
1.12984
1.12989
1.12991
1.12989
1.12994
1.13007
1.1301
1.13004
1.13006
1.13006
1.13014
1.13015
1.13017
1.12959
1.12957
1.12936
1.12932
1.12936
1.1295
1.12961
1.12964
1.12954
1.12967
1.12954
1.12954
1.12953
1.12957
1.12972
1.12985
1.12968
1.12976
1.12963
1.12972
1.12959
1.12943
1.12926
1.1294
1.1294
1.12941
1.12931
1.12923
1.12939
1.12939
1.12959
1.12938
1.1294
1.12936
1.12935
1.12925
1.12994
1.12965
1.12932
1.12969
1.12967
1.12964
1.12964
1.12965
1.12952
1.12969
1.12979
1.12975
1.1298
1.1298
1.1298
1.12979
1.12979
1.12987
1.12981
1.12976
1.12979
1.12987
1.12984
1.1298
1.12974
1.1297
1.12977
1.12982
1.1298
1.12982
1.1298
1.1298
1.12979
1.12981
1.1298
1.1297
1.1297
1.1297
1.12968
1.1296
1.12965
1.12965
1.1296
1.12952
1.12952
1.12945
1.12945
1.1294
1.12941
1.12955
1.1295
1.12948
1.12951
1.12951
1.12957
1.12961
1.12961
1.1296
1.12961
1.1297
1.12981
1.12981
1.12975
1.12975
1.12976
1.1298
1.12972
1.12956
1.12956
1.12956
1.12956
1.12956
1.12954
1.12954
1.12953
1.12955
1.12956
1.12955
1.12956
1.12954
1.12957
1.12956
1.12956
1.12955
1.12956
1.12971
1.12971
1.12967
1.12977
1.12977
1.12978
1.12978
1.12974
1.12973
1.12966
1.12967
1.12961
1.12961
1.12956
1.12954
1.12956
1.12956
1.12961
1.12967
1.12977
1.1298
1.12983
1.12983
1.12977
1.12976
1.12973
1.12966
1.12966
1.12967
1.12967
1.12966
1.12966
1.12967
1.12967
1.12973
1.12967
1.12966
1.12966
1.12966
1.12956
1.12958
1.12956
1.12955
1.12957
1.12948
1.12936
1.12935
1.12928
1.12921
1.12928
1.12926
1.12926
1.12925
1.12937
1.12941
1.12957
1.12963
1.12957
1.12961
1.12964
1.12961
1.12961
1.12955
1.12945
1.12947
1.1295
1.12953
1.12956
1.12956
1.12941
1.12934
1.12935
1.12931
1.12929
1.1294
1.12941
1.12946
1.12946
1.12946
1.12946
1.1294
1.12942
1.12932
1.12928
1.12928
1.12926
1.12931
1.12937
1.12935
1.12939
1.12941
1.12939
1.12935
1.12935
1.12928
1.12929
1.12929
1.12926
1.12891
1.1291
1.12906
1.1291
1.129
1.12901
1.12915
1.12915
1.1291
1.12913
1.12914
1.12911
1.12905
1.12908
1.12917
1.12908
1.12906
1.12906
1.12908
1.12909
1.12921
1.12924
1.12925
1.12934
1.12939
1.12944
1.12934
1.12928
1.12931
1.1294
1.12943
1.12944
1.1295
1.1295
1.12952
1.12955
1.12949
1.12934
1.12929
1.12928
1.12928
1.12934
1.1293
1.12931
1.1293
1.1294
1.12945
1.12946
1.12944
1.12944
1.1294
1.12939
1.12934
1.12935
1.12935
1.12938
1.12935
1.12938
1.12936
1.12945
1.12943
1.12949
1.12947
1.12944
1.12949
1.12952
1.12956
1.12961
1.12966
1.1297
1.12976
1.12982
1.12984
1.12986
1.12988
1.12983
1.12969
1.12968
1.12959
1.1296
1.12959
1.1296
1.12967
1.1297
1.12974
1.12969
1.12965
1.12963
1.12972
1.12975
1.12974
1.12975
1.12984
1.12991
1.12979
1.12975
1.12976
1.12974
1.1297
1.12972
1.12979
1.1298
1.12976
1.12973
1.12973
1.12974
1.12975
1.12972
1.1297
1.12965
1.12965
1.12967
1.12966
1.12956
1.12956
1.1296
1.1296
1.12957
1.12957
1.1296
1.1296
1.12957
1.12956
1.12957
1.12962
1.12961
1.12956
1.12955
1.12952
1.12959
1.1296
1.12957
1.12965
1.12962
1.1296
1.12961
1.12953
1.12958
1.12956
1.12956
1.12955
1.12961
1.12961
1.12961
1.12956
1.12966
1.12967
1.1297
1.12972
1.12976
1.12982
1.12979
1.12976
1.1297
1.1297
1.12973
1.12972
1.12973
1.12976
1.12975
1.12977
1.12976
1.12976
1.12976
1.12982
1.12986
1.12982
1.1298
1.1298
1.12982
1.12982
1.12976
1.12978
1.12976
1.12978
1.12993
1.1299
1.12994
1.12999
1.13003
1.12997
1.12996
1.12996
1.13001
1.12996
1.12992
1.12987
1.12985
1.12982
1.12981
1.12991
1.12992
1.12992
1.12996
1.12996
1.12996
1.12992
1.12996
1.12996
1.12997
1.12996
1.12996
1.12996
1.12996
1.12996
1.12998
1.13001
1.13003
1.12998
1.12997
1.13007
1.13001
1.13003
1.13003
1.13003
1.13005
1.13003
1.13003
1.13003
1.13003
1.13006
1.13006
1.13006
1.13005
1.13003
1.12996
1.12993
1.12997
1.12996
1.12994
1.12992
1.12995
1.12996
1.12996
1.1299
1.12989
1.12987
1.12993
1.12991
1.1299
1.12993
1.12972
1.1297
1.1297
1.12975
1.12982
1.12996
1.13005
1.13008
1.13007
1.13022
1.13023
1.13027
1.13028
1.13033
1.13037
1.1303
1.13037
1.13037
1.13022
1.13023
1.13016
1.13017
1.1302
1.13023
1.13028
1.13027
1.13014
1.13016
1.13028
1.13028
1.13017
1.13021
1.13004
1.13004
1.13003
1.13004
1.13007
1.1301
1.13014
1.13017
1.13023
1.13023
1.13022
1.13024
1.13014
1.13021
1.13017
1.13022
1.13022
1.13023
1.13023
1.13022
1.13022
1.13029
1.13037
1.13037
1.1304
1.13043
1.13038
1.13034
1.13036
1.13033
1.13035
1.13034
1.13033
1.1302
1.13016
1.13027
1.1304
1.13042
1.13038
1.13042
1.13028
1.13028
1.13022
1.13018
1.13018
1.13017
1.13018
1.13018
1.13016
1.13017
1.13013
1.13016
1.13014
1.13003
1.13023
1.13034
1.13034
1.13038
1.13043
1.13043
1.13026
1.13029
1.13041
1.13027
1.13031
1.13033
1.13031
1.1303
1.13031
1.13031
1.13033
1.13033
1.13027
1.13023
1.13033
1.13031
1.13016
1.13013
1.13
1.13006
1.13011
1.13006
1.13006
1.13016
1.13033
1.13007
1.13004
1.13006
1.13014
1.13032
1.13033
1.13034
1.13034
1.13031
1.13043
1.13037
1.13046
1.13043
1.13048
1.13048
1.13082
1.13061
1.13073
1.13068
1.13073
1.13072
1.13072
1.13073
1.13068
1.13073
1.13071
1.13081
1.13082
1.13093
1.13084
1.13087
1.13084
1.13087
1.13082
1.13078
1.13082
1.13077
1.13066
1.13057
1.13048
1.13051
1.13066
1.13066
1.1307
1.13072
1.13084
1.13091
1.13081
1.13087
1.13098
1.13104
1.13106
1.13085
1.13082
1.13092
1.13096
1.13122
1.13128
1.13138
1.13132
1.13118
1.13105
1.13089
1.13089
1.13084
1.13092
1.13129
1.13089
1.13075
1.13074
1.13064
1.13054
1.13048
1.13048
1.13047
1.1303
1.13023
1.13021
1.13023
1.13031
1.13023
1.13011
1.12994
1.12992
1.1301
1.13007
1.12996
1.12983
1.12965
1.12956
1.12965
1.12969
1.12973
1.12974
1.12984
1.12987
1.12996
1.13018
1.13013
1.12999
1.13017
1.13031
1.13035
1.13057
1.13071
1.13092
1.13087
1.13078
1.13089
1.13102
1.13108
1.13108
1.13101
1.13092
1.13081
1.13074
1.13071
1.13085
1.13055
1.13055
1.1306
1.13051
1.13047
1.13051
1.13075
1.13074
1.13077
1.13085
1.13203
1.13159
1.13156
1.13171
1.13186
1.13167
1.13199
1.13183
1.13206
1.13186
1.13176
1.1319
1.1319
1.13199
1.13184
1.13177
1.13167
1.13175
1.1318
1.13177
1.1318
1.13184
1.13184
1.1318
1.1319
1.13184
1.13196
1.13177
1.13163
1.13165
1.13177
1.13177
1.13183
1.13187
1.13193
1.13207
1.13207
1.13183
1.13177
1.13166
1.13166
1.13175
1.13184
1.13172
1.13159
1.13154
1.1316
1.13162
1.13172
1.13156
1.1318
1.1319
1.13193
1.13196
1.13186
1.13203
1.13185
1.1318
1.13198
1.13206
1.1319
1.13193
1.13211
1.13206
1.13198
1.1319
1.13187
1.13207
1.132
1.1322
1.13216
1.13224
1.13216
1.13233
1.1324
1.13233
1.13227
1.13233
1.132
1.13211
1.13196
1.13193
1.13194
1.13187
1.13197
1.1319
1.13186
1.13183
1.13177
1.1317
1.13152
1.13148
1.13152
1.13163
1.13166
1.13179
1.13177
1.13183
1.1318
1.13173
1.13159
1.13168
1.13158
1.13153
1.1317
1.13163
1.13172
1.13165
1.13152
1.13135
1.13149
1.13156
1.13156
1.1316
1.13145
1.13154
1.13142
1.13132
1.13128
1.13128
1.13125
1.13136
1.13118
1.13119
1.13121
1.13125
1.13105
1.13082
1.13082
1.13075
1.13074
1.13077
1.13069
1.13074
1.13075
1.13058
1.13043
1.13049
1.13043
1.13041
1.13043
1.13054
1.13054
1.13048
1.13055
1.1306
1.13058
1.13061
1.13075
1.13075
1.13074
1.13077
1.13067
1.13071
1.13081
1.13079
1.13078
1.13079
1.13071
1.13071
1.13071
1.13075
1.13081
1.13085
1.13082
1.13075
1.13075
1.13078
1.13098
1.13089
1.13102
1.13095
1.13096
1.13088
1.13095
1.13092
1.13092
1.13093
1.13087
1.13092
1.13098
1.13116
1.13115
1.13118
1.13122
1.13128
1.13136
1.13145
1.13154
1.13165
1.13159
1.13183
1.13187
1.13197
1.13198
1.1319
1.1317
1.13186
1.13173
1.1318
1.13173
1.13193
1.13206
1.13207
1.13231
1.13206
1.132
1.13204
1.13204
1.13207
1.13206
1.13217
1.13211
1.13213
1.1322
1.13192
1.1318
1.132
1.13203
1.13204
1.13226
1.13221
1.13216
1.13213
1.13201
1.13201
1.13211
1.13216
1.13215
1.13233
1.13237
1.13231
1.13228
1.13213
1.1321
1.13213
1.13196
1.13198
1.13207
1.13186
1.13172
1.13183
1.13216
1.13227
1.13189
1.13169
1.13167
1.13166
1.13177
1.1319
1.13186
1.13206
1.13204
1.1324
1.1325
1.1322
1.13213
1.13211
1.13211
1.13218
1.13207
1.13203
1.13201
1.13197
1.13212
1.13175
1.13166
1.13159
1.1317
1.13157
1.13165
1.13159
1.13142
1.13143
1.13136
1.13145
1.13145
1.13157
1.13153
1.13146
1.13142
1.13159
1.13152
1.13156
1.13157
1.13146
1.13145
1.13167
1.1315
1.13156
1.1316
1.1315
1.13156
1.13177
1.13165
1.13153
1.13175
1.13145
1.13172
1.13166
1.13122
1.13191
1.13175
1.13176
1.13177
1.13178
1.13177
1.13167
1.13156
1.13165
1.13152
1.1315
1.13153
1.13148
1.13143
1.13133
1.13136
1.13145
1.1314
1.13139
1.13146
1.13136
1.13132
1.13132
1.13163
1.13169
1.13166
1.13157
1.13152
1.13167
1.13157
1.13183
1.13169
1.13193
1.13213
1.13203
1.13206
1.13203
1.13216
1.13204
1.1321
1.13227
1.13241
1.13245
1.13241
1.13233
1.13223
1.13216
1.1321
1.13213
1.13206
1.13187
1.13181
1.13207
1.13223
1.13217
1.13223
1.1322
1.13203
1.13216
1.13192
1.13193
1.13193
1.13227
1.13247
1.1324
1.13282
1.13292
1.13292
1.13292
1.13285
1.13272
1.13278
1.13268
1.13265
1.1327
1.13257
1.13265
1.1326
1.1326
1.13267
1.1327
1.13278
1.13271
1.13267
1.13264
1.13257
1.1327
1.13277
1.13308
1.13306
1.13294
1.13294
1.13277
1.13268
1.13271
1.1326
1.13269
1.13285
1.13295
1.13286
1.13285
1.13277
1.13268
1.13279
1.13294
1.13299
1.13289
1.13301
1.13282
1.13298
1.13288
1.13265
1.13281
1.13279
1.13284
1.13253
1.13242
1.13233
1.13216
1.1322
1.13193
1.13189
1.1319
1.13176
1.13179
1.1318
1.13185
1.13167
1.13186
1.13179
1.13196
1.13206
1.13204
1.1322
1.13204
1.13212
1.13163
1.13152
1.1316
1.13171
1.13176
1.13172
1.13149
1.1315
1.13149
1.13131
1.13128
1.13143
1.13139
1.13122
1.13122
1.13136
1.13121
1.13136
1.13152
1.13157
1.13152
1.13162
1.13142
1.13152
1.13153
1.13143
1.13133
1.1315
1.13129
1.13108
1.13127
1.13125
1.13132
1.13125
1.13132
1.13125
1.1313
1.13136
1.13143
1.13139
1.13135
1.13125
1.13116
1.13111
1.13118
1.13125
1.13114
1.13105
1.13112
1.13102
1.13136
1.1313
1.13132
1.13132
1.13136
1.13132
1.1314
1.13132
1.13111
1.13111
1.13122
1.13132
1.13149
1.13157
1.13152
1.13145
1.13128
1.13123
1.13125
1.13132
1.13136
1.13143
1.13136
1.13127
1.13111
1.13113
1.13114
1.13114
1.13122
1.13112
1.1311
1.13122
1.13128
1.13127
1.13125
1.13125
1.13137
1.13136
1.13136
1.1315
1.13146
1.13157
1.13152
1.13151
1.13163
1.13171
1.13177
1.13187
1.13199
1.132
1.13206
1.13197
1.13166
1.13163
1.13167
1.13171
1.13174
1.1318
1.13206
1.13181
1.1319
1.13217
1.13233
1.13252
1.13257
1.1323
1.13227
1.13226
1.1322
1.13224
1.13222
1.13211
1.13222
1.13222
1.13244
1.13231
1.13206
1.13201
1.13203
1.13206
1.1322
1.13227
1.13224
1.13211
1.13206
1.13181
1.13194
1.13186
1.13185
1.13201
1.13203
1.13201
1.13207
1.13224
1.13218
1.1322
1.13217
1.13218
1.13222
1.13227
1.13222
1.13221
1.13224
1.13207
1.13187
1.13184
1.13197
1.13189
1.13156
1.13146
1.13129
1.13122
1.13122
1.13131
1.13137
1.13137
1.13136
1.13137
1.13132
1.13133
1.13122
1.13125
1.13133
1.13126
1.13131
1.13112
1.13127
1.13126
1.13118
1.13122
1.13122
1.13122
1.13132
1.1314
1.13138
1.13129
1.13122
1.13115
1.13127
1.13122
1.13122
1.13118
1.13117
1.13117
1.13119
1.13122
1.13113
1.13111
1.13116
1.13114
1.13117
1.13117
1.13118
1.13122
1.13126
1.13123
1.13128
1.13131
1.13121
1.13113
1.13122
1.13118
1.13112
1.13122
1.13117
1.13123
1.13115
1.13117
1.13119
1.13128
1.13132
1.13139
1.1315
1.13146
1.13137
1.13118
1.13118
1.13114
1.13108
1.13115
1.13115
1.13113
1.13117
1.13114
1.13114
1.13114
1.13115
1.13117
1.13116
1.13117
1.13114
1.13114
1.13114
1.13113
1.13113
1.13111
1.13111
1.13118
1.13116
1.13115
1.13116
1.13116
1.13118
1.13104
1.13115
1.13118
1.13111
1.13111
1.13109
1.13112
1.13114
1.1311
1.13116
1.13118
1.13135
1.13139
1.13143
1.13142
1.13143
1.13145
1.13144
1.13141
1.13137
1.13129
1.13136
1.13137
1.13136
1.13138
1.13136
1.13136
1.13136
1.13128
1.13125
1.13121
1.1314
1.13143
1.13135
1.13138
1.13141
1.1314
1.13138
1.13139
1.13145
1.13144
1.13143
1.13141
1.13148
1.13147
1.13139
1.13142
1.13137
1.13137
1.13138
1.13138
1.13146
1.13136
1.13133
1.13143
1.13132
1.13128
1.13128
1.13131
1.13127
1.13143
1.13139
1.13142
1.13143
1.13144
1.13142
1.13151
1.13132
1.13137
1.1314
1.13143
1.13143
1.13136
1.13136
1.13142
1.13153
1.13152
1.13158
1.13163
1.13172
1.13163
1.1317
1.13172
1.13172
1.13172
1.13173
1.13183
1.1319
1.13189
1.13187
1.13193
1.13191
1.13187
1.13191
1.13191
1.13189
1.13185
1.13177
1.13174
1.13165
1.13157
1.13154
1.1316
1.13159
1.13156
1.13166
1.13165
1.13155
1.1315
1.1315
1.13151
1.13152
1.13152
1.1315
1.13152
1.13152
1.13156
1.13153
1.13152
1.13151
1.13151
1.13146
1.13146
1.13153
1.13152
1.13153
1.13154
1.13151
1.13151
1.13151
1.13146
1.13145
1.13143
1.13145
1.13145
1.13146
1.13145
1.13148
1.13149
1.13151
1.13151
1.13151
1.1315
1.13149
1.13162
1.13155
1.13158
1.13158
1.1316
1.13172
1.13163
1.13157
1.13155
1.13157
1.13163
1.1315
1.13155
1.1316
1.13153
1.13152
1.1315
1.13146
1.1315
1.1315
1.13149
1.13145
1.13145
1.13148
1.13148
1.13149
1.1315
1.13151
1.1315
1.1315
1.13156
1.13157
1.13162
1.13164
1.13165
1.13164
1.1316
1.1316
1.1316
1.1316
1.13151
1.13151
1.13154
1.13155
1.13155
1.13153
1.1316
1.13153
1.13151
1.13154
1.13152
1.13135
1.13139
1.13145
1.13139
1.13138
1.1314
1.13145
1.13145
1.13157
1.13152
1.1315
1.13142
1.13162
1.13158
1.13152
1.13146
1.1315
1.13152
1.13145
1.13145
1.13145
1.13136
1.13136
1.13136
1.13137
1.13142
1.13146
1.13152
1.13149
1.13145
1.13146
1.13146
1.13146
1.13152
1.13145
1.13153
1.13153
1.13154
1.13152
1.13153
1.13154
1.13152
1.13153
1.13151
1.13154
1.13154
1.13154
1.13166
1.13172
1.13172
1.13172
1.13174
1.13172
1.13175
1.13188
1.1318
1.13172
1.13171
1.13176
1.13177
1.13177
1.13186
1.13186
1.13188
1.13186
1.13187
1.13196
1.13201
1.132
1.13196
1.132
1.13203
1.13213
1.13217
1.13211
1.13207
1.13206
1.13216
1.13206
1.13207
1.13206
1.13212
1.13209
1.13206
1.13198
1.13186
1.1318
1.1318
1.1318
1.13175
1.13178
1.13176
1.13176
1.13172
1.13177
1.13176
1.13175
1.13171
1.1318
1.13179
1.13172
1.13167
1.13166
1.1316
1.13152
1.13156
1.1315
1.13164
1.13161
1.13167
1.13166
1.1316
1.13161
1.13167
1.13167
1.13171
1.13175
1.13171
1.13167
1.13166
1.13166
1.13156
1.13159
1.1316
1.1316
1.13154
1.13152
1.13156
1.13148
1.13151
1.1315
1.13152
1.13152
1.13154
1.1315
1.13146
1.13152
1.13153
1.13163
1.13159
1.13157
1.13163
1.13163
1.13162
1.13157
1.13159
1.1316
1.13159
1.13163
1.13156
1.13151
1.13155
1.13154
1.13156
1.13152
1.13155
1.13153
1.13154
1.13157
1.13155
1.13156
1.13156
1.13156
1.13156
1.13154
1.13156
1.13156
1.13156
1.13157
1.13156
1.13162
1.13162
1.13163
1.13167
1.13166
1.13171
1.13163
1.13153
1.13157
1.13169
1.13163
1.13163
1.13152
1.13151
1.13156
1.13158
1.13157
1.13162
1.13161
1.13162
1.13156
1.13163
1.13163
1.13163
1.13154
1.13153
1.13159
1.13159
1.13153
1.13152
1.13153
1.13152
1.13152
1.13152
1.13145
1.13152
1.13148
1.13157
1.13157
1.13158
1.13156
1.13155
1.13153
1.13152
1.13152
1.13153
1.13153
1.13153
1.13159
1.13159
1.13159
1.13159
1.13156
1.13158
1.13157
1.13153
1.13153
1.13152
1.13153
1.13152
1.13157
1.13162
1.13158
1.13163
1.13167
1.13169
1.13178
1.13167
1.13167
1.13162
1.13162
1.13162
1.13161
1.13167
1.13172
1.13171
1.13168
1.13175
1.13166
1.13167
1.13167
1.13165
1.13163
1.13152
1.13151
1.13151
1.13146
1.13148
1.13146
1.13145
1.13148
1.13147
1.13149
1.13147
1.13143
1.13143
1.13145
1.1315
1.13148
1.13148
1.13145
1.13152
1.13152
1.13151
1.13152
1.13151
1.1315
1.13149
1.13148
1.13141
1.13139
1.13132
1.13125
1.13126
1.13128
1.13128
1.13125
1.13122
1.13123
1.13123
1.13124
1.13122
1.13122
1.13127
1.13128
1.13126
1.13124
1.13118
1.13122
1.13111
1.13111
1.13111
1.13108
1.13107
1.13106
1.13105
1.13105
1.13102
1.13105
1.13102
1.13102
1.13107
1.13111
1.1311
1.13108
1.13106
1.13108
1.13102
1.13102
1.13098
1.13096
1.13104
1.13087
1.13098
1.13092
1.13096
1.13098
1.13095
1.13098
1.13095
1.13098
1.13095
1.13098
1.13104
1.13108
1.13108
1.13103
1.13092
1.13081
1.13087
1.13078
1.13077
1.13077
1.13088
1.13088
1.13074
1.13074
1.13062
1.13064
1.13062
1.13061
1.1306
1.13057
1.13057
1.13069
1.13074
1.13074
1.13081
1.1308
1.13074
1.13071
1.13072
1.13071
1.13071
1.13072
1.13077
1.13077
1.13077
1.13083
1.13093
1.13084
1.13086
1.13076
1.13085
1.1309
1.13091
1.13082
1.13101
1.13101
1.13099
1.1309
1.13084
1.13094
1.1309
1.13079
1.13085
1.1309
1.13092
1.13096
1.13098
1.13095
1.13104
1.13105
1.13112
1.13105
1.13103
1.1311
1.13115
1.13115
1.13115
1.13116
1.13119
1.13119
1.13113
1.13105
1.13108
1.13098
1.13103
1.13107
1.13111
1.13103
1.13095
1.13094
1.13086
1.13079
1.1308
1.13083
1.13084
1.13095
1.13079
1.13057
1.13068
1.13077
1.13118
1.13102
1.13111
1.13113
1.13112
1.13108
1.13111
1.13102
1.13107
1.13102
1.13101
1.13102
1.13074
1.13072
1.13083
1.13083
1.13084
1.13084
1.13088
1.13084
1.13094
1.13095
1.13101
1.1311
1.13098
1.13099
1.13115
1.13116
1.13131
1.13129
1.13116
1.13123
1.13133
1.13137
1.13133
1.13123
1.13136
1.13167
1.13152
1.13152
1.1315
1.13159
1.13148
1.13143
1.13156
1.13145
1.13146
1.13152
1.13137
1.13132
1.13127
1.13122
1.13142
1.13137
1.13142
1.13141
1.13127
1.13136
1.13104
1.13121
1.13131
1.13142
1.13137
1.13121
1.13119
1.13106
1.13092
1.13076
1.13089
1.13071
1.13087
1.13087
1.1306
1.13078
1.13095
1.13089
1.13089
1.13071
1.1306
1.13041
1.1306
1.1309
1.13102
1.13102
1.13087
1.13084
1.13084
1.13074
1.13057
1.13061
1.13054
1.13074
1.13068
1.13069
1.13054
1.1305
1.13057
1.13062
1.13058
1.13055
1.13053
1.13053
1.13055
1.13084
1.13084
1.13089
1.13098
1.13098
1.13092
1.13102
1.13102
1.13097
1.13101
1.13092
1.13087
1.13064
1.13068
1.13072
1.13084
1.13098
1.1311
1.13102
1.13096
1.13098
1.13088
1.13088
1.13088
1.13084
1.1311
1.13127
1.13118
1.13128
1.13108
1.13088
1.13092
1.13109
1.13108
1.13118
1.13126
1.13129
1.13128
1.13123
1.13123
1.13138
1.13133
1.13142
1.13127
1.13108
1.13101
1.13123
1.13124
1.13121
1.13111
1.1311
1.13106
1.13115
1.13115
1.13104
1.13109
1.13102
1.13093
1.13095
1.13108
1.1311
1.13111
1.13128
1.13137
1.13132
1.13141
1.13163
1.13163
1.1318
1.13183
1.13169
1.13183
1.1318
1.13172
1.13162
1.13163
1.13192
1.13183
1.13184
1.13172
1.13166
1.13171
1.13163
1.13162
1.13163
1.13164
1.13177
1.13177
1.13171
1.13153
1.13158
1.1315
1.13154
1.13162
1.13172
1.13178
1.13176
1.13176
1.13192
1.13186
1.13192
1.13202
1.13203
1.13194
1.13186
1.13189
1.13189
1.13196
1.13187
1.1318
1.13179
1.13177
1.13169
1.13172
1.13175
1.13177
1.13171
1.1316
1.13167
1.13197
1.13189
1.13197
1.13228
1.13234
1.13257
1.1324
1.13238
1.13255
1.13254
1.13254
1.13254
1.13238
1.13236
1.13233
1.13212
1.13213
1.13211
1.13218
1.13225
1.13238
1.13236
1.13246
1.13245
1.1323
1.1324
1.13233
1.13233
1.13223
1.13221
1.13197
1.13204
1.1322
1.13224
1.13211
1.13217
1.13211
1.13216
1.13213
1.13186
1.13159
1.13168
1.13176
1.1316
1.13169
1.13153
1.13169
1.13166
1.13156
1.13152
1.13152
1.13136
1.13134
1.13127
1.13122
1.13133
1.13143
1.13137
1.13144
1.13159
1.13149
1.13149
1.13152
1.13147
1.13132
1.13132
1.13136
1.13136
1.13127
1.13123
1.13112
1.13106
1.13093
1.13102
1.13106
1.13088
1.13078
1.1311
1.13109
1.13102
1.13108
1.13109
1.13105
1.13098
1.13087
1.13089
1.13089
1.13058
1.1307
1.13074
1.13072
1.13061
1.13061
1.13057
1.13067
1.13048
1.1306
1.13034
1.13038
1.13014
1.12987
1.13007
1.12994
1.13004
1.12984
1.13014
1.12989
1.13004
1.13014
1.12973
1.12937
1.12952
1.12943
1.12948
1.12944
1.12964
1.12963
1.12939
1.12935
1.12949
1.12949
1.12956
1.12939
1.12906
1.12915
1.12926
1.12898
1.12887
1.12892
1.12891
1.12865
1.12854
1.12867
1.12851
1.12879
1.12885
1.12885
1.12879
1.12868
1.12872
1.1287
1.1289
1.12894
1.12894
1.12919
1.12934
1.12933
1.1294
1.12919
1.12911
1.12886
1.12896
1.12899
1.12894
1.12894
1.12899
1.12915
1.12928
1.12921
1.12942
1.12953
1.12948
1.12935
1.12926
1.12925
1.12931
1.12912
1.12892
1.12878
1.12881
1.12881
1.12882
1.12874
1.12838
1.1285
1.12843
1.12851
1.12847
1.12847
1.12841
1.12813
1.1283
1.12835
1.12844
1.1284
1.12853
1.12864
1.12856
1.12864
1.12847
1.12847
1.12844
1.12849
1.12854
1.12855
1.12881
1.12899
1.12881
1.12891
1.12904
1.12917
1.12904
1.12916
1.129
1.12913
1.12908
1.12894
1.12891
1.12902
1.12899
1.12926
1.12932
1.12927
1.12926
1.12916
1.12927
1.12917
1.12916
1.12939
1.12938
1.12942
1.12938
1.12943
1.12933
1.12935
1.12935
1.12916
1.12899
1.12908
1.12925
1.12909
1.12941
1.12953
1.12939
1.12939
1.12953
1.12943
1.12935
1.12939
1.12929
1.12922
1.12939
1.12949
1.12953
1.12955
1.12965
1.12983
1.12976
1.12973
1.12966
1.12963
1.1298
1.12994
1.12969
1.12976
1.12976
1.12967
1.12967
1.12953
1.12943
1.12953
1.12957
1.12942
1.12929
1.12917
1.12916
1.12906
1.12908
1.12918
1.12908
1.12909
1.12926
1.12916
1.12947
1.12936
1.12949
1.12935
1.1292
1.12921
1.12933
1.12934
1.12939
1.12938
1.12928
1.12923
1.12929
1.12924
1.12943
1.12938
1.12948
1.12953
1.12942
1.12929
1.1293
1.12921
1.12916
1.12938
1.12856
1.12854
1.12843
1.12843
1.12845
1.12854
1.12844
1.1286
1.12838
1.12855
1.12874
1.12879
1.12841
1.12831
1.12823
1.12787
1.12794
1.12792
1.128
1.12806
1.12812
1.12817
1.12835
1.12845
1.12845
1.12845
1.12864
1.12855
1.12871
1.12865
1.12858
1.12872
1.12872
1.12867
1.12864
1.12858
1.1285
1.12847
1.12844
1.12844
1.12855
1.12858
1.12847
1.12854
1.12855
1.12872
1.12878
1.12875
1.12871
1.12867
1.12882
1.12874
1.12885
1.12879
1.12871
1.12865
1.12877
1.12877
1.12874
1.12882
1.12881
1.12884
1.12885
1.12885
1.12882
1.12894
1.12896
1.12901
1.12892
1.12882
1.12881
1.12888
1.12882
1.12884
1.12881
1.12884
1.12878
1.12885
1.12882
1.12875
1.12875
1.12927
1.12939
1.12908
1.12908
1.1291
1.12908
1.12909
1.12909
1.12865
1.12873
1.12855
1.12832
1.12827
1.1283
1.12817
1.12804
1.12803
1.12817
1.12813
1.12783
1.12787
1.12803
1.12813
1.1282
1.12817
1.12827
1.12825
1.12812
1.12806
1.12812
1.12806
1.12807
1.12811
1.12827
1.12831
1.12837
1.12834
1.12838
1.12833
1.12827
1.12827
1.12824
1.12824
1.12824
1.12823
1.12833
1.12827
1.12838
1.12834
1.12835
1.12833
1.12835
1.12824
1.12806
1.12804
1.12814
1.12834
1.12826
1.12824
1.12817
1.12814
1.12817
1.12807
1.12808
1.12821
1.12831
1.1282
1.12812
1.12823
1.12814
1.1282
1.1282
1.12824
1.12826
1.12835
1.12831
1.12827
1.12813
1.12811
1.12812
1.12811
1.12809
1.12798
1.12807
1.12794
1.12779
1.12776
1.12766
1.12777
1.12774
1.12774
1.12787
1.12784
1.12781
1.12794
1.12799
1.12803
1.128
1.12797
1.12799
1.12804
1.12809
1.12806
1.12811
1.12807
1.12776
1.12767
1.12767
1.12776
1.12776
1.12774
1.12778
1.12774
1.12774
1.12777
1.12779
1.12774
1.12782
1.1277
1.12772
1.12774
1.12783
1.12783
1.12799
1.12801
1.1281
1.12794
1.12807
1.12796
1.12794
1.12794
1.12784
1.12774
1.12772
1.12772
1.12777
1.12772
1.12773
1.12773
1.12777
1.12784
1.12787
1.12785
1.12783
1.12777
1.12773
1.12776
1.12764
1.12759
1.12758
1.12745
1.12743
1.12743
1.12728
1.12743
1.12736
1.12725
1.12736
1.12737
1.12738
1.12736
1.1274
1.12745
1.12745
1.12742
1.12735
1.12733
1.12741
1.12737
1.12736
1.12729
1.12721
1.12679
1.12685
1.12689
1.12694
1.12694
1.12698
1.12697
1.12711
1.12709
1.12708
1.12709
1.12692
1.12693
1.12694
1.12698
1.12689
1.12688
1.12689
1.12685
1.12684
1.12655
1.1265
1.12648
1.12644
1.12636
1.12641
1.12636
1.12637
1.1264
1.12641
1.12648
1.12654
1.12654
1.12655
1.12655
1.12661
1.12662
1.12668
1.12672
1.12669
1.12668
1.12668
1.12657
1.1266
1.1266
1.12657
1.12671
1.12672
1.12677
1.12673
1.12676
1.12673
1.12671
1.12671
1.12673
1.12662
1.12662
1.12667
1.1265
1.12659
1.1265
1.12649
1.12655
1.12661
1.12658
1.12646
1.1264
1.12649
1.12655
1.12664
1.12664
1.12671
1.12663
1.12662
1.12668
1.12671
1.12668
1.12668
1.12666
1.12685
1.12681
1.12681
1.12681
1.12684
1.12683
1.12683
1.12683
1.12684
1.12685
1.12702
1.12681
1.12686
1.12685
1.12686
1.12688
1.12689
1.12688
1.12691
1.12689
1.12692
1.12696
1.12702
1.12691
1.12694
1.12719
1.12702
1.12704
1.12709
1.12705
1.12706
1.12702
1.12708
1.12704
1.12724
1.12717
1.12717
1.12715
1.12718
1.12718
1.12723
1.12719
1.12721
1.12718
1.12715
1.12713
1.12715
1.12714
1.12714
1.12717
1.12729
1.12757
1.12752
1.1277
1.12757
1.12752
1.12752
1.12752
1.12758
1.12764
1.12758
1.12757
1.12753
1.12756
1.12753
1.12751
1.12746
1.12744
1.12742
1.12742
1.12737
1.12741
1.12742
1.12741
1.12742
1.12737
1.12737
1.12737
1.12741
1.12748
1.12745
1.1275
1.12752
1.12754
1.12752
1.12755
1.12755
1.12754
1.1275
1.12756
1.12756
1.12756
1.12749
1.12757
1.12756
1.12756
1.12751
1.12745
1.12747
1.12746
1.12745
1.12746
1.12746
1.12746
1.12746
1.12743
1.12746
1.12746
1.12755
1.12757
1.12759
1.12763
1.12759
1.12762
1.12765
1.12763
1.12759
1.12766
1.12762
1.12761
1.12761
1.12754
1.12757
1.12762
1.12759
1.12761
1.12762
1.12762
1.12756
1.12757
1.12752
1.12756
1.1276
1.1276
1.12763
1.12762
1.12759
1.1275
1.12751
1.1275
1.12752
1.12751
1.12751
1.1275
1.1275
1.12751
1.12746
1.12746
1.12745
1.12736
1.1274
1.1274
1.1274
1.12732
1.1273
1.12731
1.12735
1.12741
1.1274
1.1274
1.12735
1.12731
1.12735
1.12736
1.12739
1.12741
1.12738
1.12726
1.12729
1.12729
1.12733
1.12736
1.12732
1.12732
1.12729
1.12726
1.12724
1.12724
1.12698
1.12695
1.12689
1.12679
1.12682
1.12678
1.12678
1.12668
1.12666
1.12662
1.1267
1.12679
1.12679
1.12679
1.1268
1.12681
1.12679
1.12668
1.12668
1.12668
1.12662
1.12663
1.1266
1.12648
1.12628
1.12627
1.1264
1.12659
1.12691
1.12691
1.12685
1.1267
1.12671
1.12604
1.12633
1.12614
1.12628
1.12624
1.12624
1.12618
1.12624
1.12637
1.12641
1.12638
1.12634
1.12618
1.12616
1.12623
1.12628
1.12626
1.12624
1.12607
1.12589
1.126
1.12601
1.12605
1.12605
1.12627
1.12627
1.12645
1.12647
1.1265
1.1265
1.12647
1.12645
1.12654
1.12656
1.12662
1.1266
1.12661
1.1266
1.12662
1.12669
1.12667
1.12655
1.12654
1.12638
1.12645
1.12641
1.12644
1.12639
1.1264
1.12623
1.12607
1.12593
1.12594
1.12583
1.1258
1.12579
1.12565
1.12564
1.12562
1.12556
1.12558
1.12576
1.12555
1.12562
1.12565
1.12566
1.12555
1.12539
1.12543
1.12534
1.12523
1.1253
1.12526
1.12522
1.12522
1.12529
1.1253
1.12535
1.1254
1.12546
1.1255
1.12549
1.12546
1.12542
1.12549
1.12545
1.1254
1.12529
1.12535
1.12546
1.12549
1.12555
1.12562
1.12556
1.12563
1.12565
1.12574
1.12569
1.12566
1.12555
1.12553
1.12546
1.12539
1.12522
1.12516
1.12523
1.12522
1.12529
1.12539
1.12535
1.12531
1.1253
1.12528
1.12529
1.12556
1.12555
1.12561
1.12557
1.12568
1.1257
1.12573
1.1257
1.12562
1.12563
1.1256
1.1256
1.12562
1.12559
1.12559
1.12558
1.1256
1.1256
1.12557
1.12559
1.12557
1.12553
1.12549
1.12554
1.12552
1.12553
1.12548
1.12552
1.1255
1.12555
1.12555
1.12553
1.1255
1.12554
1.12549
1.12549
1.12552
1.12552
1.12554
1.12555
1.12555
1.12554
1.12554
1.12555
1.12555
1.12554
1.12553
1.1255
1.12549
1.12551
1.12552
1.12554
1.12555
1.12554
1.1255
1.12549
1.12549
1.12549
1.12549
1.12549
1.12536
1.12539
1.12543
1.1254
1.1254
1.12529
1.12532
1.12534
1.12534
1.12539
1.12543
1.12539
1.12545
1.12552
1.12557
1.12568
1.12561
1.12568
1.12567
1.12562
1.12565
1.1256
1.12566
1.12563
1.12561
1.12561
1.12567
1.12562
1.12565
1.12563
1.12567
1.12566
1.12562
1.12561
1.12562
1.12565
1.12557
1.12555
1.12555
1.12555
1.12555
1.1256
1.12555
1.1256
1.12561
1.1256
1.12561
1.12561
1.12561
1.12562
1.12556
1.12552
1.1256
1.12566
1.12566
1.12565
1.12566
1.12569
1.12569
1.12566
1.12567
1.12569
1.12574
1.12575
1.1258
1.12579
1.1258
1.12583
1.12584
1.12584
1.12587
1.12587
1.12589
1.12584
1.1258
1.12584
1.12587
1.1258
1.1258
1.1258
1.12581
1.12574
1.1258
1.1258
1.12579
1.12577
1.12583
1.12586
1.12587
1.12589
1.12591
1.1259
1.1258
1.12579
1.1258
1.12579
1.12584
1.12584
1.12584
1.12583
1.12583
1.1258
1.12579
1.12579
1.12578
1.12581
1.12567
1.12558
1.12553
1.12539
1.12554
1.12554
1.12558
1.1256
1.12559
1.12555
1.12559
1.12566
1.12568
1.12567
1.12569
1.12566
1.12558
1.12557
1.12563
1.12573
1.12579
1.12579
1.12575
1.1258
1.12575
1.12579
1.12574
1.12574
1.12581
1.12591
1.12581
1.12592
1.12596
1.12603
1.12603
1.12598
1.12596
1.12587
1.12601
1.12597
1.12596
1.1258
1.12576
1.12589
1.12589
1.1259
1.12594
1.12596
1.12594
1.12596
1.12597
1.12598
1.12596
1.12593
1.12587
1.12601
1.12601
1.12606
1.12605
1.12621
1.12626
1.12627
1.12632
1.12624
1.12619
1.12615
1.12627
1.12627
1.12628
1.12627
1.12636
1.12627
1.12619
1.12626
1.12635
1.12629
1.12643
1.12648
1.12644
1.12662
1.12641
1.12634
1.12623
1.12617
1.12616
1.12616
1.126
1.12589
1.1259
1.12594
1.12604
1.12597
1.12596
1.12599
1.12586
1.1258
1.12574
1.12572
1.12565
1.12549
1.1256
1.12561
1.12562
1.12569
1.12566
1.1258
1.12557
1.12535
1.12563
1.1256
1.1255
1.12574
1.12572
1.12574
1.12553
1.12549
1.12546
1.12526
1.12523
1.1253
1.12513
1.12485
1.12501
1.12505
1.12505
1.12513
1.12509
1.12496
1.12505
1.12515
1.12488
1.12479
1.12474
1.12492
1.12508
1.12492
1.12505
1.12553
1.12522
1.12522
1.12533
1.12528
1.12559
1.12577
1.12603
1.12637
1.1264
1.12637
1.12665
1.12668
1.12663
1.12685
1.12679
1.12715
1.12709
1.12723
1.12718
1.12733
1.12715
1.127
1.12682
1.12682
1.12682
1.12665
1.1266
1.12654
1.1263
1.12614
1.12618
1.12613
1.12618
1.12619
1.1263
1.12637
1.12637
1.1265
1.12651
1.12654
1.12662
1.12644
1.12675
1.12671
1.12711
1.12702
1.12729
1.12722
1.12738
1.12757
1.12762
1.12777
1.12763
1.12741
1.12756
1.1275
1.12762
1.12762
1.1276
1.12746
1.12747
1.12759
1.12742
1.1275
1.12742
1.12724
1.12724
1.12729
1.12731
1.12736
1.12732
1.12712
1.12712
1.12713
1.12702
1.12704
1.12706
1.12716
1.12721
1.12722
1.12732
1.12742
1.12742
1.12747
1.12742
1.12753
1.12757
1.12752
1.1277
1.1276
1.12755
1.12767
1.12752
1.12748
1.12748
1.12752
1.12752
1.12757
1.12755
1.12755
1.12753
1.12759
1.12779
1.12803
1.12833
1.12838
1.12834
1.12824
1.12824
1.12835
1.1282
1.1282
1.12834
1.12817
1.12826
1.12851
1.12831
1.12824
1.12793
1.12797
1.12794
1.12803
1.12804
1.12807
1.12786
1.12788
1.1278
1.12811
1.12792
1.12786
1.12786
1.12786
1.1278
1.12797
1.12772
1.12759
1.12759
1.12756
1.12756
1.1277
1.12772
1.12766
1.12776
1.12777
1.12786
1.12785
1.12782
1.12799
1.12811
1.12821
1.12823
1.1282
1.12851
1.12838
1.12844
1.1284
1.12847
1.12841
1.12823
1.12837
1.1284
1.12821
1.12817
1.12817
1.1282
1.12807
1.12801
1.12803
1.12811
1.12821
1.12827
1.12826
1.12826
1.12823
1.12816
1.12824
1.12821
1.12826
1.12826
1.12807
1.12784
1.12779
1.12784
1.12766
1.12759
1.12763
1.12753
1.12746
1.12743
1.12757
1.12762
1.12763
1.12759
1.12742
1.12733
1.12723
1.12715
1.12682
1.12701
1.12709
1.12712
1.12735
1.12728
1.12739
1.12756
1.12772
1.12766
1.1277
1.1279
1.12783
1.12794
1.12796
1.12794
1.12799
1.12792
1.12803
1.12827
1.12834
1.12824
1.12826
1.1282
1.12837
1.12838
1.12823
1.12824
1.1282
1.1282
1.12807
1.12813
1.12816
1.12807
1.128
1.12779
1.1278
1.1278
1.12782
1.1277
1.12766
1.1278
1.12766
1.12777
1.12806
1.12806
1.12792
1.12797
1.12777
1.12783
1.12794
1.12794
1.12811
1.12797
1.128
1.12791
1.12782
1.12758
1.1274
1.12724
1.12709
1.12715
1.12752
1.12748
1.12745
1.12736
1.12723
1.12723
1.12722
1.12767
1.12753
1.12762
1.12723
1.12736
1.1273
1.12705
1.12732
1.12698
1.12684
1.12737
1.12718
1.12693
1.12689
1.12697
1.12736
1.12738
1.12728
1.12746
1.12753
1.12744
1.12742
1.12722
1.12697
1.12694
1.12668
1.12698
1.12687
1.12691
1.12682
1.12702
1.12716
1.12718
1.12698
1.12738
1.12715
1.12716
1.12689
1.12672
1.1264
1.1265
1.12672
1.12632
1.12628
1.12627
1.12573
1.12563
1.12583
1.12593
1.12626
1.12614
1.12607
1.12618
1.12627
1.1261
1.12589
1.1258
1.12579
1.126
1.126
1.12591
1.12587
1.12575
1.12587
1.12586
1.12603
1.126
1.12613
1.12609
1.12579
1.12564
1.12546
1.12533
1.12528
1.12522
1.12539
1.12508
1.12519
1.12489
1.12495
1.12499
1.12513
1.12529
1.12522
1.12545
1.1254
1.12536
1.12562
1.12572
1.12572
1.12581
1.12594
1.12573
1.12587
1.1259
1.12586
1.12555
1.12546
1.12574
1.12574
1.12576
1.12569
1.1258
1.12569
1.1256
1.1257
1.12573
1.12575
1.12562
1.12587
1.126
1.12582
1.12576
1.1257
1.1255
1.12552
1.12539
1.12538
1.12533
1.12526
1.12504
1.12539
1.12546
1.12533
1.1253
1.12533
1.12515
1.12528
1.12526
1.12535
1.12505
1.12476
1.12505
1.12506
1.12508
1.12515
1.12484
1.12479
1.12458
1.12462
1.12478
1.12469
1.12485
1.12506
1.12506
1.12501
1.12495
1.12511
1.12489
1.12491
1.12498
1.12491
1.12513
1.12519
1.12525
1.12519
1.12499
1.12474
1.12475
1.12478
1.12434
1.12445
1.12431
1.12444
1.12454
1.12454
1.1244
1.12474
1.12474
1.12467
1.12454
1.12462
1.12478
1.12495
1.12501
1.12501
1.12494
1.12521
1.12521
1.12539
1.12556
1.12535
1.12556
1.12565
1.12555
1.12555
1.12513
1.12511
1.12536
1.12525
1.12525
1.12522
1.12529
1.12525
1.1253
1.1251
1.125
1.12513
1.12515
1.12515
1.1251
1.12499
1.12515
1.12515
1.12508
1.12519
1.12499
1.12496
1.12494
1.12492
1.12467
1.12487
1.12515
1.12553
1.12536
1.12512
1.12478
1.12478
1.12492
1.12519
1.1253
1.12549
1.12528
1.12515
1.12498
1.12515
1.12529
1.12539
1.12539
1.12533
1.12522
1.12519
1.12501
1.12488
1.12474
1.12465
1.12461
1.12454
1.1247
1.12474
1.12487
1.12474
1.12495
1.12515
1.12502
1.12522
1.1254
1.12539
1.1255
1.12533
1.12533
1.12533
1.12522
1.12528
1.12521
1.12523
1.12526
1.12515
1.12506
1.12523
1.12546
1.1256
1.12577
1.12575
1.12586
1.12583
1.12584
1.1259
1.1261
1.1265
1.12633
1.12633
1.12634
1.12643
1.12635
1.1263
1.12644
1.12644
1.12631
1.12623
1.12628
1.12618
1.1263
1.12626
1.12635
1.12645
1.12655
1.12641
1.12657
1.12653
1.12653
1.12647
1.12648
1.12628
1.12612
1.12597
1.12594
1.126
1.12594
1.12604
1.12593
1.12589
1.12594
1.12588
1.12587
1.12577
1.12562
1.12555
1.12562
1.12559
1.12574
1.1258
1.12574
1.1257
1.1258
1.12576
1.12577
1.12574
1.12555
1.12535
1.12535
1.12529
1.1253
1.12546
1.12539
1.12546
1.12553
1.12557
1.1255
1.12533
1.12527
1.12525
1.12529
1.12529
1.12526
1.12539
1.12533
1.1255
1.1255
1.12535
1.12533
1.12533
1.12553
1.1256
1.1255
1.12552
1.12557
1.12559
1.1256
1.12563
1.12569
1.12577
1.12589
1.12599
1.12599
1.12581
1.12569
1.12574
1.1258
1.12581
1.12574
1.12574
1.12579
1.12582
1.1258
1.12586
1.12579
1.12569
1.12586
1.12584
1.12569
1.1258
1.12587
1.12587
1.12599
1.12583
1.12594
1.12616
1.12616
1.12639
1.12633
1.1263
1.1263
1.12619
1.12636
1.12636
1.12619
1.12614
1.1261
1.12609
1.126
1.1261
1.12619
1.12616
1.12624
1.12641
1.12629
1.12614
1.12614
1.1261
1.126
1.12599
1.12583
1.12583
1.12579
1.12573
1.12565
1.1254
1.12529
1.12513
1.12516
1.12519
1.12521
1.12519
1.12533
1.12528
1.12519
1.1253
1.12526
1.1252
1.12528
1.12528
1.12528
1.12528
1.12519
1.12525
1.12522
1.12525
1.12519
1.1252
1.12522
1.12513
1.12509
1.12519
1.12519
1.12513
1.12506
1.12498
1.12487
1.12478
1.12484
1.12478
1.12491
1.12495
1.12498
1.12498
1.12489
1.125
1.125
1.12504
1.125
1.12501
1.12485
1.12499
1.12504
1.12514
1.12508
1.12512
1.12509
1.12506
1.12501
1.12501
1.12501
1.12496
1.12495
1.12492
1.12491
1.12491
1.12489
1.12483
1.12479
1.12474
1.12475
1.12476
1.12474
1.12471
1.12471
1.12472
1.12465
1.12467
1.12449
1.12451
1.1244
1.12445
1.12448
1.1245
1.1246
1.12461
1.12464
1.1246
1.1246
1.12455
1.12464
1.12455
1.12452
1.12439
1.12439
1.12444
1.12454
1.12451
1.12451
1.12461
1.12462
1.12454
1.12452
1.12455
1.1244
1.12457
1.12458
1.12461
1.12458
1.12449
1.12454
1.12452
1.12441
1.1244
1.12485
1.12485
1.12487
1.12483
1.12482
1.12492
1.12481
1.12493
1.12504
1.12494
1.12477
1.12494
1.12494
1.12495
1.12502
1.12501
1.125
1.12501
1.12504
1.12513
1.12518
1.12513
1.12519
1.12518
1.12517
1.12516
1.12511
1.12513
1.1252
1.1252
1.12518
1.12522
1.12521
1.12522
1.12523
1.12522
1.12551
1.12535
1.1253
1.12534
1.12539
1.12543
1.12544
1.12532
1.12515
1.1252
1.12511
1.12506
1.12506
1.12506
1.12512
1.1251
1.1251
1.12506
1.12499
1.12494
1.12499
1.12506
1.12506
1.12509
1.12499
1.12495
1.12506
1.12509
1.1252
1.12514
1.12504
1.12504
1.12505
1.12509
1.12509
1.12511
1.12513
1.12515
1.12514
1.12515
1.12515
1.12506
1.12509
1.12509
1.1251
1.1251
1.12526
1.12526
1.12527
1.12525
1.12525
1.12525
1.12519
1.1252
1.12514
1.12509
1.12509
1.12514
1.12495
1.12512
1.12515
1.1251
1.12501
1.12504
1.12494
1.12495
1.12494
1.12499
1.12495
1.12496
1.12495
1.12498
1.12498
1.12496
1.12492
1.1249
1.12494
1.12484
1.12492
1.12489
1.12484
1.12489
1.12485
1.12484
1.1249
1.12491
1.12491
1.12488
1.12487
1.12484
1.12484
1.12482
1.12496
1.12499
1.12495
1.12495
1.12496
1.12491
1.12492
1.1249
1.12491
1.12496
1.12495
1.12495
1.12495
1.12505
1.125
1.12502
1.12505
1.12505
1.12506
1.12507
1.12513
1.12515
1.12516
1.12516
1.12512
1.12506
1.1251
1.12516
1.1252
1.12521
1.12519
1.12522
1.12521
1.12522
1.12515
1.12516
1.12522
1.12511
1.12475
1.12478
1.12499
1.12483
1.12505
1.12515
1.12515
1.12522
1.12529
1.1254
1.12539
1.12529
1.12522
1.1252
1.12502
1.12505
1.12504
1.12495
1.12504
1.12501
1.12495
1.12494
1.12489
1.12485
1.12502
1.12511
1.12511
1.12519
1.12518
1.12516
1.12519
1.12514
1.12509
1.12509
1.12505
1.12499
1.12508
1.12505
1.12509
1.12508
1.12504
1.12504
1.12499
1.12502
1.12505
1.12509
1.12509
1.12513
1.12508
1.12509
1.12511
1.12515
1.12516
1.12482
1.12487
1.12485
1.12484
1.12482
1.12484
1.12487
1.12484
1.12478
1.12479
1.12479
1.12478
1.12475
1.12485
1.12485
1.12487
1.12492
1.12498
1.12505
1.12519
1.12521
1.12526
1.12525
1.12526
1.12515
1.12515
1.12519
1.12505
1.12484
1.12489
1.125
1.12506
1.12509
1.12517
1.12521
1.12514
1.12521
1.1253
1.12536
1.12529
1.12525
1.12519
1.12509
1.12519
1.12506
1.125
1.12495
1.12495
1.12494
1.12494
1.12494
1.12476
1.12473
1.1247
1.12458
1.12438
1.12449
1.12447
1.12454
1.12455
1.12458
1.1246
1.12465
1.12464
1.12457
1.1246
1.12467
1.12478
1.12485
1.12494
1.12485
1.12489
1.12486
1.12485
1.12487
1.12491
1.12491
1.12489
1.12491
1.12495
1.12495
1.12499
1.12499
1.12504
1.12519
1.12514
1.12515
1.12517
1.12515
1.12515
1.12515
1.12521
1.12526
1.1253
1.12531
1.1254
1.12535
1.1253
1.12526
1.12526
1.12526
1.12525
1.12524
1.12521
1.12514
1.12525
1.1254
1.12545
1.12546
1.12542
1.1254
1.12534
1.12534
1.1253
1.1253
1.12529
1.12542
1.12546
1.12546
1.12548
1.12546
1.12535
1.12539
1.12545
1.12551
1.12553
1.12542
1.12539
1.12536
1.12535
1.12528
1.12535
1.1254
1.12545
1.1255
1.12555
1.12549
1.1255
1.12555
1.12559
1.1257
1.12575
1.12575
1.12575
1.12565
1.12559
1.12557
1.12555
1.12553
1.12559
1.12558
1.12553
1.12553
1.12548
1.12548
1.12548
1.12544
1.12542
1.12542
1.12539
1.12546
1.12543
1.1254
1.12538
1.12544
1.12544
1.12545
1.12543
1.12543
1.12543
1.12539
1.12539
1.12539
1.12539
1.12542
1.12543
1.12545
1.12546
1.12549
1.12549
1.12553
1.1255
1.12549
1.12549
1.12549
1.12549
1.12537
1.12533
1.12533
1.12533
1.12533
1.1253
1.12525
1.12528
1.12527
1.12527
1.12528
1.12526
1.12532
1.12533
1.12537
1.12539
1.12549
1.12549
1.12552
1.12548
1.12539
1.12538
1.12538
1.12533
1.12538
1.12537
1.12537
1.12544
1.12545
1.12542
1.12536
1.12536
1.12542
1.12543
1.12542
1.12541
1.12536
1.12535
1.12538
1.1253
1.12528
1.12527
1.12533
1.12528
1.12529
1.12527
1.12522
1.12528
1.12526
1.12535
1.12534
1.12539
1.12539
1.12539
1.12534
1.12533
1.12543
1.12544
1.12548
1.12548
1.12545
1.12549
1.12545
1.12549
1.12544
1.12542
1.12539
1.12539
1.12542
1.12536
1.12539
1.1254
1.12549
1.12555
1.12559
1.1256
1.1256
1.1256
1.1256
1.12558
1.12559
1.1254
1.12549
1.12555
1.12548
1.12546
1.12546
1.12555
1.1255
1.12553
1.12546
1.1255
1.12555
1.1256
1.12567
1.12569
1.1256
1.12563
1.12566
1.12573
1.1257
1.12572
1.12566
1.12564
1.12558
1.12554
1.12557
1.12564
1.12567
1.12576
1.12577
1.12577
1.12566
1.12567
1.12563
1.12565
1.12562
1.12562
1.12569
1.12569
1.12556
1.12559
1.1256
1.1256
1.12562
1.12557
1.12566
1.12567
1.12567
1.12569
1.12569
1.12572
1.1258
1.12569
1.12562
1.12566
1.12575
1.1258
1.12579
1.12582
1.12577
1.12573
1.12577
1.12574
1.12574
1.12574
1.12577
1.12576
1.12583
1.12584
1.12583
1.12582
1.12582
1.12576
1.12575
1.12577
1.12587
1.12587
1.12593
1.12596
1.1259
1.12597
1.12594
1.12597
1.12599
1.12604
1.12608
1.12609
1.12604
1.12599
1.126
1.12607
1.12594
1.12583
1.12583
1.12589
1.12583
1.1256
1.12565
1.12563
1.12568
1.1257
1.12557
1.12574
1.12576
1.12576
1.12574
1.12577
1.12574
1.12584
1.12588
1.12597
1.12598
1.12588
1.12582
1.12574
1.12566
1.12573
1.12576
1.12589
1.12597
1.12594
1.12587
1.12577
1.12567
1.12566
1.12557
1.12568
1.12573
1.12572
1.12567
1.12574
1.12567
1.1256
1.12548
1.12553
1.12554
1.12553
1.12542
1.12545
1.12538
1.12546
1.12543
1.12556
1.12547
1.12525
1.12526
1.12516
1.12517
1.12504
1.12512
1.12508
1.12482
1.12437
1.12461
1.12417
1.12426
1.12406
1.12395
1.12384
1.124
1.12423
1.12413
1.12403
1.12394
1.12393
1.12396
1.12384
1.12359
1.1237
1.12376
1.12377
1.12356
1.12352
1.12352
1.12369
1.1241
1.12377
1.12367
1.12356
1.12385
1.1237
1.12365
1.12364
1.12375
1.1235
1.12379
1.12391
1.12406
1.12396
1.124
1.12404
1.12418
1.12407
1.12443
1.12461
1.12441
1.12435
1.12426
1.12426
1.12433
1.12438
1.12431
1.12437
1.12461
1.12482
1.12472
1.12481
1.12467
1.12457
1.12443
1.12447
1.12445
1.12455
1.12477
1.12508
1.12523
1.12526
1.12539
1.12523
1.12525
1.12528
1.12516
1.12515
1.12519
1.12511
1.12522
1.1253
1.12522
1.12528
1.12542
1.12543
1.12546
1.12562
1.12569
1.12558
1.1254
1.12528
1.12526
1.12543
1.12548
1.12539
1.12569
1.12575
1.12577
1.12569
1.12567
1.12562
1.12553
1.12553
1.12532
1.12535
1.12536
1.12535
1.12528
1.12529
1.12537
1.12548
1.12542
1.12535
1.12538
1.12544
1.12549
1.12528
1.12523
1.12506
1.12501
1.12523
1.12522
1.12524
1.12533
1.1253
1.12552
1.12543
1.12549
1.12545
1.12549
1.12557
1.12558
1.12552
1.12548
1.12546
1.12555
1.12557
1.12548
1.1253
1.12522
1.12516
1.12505
1.12512
1.12511
1.12515
1.12529
1.12536
1.12557
1.12538
1.12539
1.12562
1.12574
1.12577
1.12567
1.12553
1.12555
1.12556
1.12548
1.12545
1.12535
1.12545
1.12557
1.12553
1.12548
1.12558
1.12552
1.12549
1.12545
1.12537
1.12535
1.12526
1.12526
1.12495
1.12487
1.12494
1.12501
1.12515
1.12492
1.12495
1.12502
1.12484
1.12478
1.12494
1.12505
1.12501
1.12502
1.12499
1.12509
1.12516
1.12528
1.12521
1.12525
1.12519
1.12501
1.12495
1.12492
1.12512
1.12498
1.12487
1.12478
1.12472
1.12451
1.12447
1.12425
1.1242
1.12413
1.12399
1.12412
1.12417
1.1242
1.12431
1.12433
1.12425
1.12427
1.12423
1.12416
1.12425
1.1242
1.12372
1.12364
1.12338
1.12306
1.12312
1.12298
1.12297
1.12288
1.12285
1.12298
1.12292
1.12294
1.12296
1.12296
1.12287
1.12267
1.12284
1.12271
1.12271
1.12277
1.12277
1.12289
1.12282
1.12282
1.12281
1.12288
1.12277
1.12274
1.12272
1.12252
1.12251
1.12258
1.12264
1.12262
1.12258
1.12271
1.12292
1.12318
1.12318
1.12318
1.12328
1.12315
1.12316
1.12313
1.12319
1.12323
1.12305
1.12282
1.12268
1.12264
1.12251
1.12243
1.12248
1.12258
1.12264
1.12285
1.12279
1.12289
1.12269
1.12265
1.12276
1.12282
1.12284
1.12284
1.12322
1.12312
1.12298
1.12325
1.12289
1.12274
1.12275
1.12274
1.12244
1.1223
1.12237
1.12214
1.12221
1.12233
1.1224
1.1224
1.12254
1.12268
1.12276
1.12291
1.12277
1.12293
1.12306
1.12304
1.12299
1.12299
1.12296
1.12274
1.12247
1.12227
1.12214
1.12187
1.12259
1.12241
1.12292
1.12296
1.12261
1.12268
1.12278
1.12258
1.12221
1.1223
1.1224
1.12218
1.12206
1.12183
1.12197
1.12208
1.12182
1.12199
1.12216
1.12215
1.12239
1.12238
1.12241
1.12221
1.12242
1.12241
1.12248
1.1225
1.12252
1.12259
1.1225
1.12261
1.12258
1.12252
1.12244
1.12233
1.12201
1.12196
1.12197
1.12201
1.12176
1.12173
1.12167
1.12146
1.12153
1.1217
1.12166
1.12214
1.12201
1.12213
1.12188
1.12201
1.12185
1.12201
1.12224
1.12224
1.12162
1.12159
1.12173
1.12211
1.12282
1.12312
1.12252
1.1224
1.12262
1.12227
1.12262
1.12259
1.12254
1.12227
1.12228
1.12237
1.12241
1.12258
1.12274
1.12282
1.12262
1.12277
1.12257
1.12252
1.12262
1.12288
1.12323
1.12352
1.12359
1.12352
1.12363
1.1234
1.12355
1.12343
1.12335
1.12338
1.12359
1.12359
1.12363
1.12369
1.12363
1.12352
1.12343
1.12335
1.12321
1.12308
1.12309
1.12311
1.12276
1.12302
1.12277
1.12302
1.12332
1.12351
1.12347
1.12325
1.12338
1.12332
1.12352
1.12346
1.12338
1.12329
1.12343
1.12329
1.12346
1.12359
1.12369
1.12353
1.12336
1.12353
1.12343
1.12345
1.12342
1.12353
1.1236
1.12379
1.12373
1.12363
1.1236
1.12335
1.12316
1.12318
1.12296
1.12294
1.12282
1.12285
1.12284
1.12281
1.12271
1.12294
1.12316
1.12315
1.12323
1.12303
1.12313
1.12333
1.12323
1.12329
1.12329
1.1232
1.12328
1.12271
1.12217
1.12241
1.12243
1.12274
1.12308
1.12305
1.12313
1.1232
1.12338
1.12356
1.12363
1.12349
1.12359
1.12325
1.12298
1.12296
1.12318
1.12338
1.12364
1.12356
1.12357
1.12343
1.1233
1.12312
1.12289
1.12284
1.12255
1.12248
1.12264
1.12262
1.12234
1.12228
1.12241
1.12258
1.12228
1.12223
1.12208
1.12213
1.12201
1.12241
1.12252
1.12248
1.12244
1.12258
1.12261
1.12271
1.12277
1.12257
1.12248
1.12248
1.1224
1.12233
1.12248
1.12248
1.12244
1.12214
1.122
1.12214
1.1221
1.12221
1.12189
1.12183
1.12162
1.12163
1.12163
1.12169
1.12188
1.12179
1.12194
1.12199
1.12208
1.12213
1.1221
1.12213
1.12237
1.12234
1.12267
1.12281
1.12288
1.12268
1.12275
1.12271
1.12305
1.12318
1.12321
1.12325
1.12311
1.12298
1.12298
1.12299
1.1231
1.12325
1.12335
1.12333
1.1235
1.12352
1.12326
1.1234
1.12348
1.12337
1.12333
1.12323
1.12314
1.12318
1.12329
1.12321
1.12325
1.12325
1.12316
1.12311
1.12316
1.12329
1.12336
1.12355
1.12358
1.12358
1.1235
1.12344
1.12319
1.12309
1.12311
1.12323
1.12339
1.12329
1.12335
1.12321
1.12311
1.12309
1.12301
1.12283
1.12291
1.12287
1.12278
1.12299
1.12304
1.12326
1.12325
1.12303
1.12329
1.1234
1.12355
1.1235
1.12369
1.12369
1.12332
1.1232
1.12296
1.12286
1.12287
1.12295
1.1229
1.12295
1.12289
1.12294
1.1229
1.12289
1.12299
1.12302
1.12316
1.12316
1.12325
1.12322
1.12332
1.12336
1.12316
1.12311
1.12323
1.12315
1.12311
1.12321
1.12313
1.12313
1.12315
1.12311
1.12304
1.12309
1.12298
1.12305
1.12298
1.12287
1.12284
1.12284
1.12268
1.12271
1.12269
1.12261
1.12271
1.12276
1.12281
1.1228
1.12275
1.12274
1.12271
1.12271
1.12262
1.12279
1.12272
1.12268
1.12276
1.12267
1.12268
1.12271
1.12287
1.12272
1.12259
1.12261
1.12257
1.12252
1.12264
1.12263
1.12261
1.1226
1.12275
1.12271
1.12268
1.12275
1.12261
1.12262
1.12255
1.12221
1.12231
1.12221
1.12224
1.1223
1.12227
1.12228
1.12224
1.1221
1.1222
1.12224
1.12209
1.12224
1.12224
1.12224
1.12227
1.12226
1.12236
1.12241
1.12241
1.12242
1.12248
1.1225
1.12248
1.1224
1.1224
1.12246
1.12248
1.12241
1.12229
1.12219
1.1222
1.1222
1.12218
1.12214
1.12216
1.12228
1.1223
1.12232
1.12213
1.12211
1.12233
1.12218
1.12219
1.12216
1.12222
1.12228
1.12234
1.12235
1.12254
1.12248
1.1225
1.1225
1.1225
1.12249
1.12255
1.12255
1.12255
1.12255
1.12254
1.12254
1.1225
1.1225
1.12248
1.12245
1.12245
1.12245
1.12244
1.12244
1.12244
1.12244
1.12244
1.12237
1.12244
1.12238
1.12244
1.12248
1.12249
1.12244
1.12244
1.12244
1.12248
1.12245
1.12247
1.12268
1.12268
1.12264
1.12274
1.12272
1.12262
1.12264
1.12259
1.1226
1.12253
1.12252
1.12254
1.12243
1.12232
1.12237
1.12242
1.12239
1.1222
1.12292
1.12251
1.12256
1.12251
1.12259
1.12248
1.12243
1.12265
1.12259
1.12259
1.1224
1.12254
1.12255
1.12256
1.12259
1.12252
1.12244
1.12244
1.12261
1.12243
1.12243
1.12243
1.12242
1.1224
1.12236
1.1224
1.12242
1.12242
1.12231
1.12224
1.1223
1.1223
1.12231
1.12232
1.12233
1.12235
1.12239
1.12246
1.12265
1.12265
1.12261
1.12264
1.12264
1.1227
1.12269
1.12275
1.12272
1.12283
1.12286
1.12285
1.12276
1.12276
1.12285
1.12285
1.12283
1.12281
1.12272
1.12284
1.12283
1.12285
1.1228
1.12284
1.1228
1.12279
1.12278
1.12274
1.12277
1.12277
1.12277
1.12275
1.12276
1.12279
1.12279
1.12282
1.12284
1.12284
1.12275
1.12279
1.12279
1.12279
1.12279
1.12278
1.12284
1.12283
1.12288
1.12294
1.123
1.12299
1.12299
1.12295
1.12295
1.12289
1.12285
1.12285
1.12281
1.12282
1.12291
1.12289
1.12287
1.12284
1.1229
1.1229
1.12295
1.12284
1.12284
1.12295
1.12285
1.12282
1.12286
1.12281
1.12281
1.12279
1.12279
1.12276
1.12271
1.12276
1.12276
1.12279
1.12278
1.12279
1.12276
1.12276
1.12276
1.12276
1.12269
1.12264
1.12271
1.12269
1.12271
1.12276
1.12274
1.12278
1.12278
1.12281
1.12281
1.12284
1.1229
1.1229
1.12285
1.12285
1.12285
1.1229
1.1229
1.12289
1.1229
1.1229
1.12291
1.1229
1.12285
1.12285
1.12285
1.12285
1.12285
1.12285
1.1229
1.12289
1.1229
1.12291
1.12291
1.12291
1.12291
1.12291
1.12291
1.123
1.123
1.1229
1.12265
1.12269
1.12269
1.12291
1.12295
1.12302
1.123
1.12301
1.12306
1.12306
1.12318
1.12325
1.12325
1.1232
1.12321
1.12335
1.12339
1.1234
1.1234
1.12335
1.12341
1.1234
1.1234
1.12337
1.12334
1.12335
1.12338
1.12343
1.12345
1.12344
1.12345
1.12344
1.12338
1.12335
1.12338
1.12339
1.12346
1.12339
1.1234
1.12324
1.12324
1.12324
1.12318
1.12317
1.12313
1.1231
1.12314
1.12309
1.12305
1.12294
1.12284
1.12259
1.12277
1.12289
1.1233
1.12304
1.12314
1.12305
1.12324
1.12326
1.12326
1.12331
1.12299
1.12306
1.12305
1.12305
1.12311
1.1231
1.12305
1.12312
1.12311
1.12305
1.12308
1.12311
1.12311
1.12312
1.12312
1.12311
1.12311
1.12311
1.12311
1.12311
1.12315
1.12311
1.12315
1.12315
1.12315
1.12315
1.1232
1.12311
1.12311
1.12302
1.12303
1.12299
1.12289
1.12284
1.1229
1.12301
1.12305
1.12323
1.12321
1.12309
1.1231
1.12292
1.12289
1.12289
1.12284
1.1228
1.12274
1.12271
1.12281
1.12281
1.12271
1.1228
1.12281
1.12285
1.12287
1.12281
1.12276
1.12271
1.12277
1.12276
1.12269
1.12274
1.12269
1.12261
1.12266
1.12245
1.12241
1.12241
1.1225
1.1225
1.12261
1.12261
1.1226
1.12262
1.12267
1.12264
1.12272
1.12277
1.12276
1.12281
1.12277
1.12271
1.12279
1.12291
1.12292
1.12298
1.12294
1.12295
1.12292
1.12295
1.12297
1.12291
1.12289
1.1229
1.1229
1.12285
1.12284
1.12291
1.12291
1.12289
1.12288
1.12285
1.12287
1.12291
1.12291
1.12287
1.12282
1.12284
1.12285
1.12287
1.12289
1.12291
1.12292
1.12291
1.12292
1.12302
1.12304
1.12295
1.12289
1.1229
1.12288
1.12285
1.12284
1.1228
1.12285
1.12285
1.12285
1.12285
1.12279
1.12274
1.12279
1.12278
1.12284
1.12285
1.1228
1.12277
1.12282
1.12292
1.12282
1.12279
1.12276
1.12277
1.12271
1.12271
1.12271
1.12265
1.12261
1.12276
1.12277
1.12277
1.12271
1.12271
1.1227
1.12271
1.12267
1.12268
1.12271
1.12277
1.12278
1.12282
1.12277
1.12277
1.12277
1.12277
1.12277
1.12277
1.12282
1.12282
1.12271
1.12272
1.12271
1.12272
1.12271
1.12276
1.12276
1.12282
1.12285
1.12287
1.12287
1.1228
1.12282
1.12283
1.12282
1.12287
1.12287
1.12282
1.12281
1.12281
1.12276
1.12267
1.12267
1.12265
1.12264
1.12262
1.12261
1.12261
1.12267
1.12273
1.12272
1.12274
1.12275
1.1227
1.12267
1.12271
1.12271
1.12272
1.12277
1.12277
1.12283
1.12283
1.12287
1.12288
1.12288
1.12292
1.12294
1.12292
1.12292
1.12292
1.12292
1.12291
1.12288
1.12288
1.12292
1.12288
1.12292
1.12281
1.12277
1.12277
1.12267
1.12262
1.12262
1.12256
1.12243
1.12255
1.12281
1.12292
1.12302
1.12292
1.12299
1.12302
1.12306
1.12307
1.12303
1.12308
1.12306
1.12296
1.12297
1.12308
1.12312
1.12307
1.12316
1.12321
1.12316
1.12323
1.12323
1.12317
1.12328
1.12326
1.12323
1.12317
1.12318
1.12323
1.12323
1.12323
1.12338
1.12338
1.12338
1.12333
1.12332
1.12338
1.12347
1.12355
1.12352
1.12345
1.12346
1.12347
1.12346
1.12341
1.12346
1.12337
1.12332
1.1233
1.1233
1.1232
1.12321
1.12322
1.12318
1.12321
1.12321
1.12321
1.12321
1.12321
1.12318
1.12325
1.1232
1.1233
1.12339
1.12332
1.12329
1.12329
1.12316
1.12321
1.12321
1.12325
1.12313
1.12316
1.12323
1.12326
1.12317
1.12323
1.12329
1.12326
1.12316
1.12315
1.12309
1.12312
1.12317
1.12331
1.1233
1.12331
1.12302
1.12317
1.12316
1.12316
1.12316
1.12318
1.12317
1.12322
1.12307
1.12296
1.12317
1.12322
1.12309
1.12309
1.12298
1.12303
1.12313
1.12317
1.12328
1.12321
1.12325
1.12329
1.12325
1.12323
1.12328
1.12337
1.12335
1.12338
1.12343
1.12345
1.12343
1.12354
1.12343
1.12338
1.12351
1.12348
1.12347
1.12326
1.12328
1.12357
1.12352
1.12372
1.12363
1.12342
1.12336
1.12353
1.12363
1.12373
1.12366
1.12371
1.1236
1.12355
1.12367
1.12372
1.12365
1.12359
1.12372
1.1237
1.12362
1.12372
1.12372
1.12377
1.12374
1.1238
1.12372
1.12351
1.12362
1.12356
1.12355
1.12342
1.12351
1.12347
1.12343
1.12355
1.12356
1.12366
1.12363
1.12346
1.12323
1.12321
1.12321
1.12306
1.12302
1.12287
1.12296
1.12313
1.12318
1.12306
1.12306
1.12291
1.12302
1.12315
1.12302
1.12322
1.12326
1.12318
1.12302
1.12262
1.12284
1.12282
1.12292
1.12263
1.12271
1.12281
1.12271
1.12282
1.12289
1.12318
1.12329
1.12316
1.12318
1.12337
1.12343
1.12316
1.12302
1.12231
1.12254
1.12274
1.12285
1.12275
1.12284
1.12268
1.12241
1.12244
1.12238
1.12224
1.12241
1.12258
1.12283
1.12282
1.12283
1.12311
1.12302
1.12297
1.12287
1.12271
1.12284
1.12274
1.12258
1.1225
1.12248
1.12251
1.12262
1.12257
1.12257
1.12264
1.12258
1.12244
1.12244
1.12243
1.12247
1.12258
1.12272
1.12284
1.12294
1.12311
1.12302
1.12294
1.12268
1.12277
1.12282
1.12282
1.12284
1.12275
1.12268
1.12267
1.12244
1.12254
1.12244
1.12254
1.12264
1.12261
1.12258
1.12255
1.12258
1.12262
1.12271
1.12262
1.1225
1.12254
1.12277
1.12301
1.12302
1.12282
1.12263
1.12268
1.12269
1.12247
1.12243
1.12228
1.12223
1.12218
1.12203
1.12199
1.12194
1.12188
1.12169
1.12179
1.12174
1.12172
1.12174
1.12162
1.12176
1.12163
1.1216
1.12156
1.12156
1.12153
1.12144
1.12153
1.12147
1.12139
1.12152
1.12155
1.12149
1.12133
1.12115
1.12106
1.12112
1.12106
1.12106
1.12119
1.12118
1.12105
1.12118
1.12122
1.12122
1.12128
1.12133
1.12109
1.12113
1.12113
1.12118
1.12123
1.12115
1.12122
1.12125
1.12138
1.12133
1.12127
1.12149
1.12156
1.12157
1.1214
1.12156
1.12133
1.1215
1.12152
1.12156
1.12149
1.1215
1.1214
1.12145
1.12126
1.1213
1.12145
1.12147
1.12152
1.12172
1.12167
1.1217
1.12173
1.12177
1.12221
1.1221
1.12221
1.12234
1.12227
1.12221
1.12211
1.12221
1.12223
1.12261
1.12244
1.12244
1.12233
1.12232
1.12264
1.12284
1.12277
1.12349
1.12343
1.12325
1.1232
1.12315
1.1232
1.12291
1.12305
1.12312
1.1231
1.12298
1.12318
1.12334
1.12316
1.12317
1.12349
1.12337
1.12311
1.12308
1.12301
1.12316
1.12318
1.12328
1.12326
1.12325
1.12308
1.12316
1.1232
1.12319
1.12317
1.12322
1.12318
1.12312
1.12316
1.12321
1.12325
1.12322
1.12323
1.12326
1.1232
1.12316
1.12319
1.12325
1.12319
1.12343
1.12343
1.1235
1.12356
1.12332
1.12338
1.12309
1.12296
1.12292
1.12296
1.12282
1.12285
1.12299
1.12315
1.12328
1.1232
1.12309
1.12302
1.12298
1.12299
1.12305
1.12316
1.12313
1.12325
1.12315
1.12315
1.123
1.12284
1.12277
1.12287
1.12325
1.12331
1.12338
1.12346
1.12329
1.12323
1.12337
1.12332
1.1232
1.12325
1.12322
1.12332
1.12325
1.12407
1.12443
1.12445
1.12417
1.12421
1.12401
1.12397
1.124
1.12377
1.12366
1.12363
1.12366
1.1237
1.12321
1.12366
1.12356
1.12382
1.1239
1.12387
1.12396
1.12404
1.1242
1.12418
1.1241
1.12382
1.12332
1.12332
1.12338
1.12321
1.12318
1.12333
1.1235
1.12355
1.12364
1.12366
1.12342
1.12349
1.12352
1.12342
1.12343
1.12338
1.12318
1.12326
1.12339
1.12356
1.12349
1.1234
1.12327
1.12335
1.12338
1.12305
1.12299
1.12311
1.12323
1.12335
1.12346
1.1236
1.12332
1.12324
1.12323
1.12337
1.12343
1.12345
1.12338
1.12321
1.12325
1.12338
1.12325
1.12338
1.12329
1.12315
1.12316
1.12319
1.1232
1.1233
1.12318
1.12326
1.12345
1.12335
1.12336
1.12323
1.12323
1.12312
1.12315
1.12311
1.12346
1.12357
1.12359
1.12352
1.12351
1.12274
1.12279
1.12269
1.12278
1.12294
1.12332
1.12316
1.12315
1.12296
1.12322
1.12316
1.1232
1.12323
1.12349
1.12359
1.12353
1.12376
1.12358
1.1236
1.12329
1.12332
1.12336
1.12385
1.12379
1.12372
1.12384
1.12384
1.12417
1.12407
1.1239
1.12381
1.12362
1.12343
1.12332
1.12317
1.12309
1.12357
1.12379
1.1236
1.12371
1.12401
1.12396
1.12333
1.12275
1.12244
1.12271
1.12279
1.12291
1.12284
1.12257
1.12233
1.12235
1.12237
1.12223
1.12221
1.12232
1.12262
1.12252
1.12274
1.12277
1.12302
1.12287
1.12282
1.12264
1.1225
1.12254
1.12245
1.12229
1.12241
1.12228
1.12248
1.12258
1.12277
1.12265
1.12294
1.12296
1.12323
1.12305
1.12315
1.12285
1.12285
1.12269
1.12265
1.12237
1.12245
1.12228
1.12249
1.12254
1.12264
1.12248
1.12247
1.12261
1.12262
1.12261
1.12284
1.1229
1.12281
1.12259
1.12268
1.12245
1.12267
1.12291
1.12294
1.12298
1.12311
1.12299
1.12303
1.12316
1.12323
1.12333
1.12323
1.1234
1.12323
1.12339
1.12305
1.12271
1.12272
1.12243
1.12272
1.12271
1.12295
1.12277
1.12291
1.12291
1.12268
1.12271
1.12271
1.12277
1.12279
1.12271
1.12292
1.12277
1.12264
1.1225
1.12252
1.1225
1.12254
1.12252
1.12262
1.12261
1.12261
1.12261
1.12251
1.12247
1.12233
1.1223
1.12244
1.12252
1.12255
1.12238
1.12235
1.12248
1.12247
1.12252
1.12257
1.12268
1.12258
1.12243
1.1223
1.12234
1.12247
1.12241
1.12241
1.12235
1.12237
1.12223
1.12217
1.1223
1.12234
1.1223
1.12228
1.12221
1.12214
1.12215
1.12213
1.12223
1.12234
1.12234
1.12242
1.12252
1.12254
1.1223
1.12221
1.12221
1.12217
1.12203
1.12203
1.12197
1.12189
1.12194
1.12194
1.12204
1.12196
1.12189
1.12188
1.12204
1.12199
1.12199
1.12193
1.12188
1.12192
1.12191
1.12184
1.12189
1.12184
1.12189
1.12204
1.12204
1.12209
1.12196
1.12198
1.12194
1.12199
1.12198
1.12194
1.12203
1.12208
1.12208
1.12203
1.12204
1.12219
1.1222
1.12228
1.12234
1.12234
1.12237
1.12223
1.12221
1.12213
1.12197
1.12197
1.12187
1.12176
1.12157
1.12153
1.12179
1.12189
1.12206
1.12214
1.12214
1.12228
1.12223
1.12223
1.12224
1.12227
1.12214
1.12233
1.12237
1.12237
1.12241
1.12239
1.12255
1.12248
1.12268
1.12262
1.12262
1.12248
1.12251
1.12243
1.12233
1.12237
1.12244
1.12243
1.12228
1.12221
1.12221
1.12221
1.12213
1.12199
1.12203
1.12194
1.12201
1.12203
1.12199
1.12197
1.122
1.12197
1.12194
1.12183
1.12176
1.12176
1.12179
1.12188
1.12188
1.12179
1.1218
1.12173
1.12169
1.12162
1.12176
1.12173
1.12173
1.12166
1.12159
1.12165
1.1215
1.12164
1.12157
1.12153
1.1215
1.12153
1.12153
1.1216
1.12168
1.12179
1.12179
1.12176
1.12188
1.12203
1.122
1.12188
1.12183
1.12183
1.1219
1.12196
1.12199
1.12203
1.12208
1.12189
1.12199
1.12169
1.12163
1.12155
1.12155
1.12155
1.12153
1.12158
1.12168
1.12178
1.12168
1.12169
1.12176
1.12182
1.12179
1.12179
1.1218
1.12179
1.1218
1.12184
1.12176
1.12186
1.12183
1.1219
1.12198
1.1219
1.12191
1.12193
1.12191
1.12204
1.122
1.12203
1.12197
1.12194
1.12194
1.12183
1.12195
1.12183
1.12168
1.12173
1.12173
1.12173
1.1217
1.1216
1.12163
1.12165
1.12169
1.12167
1.1217
1.12169
1.12166
1.12162
1.12163
1.12169
1.1217
1.12176
1.12171
1.12176
1.12173
1.12176
1.12176
1.1218
1.12178
1.12176
1.12175
1.12176
1.12174
1.12174
1.12174
1.12176
1.1218
1.12181
1.1218
1.1218
1.1218
1.1218
1.12176
1.12176
1.12173
1.12169
1.12164
1.1216
1.12155
1.12164
1.12157
1.1216
1.12159
1.12163
1.12173
1.12186
1.12172
1.12167
1.12162
1.1217
1.12167
1.12179
1.12176
1.12174
1.1217
1.12175
