466.255 25.445
467.55 25.085
470.15 24.975
468.39 24.975
466.76 24.975
462.23 24.985
461.71 24.935
461.62 24.995
461.24 25.135
463.65 25.185
467.045 25.165
464.54 25.075
467.785 25.175
467.635 25.195
461.82 24.865
471.585 24.875
474.315 25.025
472.955 24.935
474.425 25.045
477.645 25.225
481.455 25.375
484.935 25.595
482.99 25.325
477.115 25.405
482.47 25.455
482.895 25.525
476.9 25.215
478.23 25.045
483.995 25.595
484.695 25.715
486.53 25.875
486.36 25.795
486.295 25.975
486.7 25.945
484.87 25.925
481.92 25.955
485.325 25.705
485.85 25.395
484.91 25.315
488.235 25.545
487.935 25.585
489.23 25.625
488.475 25.975
488.95 25.925
489.72 26.155
487.41 26.105
486.155 26.115
485.57 26.075
487.575 26.055
492.35 26.125
496.55 26.085
494.89 25.995
493.925 26.095
492.155 26.005
494.325 26.085
493.685 26.115
493.365 26.095
487.185 25.885
486.21 25.925
486.26 26.035
484.285 26.005
484.54 25.995
483.63 25.975
485.665 26.175
485.27 25.975
480.54 25.705
480.795 25.675
484.1 26.105
486.445 26.275
488.06 26.255
479.415 25.795
484.045 25.485
482.94 25.675
482.93 25.675
482.4 25.515
484.23 25.675
487.11 25.805
488.745 25.885
490.665 26.245
491.23 26.235
491.16 26.195
491.725 26.195
492.355 26.255
491.775 26.315
490.46 26.305
488.52 26.205
489.23 26.275
488.1 25.995
489.02 26.005
488.025 26.085
487.785 26.065
491.405 26.025
499.09 25.455
500.96 25.735
504.05 25.645
503.335 25.565
504.99 25.575
506.56 25.715
506.04 25.575
506.69 25.405
504.96 25.275
505.7 25.375
505.27 25.325
506.925 25.325
506.95 25.335
504.685 25.065
503.585 25.225
499.145 25.115
496.51 25.065
497.79 25.095
497.77 25.155
499.825 25.375
502.755 25.575
503.07 25.535
502.61 25.605
502.36 25.555
503.07 25.565
503.7 25.605
504.715 25.645
502.19 25.275
500.58 25.135
502.21 25.075
503.685 25.005
499.235 24.975
502.83 25.085
503.16 25.035
497.435 24.675
495.405 24.805
492.59 24.725
492.835 24.705
493.795 24.665
493.44 24.745
492.635 24.805
485 24.485
488.67 24.455
492.05 24.495
492.85 24.465
493.155 24.485
492.44 24.465
493.43 24.505
488.89 24.305
489.85 24.365
487.145 24.395
488.515 24.465
488.025 24.575
489.335 24.635
487.62 24.495
482.97 24.395
487.135 24.505
487.74 24.475
489.6 24.575
488.035 24.595
486.45 24.535
485.45 24.505
487.82 24.755
487.27 24.735
491.185 24.855
491.895 24.735
494.08 24.865
492.685 24.935
492.185 24.895
489.715 24.565
487.12 24.575
486.37 24.595
486.355 24.795
486.535 24.895
485.87 24.885
482.345 24.845
481.855 24.655
472.835 24.555
471.36 24.385
470.68 24.425
470.3 24.445
471.01 24.435
470.945 24.485
467.86 24.285
466.8 24.365
465.675 24.325
462.825 24.245
462.405 24.205
463.705 24.235
461.94 24.255
462.545 24.425
460.825 24.395
461.775 24.295
464.255 24.345
465.305 24.375
467.715 24.495
466.095 24.355
457.66 24.065
455.17 24.125
455.215 24.285
454.565 24.225
454.655 24.145
451.21 24.1
453.23 24.185
451.775 24.035
456.63 23.915
454.205 24.165
453.665 24.115
452.405 24.055
453.08 24.125
454.725 24.125
456.755 24.025
454.04 24.125
453.43 24.005
453.75 23.975
453.885 23.935
451.885 23.825
453.58 23.845
453.38 23.985
452.27 23.755
458.16 23.745
457.355 23.745
457.045 23.785
458.83 23.855
459.335 23.935
458.8 23.695
455.54 23.705
456.34 23.735
455.01 23.725
454.61 23.695
454.49 23.765
453.725 23.695
450.855 23.575
452.7 23.635
449.845 23.625
451.065 23.605
451.45 23.565
450.25 23.505
449.175 23.405
454.61 23.725
458.515 23.865
463.84 23.835
461.965 23.785
462.3 23.775
461.625 23.805
460.04 23.845
462.2 23.795
462.475 23.855
461.66 23.865
462.28 23.885
461.445 23.895
462.055 23.925
462.4 23.905
470.29 24.335
470.97 24.305
469.855 24.305
469.65 24.245
470.945 24.295
470.465 24.315
470.72 24.305
465.38 24.195
466.16 24.155
466.57 24.045
465.65 23.985
465.2 23.985
465.365 23.975
463.675 23.975
464.725 24.035
468.8 24.135
471.605 24.085
471.45 23.995
471.755 23.965
469 23.835
470.615 23.915
477.72 24.135
479.12 24.105
478.84 24.105
479.22 24.115
477.84 24.055
477.925 24.115
477.895 24.105
478.725 23.995
478.63 23.925
477.86 23.855
475.45 23.825
476.005 23.835
477.495 23.845
477.095 23.845
481.16 24.165
483.525 24.485
483.965 24.525
481.475 24.395
482.43 24.405
482.025 24.515
482.36 24.555
482.405 25.055
481.34 24.975
483.53 25.165
483.54 25.295
481.86 25.205
481.415 24.995
481.6 25.185
479.245 25.005
479.065 25.045
479.855 25.005
480.605 25.095
479.98 25.195
480.475 25.095
481.495 25.145
480.175 25.095
481.04 25.095
481.495 25.215
480.865 25.215
480.19 25.195
481.445 25.295
481.02 25.355
483.625 25.43
482.085 25.185
483.505 25.135
484.39 25.185
484.875 25.115
489.33 25.165
490.07 25.155
492.145 25.245
506.895 25.425
509.085 25.335
506.155 25.285
507.61 25.285
509.555 25.365
508.065 25.445
509.28 25.335
514.88 25.245
515.995 25.185
515.98 25.225
512.92 25.215
515.31 25.255
512.895 25.165
514.015 24.865
511.895 24.545
513.605 24.365
515.44 24.475
516.255 24.425
516.015 24.465
514.735 24.475
513.815 24.445
515.465 24.485
519.085 24.545
517.075 24.545
517.865 24.435
518.825 24.455
512.23 24.395
520.74 24.585
521.66 24.705
524.175 24.695
525.8 24.725
526.92 24.705
524.88 24.755
525.43 24.715
530.305 24.815
532.195 24.685
532.215 24.645
532.975 24.735
534.465 24.755
536.125 24.945
534.685 24.875
531.045 24.78
521.77 24.505
528.135 24.635
523.995 24.655
526.21 24.675
526.435 24.595
524.865 24.595
527.5 24.555
526.25 24.445
528.965 24.515
527.17 24.545
527.71 24.535
527.89 24.515
526.305 24.485
531.28 24.595
527.425 24.705
520.97 24.465
521.845 24.425
525.65 24.585
525.1 24.575
527.81 24.625
530.205 24.795
523.685 24.445
525.65 24.385
526.57 24.495
526.69 24.495
526.485 24.385
526.365 24.335
524.13 23.985
526.59 23.935
522.325 23.835
520.385 23.855
521.095 23.825
520.17 23.815
521.325 23.845
527.79 24.095
532.255 24.145
534.125 24.345
534.74 24.295
537.95 24.395
538.695 24.375
538.61 24.395
538.79 24.315
533.63 24.285
533.255 24.285
531.88 24.215
530.59 24.175
531.51 24.285
532.085 24.355
536.41 24.545
536.89 24.665
534.45 24.685
531.21 24.435
531.66 24.485
531.22 24.545
529.495 24.475
530.69 24.565
529.695 24.395
533.115 24.595
533.935 24.525
534.58 24.575
535.805 24.565
536.7 24.575
539.395 24.695
541.9 24.625
541.99 24.585
542.15 24.675
541.14 24.645
542.19 24.615
538.825 24.565
540.09 24.675
542.59 24.495
544.61 24.625
544.58 24.625
542.665 24.635
540.48 24.705
540.13 24.905
547.19 24.995
544.245 24.985
545.28 25.125
545.65 25.245
545.78 25.215
545.9 25.365
544.61 25.445
544.935 25.295
542.16 25.185
541.33 25.195
540.445 25.085
538.53 25.115
538.855 25.145
538.645 25.125
596.64 25.385
592.96 25.305
597.62 25.335
598.395 25.295
600.735 25.305
599.875 25.425
599.875 25.415
601.05 25.595
612.915 25.865
610.675 25.815
612.935 25.725
613.15 25.695
617.845 25.745
617.04 25.785
608.835 25.315
613.13 25.175
611.23 25.155
612.375 25.125
612 25.115
606.755 25.005
603.29 25.005
608.785 25.215
612.55 25.235
615.925 25.255
615.5 25.315
614.325 25.215
614.245 25.225
610.755 25.355
611.77 25.355
615.35 25.485
611.69 25.425
610.755 25.385
610.45 25.335
608.06 25.145
611.24 25.395
610.37 25.465
612.3 25.345
612.92 25.345
612.435 25.395
611.935 25.375
611.795 25.325
612.18 25.335
615.945 25.235
621.865 25.315
621.055 25.275
617.65 25.265
619.44 25.285
618.53 25.285
618.08 25.315
613.445 25.125
618.375 25.375
619.51 25.395
619.385 25.555
619.365 25.585
619.93 25.705
620.08 25.885
616.63 25.745
617.135 25.775
613.315 25.805
614.89 25.715
614.75 25.685
615.515 25.845
616.305 25.995
619.625 26.135
616.36 26.105
616.595 26.095
613.73 25.995
616.355 26.215
616.21 26.285
616.625 26.205
617.55 27.17
616.465 26.565
615.98 26.745
616.72 26.735
617.25 26.795
615.715 26.865
615.1 26.745
616.86 26.895
618.92 27.165
611.615 26.985
615.6 27.065
614.625 26.995
615.55 26.985
613.98 26.815
618.445 27.125
615.925 27.155
616.565 27.155
616.4 27.225
616.36 27.335
616.785 27.355
616.455 27.345
617.18 27.415
619.1 27.345
616.915 27.105
617.395 27.115
617.01 27.145
614.285 26.98
618.4 27.105
625.92 27.405
627.645 27.195
626.8 27.195
626.565 27.165
626.91 27.165
624.135 27.185
625.08 27.135
622.765 27.055
623.205 26.695
622.625 26.675
623.34 26.7
624.15 26.865
623.68 26.685
623.455 26.715
624.58 26.615
625.01 26.905
626.45 27.025
627.94 26.935
628.605 26.905
629.05 26.855
626.8 26.855
630.33 26.815
629.365 27.025
626.485 27.035
625.885 27.015
625.485 27.005
624.64 27.015
623.4 26.935
621.91 27.035
618.59 26.885
619.965 26.935
619.53 26.975
620.935 27.075
621.35 26.995
621.75 26.935
618.54 26.505
618.085 26.445
615.175 26.515
615.84 26.565
615.305 26.525
617.13 26.695
616.64 26.645
613.755 26.47
613.045 26.4
610.435 26.245
606.07 26.185
603.46 26.19
602.54 26.265
604.345 26.285
601.695 26.435
598.2 26.325
597.25 26.205
596.17 26.255
600.925 26.275
600.84 26.265
596.49 26.265
592.375 26.005
593.37 25.855
589.19 25.795
586.715 25.775
586.5 25.825
588.185 25.875
584.74 25.815
585.24 25.865
584.03 25.805
586.52 25.735
584.435 25.745
585.815 25.745
584.895 25.735
582.345 25.635
589.815 25.745
597.16 26.025
595.235 25.975
598.795 25.965
598.18 25.935
597.7 25.865
596.98 25.875
596.13 25.715
592.475 25.675
592.41 25.695
591.725 25.695
593.075 25.725
594.585 25.725
590.91 25.695
587.025 25.585
588.29 25.625
586.975 25.545
585.435 25.515
584.93 25.495
587.635 25.565
588.545 25.605
586.105 25.565
585.32 25.225
580.91 25.135
581.55 25.145
583.305 25.305
582.175 25.215
582.935 25.175
588.365 25.325
593.17 25.385
595.02 25.415
594.155 25.435
595.02 25.425
595.27 25.375
595.7 25.335
587.585 25.255
592.12 25.385
590.305 25.255
590.275 25.375
588.655 25.205
582.31 25.025
581.685 25.075
582.005 25.115
581.055 25.075
582.405 25.245
583.31 25.375
572.235 25.075
566.805 25.365
564.59 25.265
560.725 25.265
562.08 25.355
559.26 25.335
559.595 25.335
563.625 25.695
566.42 25.915
568.045 25.875
568.605 26.055
567.045 26.145
568.845 26.165
567.87 26.165
567.4 26.235
566.915 26.755
572.09 26.775
571.15 26.835
571.32 26.735
572.205 26.805
572.525 26.815
571.375 26.835
570.705 26.985
570.64 26.885
575.15 26.915
574.6 26.975
572.06 26.995
572.07 27.025
581.08 26.915
579.5 26.805
578.67 26.835
577.86 26.825
578.505 26.855
579.215 26.825
579.09 26.855
591.1 27.035
591.65 26.915
588.98 26.955
590.12 26.945
589.57 26.935
591.035 27.045
588.855 26.945
592.125 26.865
587.535 27.015
586.7 27.085
587.36 27.115
587.395 27.145
588.35 27.155
588.2 27.165
594.3 27.315
591.65 27.065
591.775 27.105
590.755 27.165
591.935 27.135
592.175 27.075
590.77 27.035
593.295 27.205
590.87 27.235
591.07 27.255
591.62 27.375
592.77 27.335
593.035 27.355
592.04 27.385
597.505 27.295
597.165 27.245
601.21 27.275
600.655 27.345
601.09 27.355
600.935 27.415
597.735 27.415
596.715 27.335
597.275 27.485
596.805 27.485
597.25 27.635
596.575 27.645
595.795 27.635
594.43 27.625
595.76 27.645
594.595 27.785
593.94 27.915
592.815 27.915
591.89 27.785
590.42 27.695
590.26 27.915
591.82 27.815
590.16 27.795
592.43 27.755
592.57 27.915
592.48 27.905
591.72 27.855
591.61 27.965
590.725 27.975
589.975 27.925
590.87 27.985
591.325 27.925
591.635 28.045
590.86 28.035
590.88 27.995
594.085 27.935
590.19 27.855
592.03 27.785
592.585 27.835
595.545 27.885
597.425 27.945
594.895 27.865
597.85 27.825
599.925 27.995
602.225 28.015
602.65 27.975
604.035 27.995
604.365 28.015
603.675 28.075
605.58 28.135
603.99 28.315
604.71 28.255
605.89 28.325
605.91 28.265
604.7 28.255
604.6 28.185
605.405 28.035
603.705 28.205
604.33 28.215
604.255 28.165
604.075 28.235
604.085 28.225
604.26 28.265
602.37 28.145
601.365 28.045
599.96 27.995
600.785 28.015
603.31 28.155
602.77 28.095
603.4 28.115
603.42 28.075
601.12 28.135
600.37 28.125
600.76 28.065
600.115 28.025
599.27 28.015
599.455 28.075
601.38 27.975
601.985 28.105
601.335 28.075
600.425 28.045
601.465 28.085
601.355 28.055
602.025 28.065
598.145 27.955
598.49 27.915
597.555 27.815
598.195 27.805
598.59 27.795
599.34 27.845
599.28 27.895
596.925 27.815
597.265 27.685
596.5 27.745
595.18 27.815
595.115 27.785
593.925 27.765
593.815 27.765
599.8 28.075
601.55 28.095
602.37 28.095
605.53 28.005
604.36 27.995
603.73 27.975
603.535 28.025
605.67 27.955
603.095 28.005
601.34 27.955
601.415 27.955
601.92 28.005
603.615 28.035
603.185 28.105
601.2 27.915
601.655 27.795
605.275 27.895
607.38 27.875
608.435 27.855
608.495 27.905
609.62 27.965
610.51 28.035
617.805 27.995
614.155 28.175
614.06 28.265
613.915 28.465
615.28 28.545
614.41 28.735
615.155 28.695
617.86 28.485
614.21 28.335
613.175 28.475
613.23 28.275
614.395 28.355
615.565 28.605
613.735 28.325
611.67 28.095
611.305 28.095
613.67 28.235
613.855 28.215
613.86 28.205
614.455 28.255
617.4 28.155
615.72 28.125
617.215 28.135
617.12 28.135
616.38 28.175
615.58 28.215
614.86 28.185
619.01 28.145
618.685 28.375
616.855 28.505
616.935 28.525
616.555 28.445
616.895 28.515
615.125 28.445
617.17 28.285
618.095 28.145
618.165 28.255
616.89 28.235
617.02 28.235
616.42 28.185
615.48 28.105
618.23 28.025
620.175 28.105
621.285 28.085
621.17 28.125
621.71 28.215
624.09 28.265
623.405 28.235
625.9 28.295
633.565 28.505
637.05 28.575
637.92 28.535
639.105 28.495
638.615 28.555
639.73 28.635
641.085 28.475
633.37 28.545
631.56 28.555
632.055 28.465
634.74 28.385
632.145 28.385
631.35 28.365
632.41 28.535
628.63 28.275
625.37 28.195
627.92 28.245
625.755 28.215
629.36 28.375
627.55 28.245
638.725 28.385
634.61 28.135
626.905 28.215
629.475 28.225
627.06 28.105
622.315 28.095
618.825 28.105
608.34 28.125
608.48 28.315
611.365 28.445
610.28 28.495
610.295 28.505
608.71 28.515
608.265 28.475
607.22 28.135
618.69 28.345
615.4 28.205
617.17 28.405
616.66 28.315
612.75 28.235
617.215 28.395
620.36 28.525
620.125 28.98
618.31 28.775
619.205 28.785
619.935 28.815
618.48 28.885
617.93 28.865
617.155 28.735
616.1 28.665
615.205 28.595
616.655 28.695
618.74 28.865
618.845 28.785
617.875 28.855
618.41 28.865
613.235 28.035
608.21 27.875
603.78 27.755
602.9 27.515
602.57 27.655
600.295 27.595
603.91 27.885
600.76 27.655
600.84 27.465
601.285 27.625
600.48 27.615
599.57 27.575
598.23 27.645
604.2 27.795
610.74 27.765
610.06 27.795
612.125 27.955
613.175 27.905
611.535 27.935
611.15 27.995
611.42 27.935
612.065 28.055
612.17 27.975
612.35 27.995
613.875 27.975
613.79 28.035
611.4 27.915
608.71 27.945
608.39 27.665
607.795 27.615
608.955 27.645
608.92 27.605
609.07 27.605
611.155 27.645
608.57 27.635
611.035 27.695
608.825 27.725
609.45 27.695
611.31 27.775
609.86 27.755
610.485 27.735
611.18 27.905
616.285 28.125
617.24 28.185
616.81 28.235
617.12 28.255
616.94 28.255
615.52 28.245
614.655 28.155
618.67 28.205
618.15 28.22
618.355 28.185
618.185 28.145
617.715 28.215
618.33 28.205
617.46 28.155
618.13 28.155
615.7 28.095
615.205 28.125
617.175 28.105
615.2 28.095
615.255 28.005
614.4 27.885
614.71 27.465
614.875 27.505
614.425 27.425
613.345 27.365
612.98 27.395
615.68 27.375
613.76 27.755
616.51 27.235
617.87 27.345
619.09 27.185
623.27 27.205
624.6 27.275
623.91 27.285
623.835 27.195
626.6 27.055
625.29 27.135
628.885 27.185
628.445 27.165
628.465 27.105
628.375 27.085
627.67 27.105
624.495 27.005
625.635 27.025
626.44 27.005
624.875 27.035
623.92 26.985
624.53 27.025
624.735 27.02
624.89 26.885
623.29 26.735
623.275 26.635
624.4 26.715
623.595 26.855
623.71 26.965
620.63 26.935
623.43 27.225
624.88 27.265
626.605 27.345
626.52 27.245
625.395 27.275
625.025 27.235
624.645 27.065
628.64 27.105
629.4 27.185
629.12 27.08
629.835 26.995
628.3 27.035
629.585 27.015
623.21 26.785
621.77 26.995
621.705 26.825
617.83 26.645
612.925 26.715
613.025 26.675
610.185 26.555
610.45 26.515
611.21 26.675
607.635 26.515
606.405 26.605
607.095 26.625
611.385 26.685
612.385 26.635
612.36 26.795
609.925 26.945
607.115 26.765
604.175 26.665
604.685 26.645
605.815 26.775
608.555 26.895
611.495 26.765
612.645 26.835
611.59 26.715
611.205 26.695
613.085 26.705
612.55 26.665
611.205 26.635
609.41 26.605
614.61 26.735
614 26.705
611.925 26.645
610.45 26.575
612.84 26.595
612.865 26.555
615.955 26.715
607.44 26.525
606.855 26.485
604.265 26.445
604.04 26.355
600.92 26.255
601.185 26.195
599.41 26.135
602.33 26.255
602.8 26.295
602.935 26.305
603.92 26.175
603.255 26.105
601.635 26.145
605.705 26.245
607.775 26.305
608.78 26.315
609.79 26.265
608.795 26.285
609.88 26.245
610.995 26.245
608.685 26.235
604.465 26.155
605.695 26.165
601.71 25.965
600.725 25.905
601.295 25.875
600.685 25.805
602.26 26.105
597.29 25.995
592.785 25.805
591.18 25.705
587.425 25.605
589.275 25.625
590.78 25.725
592.485 25.765
596.565 25.855
596 25.875
596.22 25.885
595.15 25.915
593.095 25.885
592.965 25.975
590.325 25.795
592.81 25.945
589.29 25.78
591.625 25.795
590.795 25.805
590.65 25.825
591.365 25.805
584.3 25.565
583.22 25.515
583.14 25.585
583.495 25.535
582.15 25.595
581.195 25.525
580.085 25.395
579.14 25.405
575.76 25.475
574.86 25.435
576.605 25.585
576.02 25.625
576.855 25.615
578.35 25.825
573.64 25.495
573.375 25.415
570.405 25.395
569.605 25.415
570.71 25.445
571.215 25.535
570.875 25.625
558.765 25.165
560.775 25.335
565.765 25.265
564.265 25.365
564.24 25.305
566.485 25.435
568.855 25.335
568.795 25.205
564.445 25.215
562.33 24.845
559.765 24.905
557.56 24.945
556.595 24.795
557.28 24.885
565.285 25.035
567.405 25.125
565.835 25.105
565.98 25.195
562.305 24.985
563.26 24.835
562.45 24.755
566.515 25.135
562.975 24.885
562.06 25.015
562.435 25.025
562.825 25.015
561.79 25.045
560.57 25.035
569.25 25.165
575.48 25.555
578.005 25.485
578.305 25.385
575.47 25.295
577.275 25.285
575.1 25.195
577.45 25.265
575.335 25.395
575.165 25.385
577.335 25.415
575.955 25.265
576.27 25.285
576.95 25.335
575.73 25.345
574.06 25.295
577.085 25.325
579.12 25.375
577.34 25.375
578.66 25.335
581.74 25.585
585.395 25.605
581.55 25.645
583.855 25.825
585.105 25.8
585.355 25.745
585.82 25.815
588.085 25.855
586.755 25.895
582.9 25.725
582.655 25.675
583.83 25.695
582.035 25.685
579.88 25.635
579.7 25.625
582.775 25.655
582.76 25.655
583.86 25.625
582.08 25.605
581.49 25.595
581.085 25.565
579.015 25.525
575.365 25.375
577.325 25.385
580.305 25.415
579.415 25.405
579.185 25.425
580.175 25.405
581.43 25.495
584.48 25.555
582.71 25.645
584.53 25.675
584.79 25.645
584.15 25.675
584.175 25.695
583.06 25.635
582.16 25.565
586.415 25.575
585.755 25.555
586.43 25.495
587.185 25.465
586.785 25.365
586.47 25.505
589.77 25.455
592.28 25.385
594.315 25.435
594.335 25.425
593.315 25.425
594.615 25.445
590.92 25.395
593.05 25.425
588.635 25.645
587.875 25.595
588.03 25.625
585.435 25.555
584.31 25.485
586.265 25.515
580.775 25.785
575.31 25.875
574.525 26.055
572.76 25.945
571.37 25.935
568.39 25.885
566.675 25.795
571.36 25.945
573.215 26.245
573.35 26.095
573.76 26.145
573.97 26.125
574.185 26.145
574.195 26.195
574.68 26.195
578.655 26.165
576.93 26.105
578.43 26.165
577.52 26.115
578.2 26.085
578.9 26.145
584.38 26.215
580.345 26.015
580.06 26.015
581.11 26.115
582.125 26.135
581.19 26.095
579.25 26.035
577.705 26.225
574.07 26.095
575.45 26.045
577.115 26.035
575.765 25.915
576.43 25.875
575.39 25.835
575.48 25.835
571.97 25.805
569.925 25.665
571.04 25.675
570.93 25.745
570.96 25.715
568.65 25.575
575.465 25.765
576.115 25.805
576.62 25.745
574.08 25.675
572.82 25.665
574.27 25.715
575.055 25.765
574.595 25.355
574.28 25.28
575.75 25.235
577.43 25.325
575.74 25.275
575.385 25.255
577.52 25.335
545.38 25.415
540.625 25.295
540.525 25.205
538.195 25.265
536.12 25.255
532.965 25.365
532.475 25.325
525.64 25.075
521.47 24.785
523.16 24.875
522.085 24.935
521.315 25.085
523.51 25.135
526.17 25.145
530.61 25.025
524.13 24.945
522.36 24.985
523.985 24.985
523.615 25.015
523.725 25.11
521.815 25.105
526.44 25.665
523.955 25.835
524.94 25.925
524.645 25.955
524.925 25.845
525.055 25.755
524.975 25.875
527.685 25.845
525.675 25.605
526.05 25.565
524.635 25.545
524.335 25.405
524.84 25.475
524.8 25.415
525.785 25.545
524.29 25.355
523.415 25.365
524.24 25.485
524.915 25.535
524.66 25.525
525.455 25.535
527.665 25.715
526.965 26.05
533.36 26.205
536.79 26.325
534.275 26.175
533.83 26.215
534.02 26.285
536.285 26.31
536.96 26.195
536.21 26.235
535.09 26.245
536.36 26.295
535.965 26.265
536.91 26.275
538.395 26.465
535.46 26.475
536.675 26.525
538.155 26.585
537.08 26.645
537.78 26.64
538.38 26.785
540.05 26.585
542.765 25.555
542.425 25.585
542.195 25.705
541.68 25.565
540.95 25.615
540.48 25.535
544.74 25.885
543.49 25.675
541.625 25.655
538.73 25.515
539.98 25.565
539.235 25.53
537.425 25.565
539.235 25.595
537.33 25.555
536.305 25.565
535.845 25.565
532.16 25.495
531.59 25.635
533.225 25.825
534.465 25.815
537.44 25.92
533.67 26.035
534.81 26.05
535.825 26.095
538.825 26.225
537.945 26.195
533.8 26.025
534.795 25.915
535.49 25.915
537.07 26.025
537.9 26.015
536.52 25.965
532.52 25.725
539.035 26.095
539.635 26.015
540.53 26.175
539.66 26.145
537.75 25.915
537.295 25.835
536.575 25.855
534.67 25.875
532.915 25.755
534.39 25.725
536.53 25.885
536.97 25.925
537.825 25.895
537.36 25.855
539.9 25.275
541.65 25.605
542.56 25.485
543.355 25.495
542.79 25.465
542.82 25.525
542.795 25.645
539.315 25.615
542.41 25.505
540.215 25.555
536.92 25.385
535.05 25.295
535.03 25.265
535.13 25.295
536.145 25.355
535.865 25.255
535.76 25.125
534.855 25.205
536.055 25.265
535.575 25.245
535.155 25.275
535.19 25.295
534.57 25.135
532.13 25.075
530.175 25.015
529.47 25.015
531.155 25.045
530.24 25.025
526.365 24.965
525.085 24.855
523.445 24.835
522.89 24.725
520.615 24.615
521.125 24.635
520.03 24.615
516.25 24.405
523.53 24.395
524.525 24.405
527.125 24.445
528.765 24.615
528.11 24.615
530.535 24.575
528.68 24.455
526.9 24.405
527 24.595
527.885 24.565
527.365 24.575
528.55 24.635
529.005 24.685
532.975 24.875
533.735 24.645
531.59 24.59
532.4 24.785
533.255 24.815
533.94 24.695
531.625 24.715
531.195 24.775
528.955 24.685
528.3 24.625
528.86 24.635
528.855 24.705
528.355 24.645
523.515 24.515
517.82 24.115
514.575 24.205
516.245 24.165
515.425 24.125
516.255 24.105
516.815 24.165
518.82 24.155
519.72 24.195
523 24.145
521.045 24.155
519.6 24.185
520.145 24.155
520.075 24.265
519.435 24.21
517.815 24.235
521.705 24.23
520.205 24.245
521.34 24.265
520.615 24.225
521.555 24.245
521.66 24.275
516.26 24.395
516.12 24.665
516.115 24.815
517.19 24.755
517.175 24.825
519.33 24.835
519.38 24.765
518.645 24.675
519.33 24.725
520.27 24.755
520.445 24.795
520.79 24.865
520.94 24.845
520.395 24.825
525.33 24.975
524.845 24.785
524.64 24.745
524.675 24.765
525.12 24.835
525.16 24.875
525.56 24.915
530.06 25.045
530.655 24.805
529.925 24.515
529.765 24.575
527.8 24.505
527.77 24.455
527.125 24.445
526.01 24.555
526.155 24.465
523.22 24.295
524.895 24.305
528.09 24.235
527.48 24.205
530.065 24.235
522.68 24.055
526.115 24.045
525.52 24.055
525.81 24.065
525.84 24.025
525.015 23.985
523.735 23.915
523.495 23.905
525.38 24.025
525.9 24.155
524.15 24.115
522.71 24.195
520.735 24.135
519.36 24.075
521.765 24.155
524.175 24.025
521.085 23.915
521.085 23.975
522.4 24.055
522.505 24.065
520.24 24.035
517.685 23.975
517.5 23.935
518.93 23.905
519.585 23.895
518.845 23.945
519.61 23.955
520.065 23.925
518.39 23.915
518.85 23.875
517.835 23.945
517.725 23.945
517.095 23.925
518.115 23.965
517.85 24.025
515.075 23.965
514.005 23.875
511.865 23.865
512.165 23.855
510.61 23.775
511.93 23.825
511.525 23.855
508.37 23.765
506.24 23.925
505.72 23.975
503.44 23.905
503.195 23.985
504.42 24.135
504.26 24.115
508.15 24.225
511.21 24.405
512.545 24.295
511.52 24.305
511.72 24.335
510.615 24.285
509.725 24.225
504.655 23.975
507.005 23.915
504.895 23.895
503.05 23.785
503.075 23.735
502.335 23.735
501.18 23.725
503.555 23.735
504 23.935
505.55 24.025
505.32 24.095
504.875 24.035
500.69 23.99
499.645 23.975
503.315 24.195
494.81 24.275
494.425 24.095
494.855 24.085
490.945 24.165
489.465 24.255
485.385 24.185
485.04 24.225
480.98 24.435
481.68 24.535
485.16 24.585
485.14 24.575
485.055 24.575
483.36 24.535
486.135 24.545
492.44 24.715
493.1 24.825
492.895 24.785
492.54 24.725
492.84 24.695
491.97 24.735
490.14 24.595
489.175 24.745
490.67 24.725
490.84 24.725
491.135 24.755
489.58 24.735
489.11 24.725
481.745 24.385
479.385 24.315
478.1 24.275
476.03 24.275
478.85 24.435
475.675 24.315
477.455 24.465
479.855 24.515
475.69 24.275
475.53 24.335
475.395 24.265
474.38 24.275
475.34 24.255
474.32 24.235
474.84 24.305
479.3 25.005
479.045 25.115
479.07 25.275
478.42 25.235
485.095 25.365
485.32 25.435
484.665 25.205
493.115 25.305
493.235 25.395
493.275 25.445
494.34 25.445
494.82 25.525
492.555 25.515
495.735 25.695
494.755 25.485
497.25 25.625
496.445 25.575
498.965 25.585
495.91 25.615
498.49 25.665
501.825 25.725
504.395 25.835
504.64 25.995
504.88 25.875
504.57 25.855
503.875 25.885
505.54 25.955
506.755 25.905
515.67 26.065
515.77 26.065
516.88 26.075
517.365 26.135
519.22 26.085
519.355 26.065
525.885 26.095
529.865 25.955
531.13 26.035
531.94 26.055
534.42 26.035
531.97 25.935
534.1 26.045
534.835 26.055
535.58 26.095
537.235 26.215
537.785 26.245
535.955 26.275
535.925 26.235
536.095 26.245
542.23 26.425
537.495 26.745
540.195 26.625
542.13 26.715
543.525 26.745
549.79 26.825
547.04 26.805
532.335 26.805
532.735 26.685
528 26.545
530.065 26.595
531.885 26.715
530.595 26.835
530.67 26.895
529.195 26.685
534.735 26.685
529.83 26.645
529.53 26.665
528.22 26.635
526.525 26.525
526.875 26.585
529.13 26.575
534.405 26.485
533.835 26.575
535.28 26.565
535.47 26.555
538.94 26.705
536.015 26.615
541.765 26.685
540.295 26.915
540.875 26.915
540.34 26.855
539.81 26.855
538.325 26.745
537.195 26.615
541.355 26.695
536.635 26.855
532.63 26.665
531.775 26.575
529.46 26.455
529.825 26.475
527.185 26.475
599.935 26.525
592.725 26.545
592.645 26.675
595.975 26.755
597.035 26.915
594.89 26.795
599.17 26.855
593.4 26.765
597.4 26.415
596.43 26.475
594.725 26.385
594.54 26.385
595.26 26.475
595.96 26.565
597.55 26.935
602.725 27.15
602.155 27.205
601.1 27.265
601.98 27.455
603.585 27.495
601.56 27.595
599.725 27.225
598.64 27.135
598.63 27.125
595.95 27.085
597.14 27.125
597.825 27.125
595.63 26.985
595.69 27.055
603.64 27.275
604.6 27.015
603.975 27.075
607.565 27.125
605.46 27.095
607.545 27.125
605.075 26.765
609.345 27.035
609.66 27.065
612.455 27.205
617.76 27.295
618.435 27.475
617.955 27.485
613.815 27.265
616.265 27.765
618.225 27.875
621.195 27.945
622.895 27.995
623.965 27.915
619.525 27.755
620.36 27.855
623.5 27.925
624.6 28.035
623.715 28.025
623.28 28.065
623.605 28.08
623.185 28.095
618.52 27.885
611.825 27.705
615.35 27.825
613.95 27.675
610.98 27.575
609.5 27.475
605.795 27.285
605.97 27.285
611.8 27.635
614.77 27.995
613 28.015
613.855 27.985
610.87 27.845
610.36 27.865
604.66 27.415
608 27.395
612.77 27.645
609.175 27.495
607.31 27.475
607.425 27.485
604.935 27.445
613.69 27.595
606.74 27.035
607.325 27.095
600.93 26.905
601.815 26.975
599.33 27.025
605.85 27.195
607.405 26.955
607.35 27.155
602.345 27.165
602.605 27.305
598.5 27.135
598.51 27.035
595.745 26.915
595.225 26.665
588.05 26.685
595.075 26.745
593.8 26.555
595.275 26.725
599.05 26.705
602.14 26.935
595.975 26.405
590.71 26.635
588.48 26.395
589.745 26.495
589.76 26.535
583.205 26.275
579.855 26.105
584.575 25.665
577.16 25.795
577.135 25.545
573.265 25.555
580.455 25.935
581.845 25.665
578.075 25.515
564.83 25.095
556.27 24.825
561.71 25.075
562.365 24.975
558.675 25.005
548.22 24.525
557.305 24.615
558.845 24.675
567.895 24.815
563.935 24.675
567.275 24.885
563.37 24.775
559.15 24.645
559.415 24.735
559.115 24.855
556.68 24.355
554.185 24.185
556.145 24.595
555.94 24.745
561.37 24.945
555.805 24.385
554.685 24.695
556.685 24.885
559.665 24.855
559.505 24.885
562.315 25.075
565.36 25.145
565.845 25.215
568.34 25.065
565.76 25.025
564.095 25.095
565.47 25.135
565.385 25.155
565.34 25.185
564.75 25.165
551.22 25.315
557.965 25.525
547.955 25.195
547.47 25.355
550.825 25.315
553.37 25.425
552.83 25.415
551.325 25.235
548.845 25.515
543.855 25.505
540.53 25.295
536.505 25.135
537.96 25.295
538.545 25.465
538.775 25.325
540.86 25.635
535.275 25.365
533.015 25.235
534.33 25.065
533.585 25.125
533.365 25.145
523.87 24.705
514.525 24.405
511.935 24.475
510.795 24.895
508.99 24.795
504.89 24.91
503.23 24.785
500.15 24.575
514.655 24.545
507.655 24.285
506.78 24.285
502.555 24.215
495.565 24.035
493.67 24.095
503.935 24.425
505.565 24.205
501.33 23.915
500.69 24.045
501.815 24.085
496.68 23.975
498.435 24.095
503.56 24.055
511.62 24.505
514.365 24.455
517.75 24.625
517.22 24.615
517.695 24.535
518.155 24.625
517.635 24.475
529.51 24.655
523.12 24.425
518.85 24.575
521.315 24.725
519.725 24.715
523.605 24.825
532.365 24.935
527.09 24.835
525.17 24.785
523.315 24.665
522.37 24.635
521.42 24.585
520.02 24.575
519.475 24.625
523.83 24.805
527.71 25.135
528.42 25.315
527.315 25.285
526.95 25.235
525.03 25.195
534.755 25.465
537.22 25.685
535.38 25.605
537.16 25.625
537.11 25.655
537.43 25.755
539.385 25.805
538.39 25.845
535.33 26.075
539.87 26.175
541.55 26.215
536.325 26.255
540.795 26.285
541.8 26.385
545.285 26.345
544.05 26.595
542.625 26.655
542.51 26.595
542.74 26.585
540.275 26.515
538.175 26.515
542 26.475
537.97 26.515
536.07 26.435
535.675 26.435
533.925 26.35
532.71 26.365
533.705 26.285
525.37 25.845
524.93 25.865
524.03 25.795
523.275 25.885
522.905 25.875
522.05 25.775
523.245 25.755
513.39 25.305
512.175 25.205
516.63 25.275
515.655 25.295
515.085 25.265
519.795 25.355
515.905 25.285
528.855 25.735
530.445 25.735
530.64 25.865
533.105 25.855
534.255 25.925
534.91 25.985
534.875 25.995
532.775 26.075
537.415 26.595
537.3 26.575
537.53 26.435
536.57 26.255
534.825 26.275
534.745 26.34
532.66 26.165
533.665 26.015
530 25.685
525.075 25.65
523.49 25.625
521.43 25.615
522.495 25.635
520.33 25.635
524.585 25.715
523.8 25.655
521.5 25.485
519.67 25.425
520.43 25.335
524.54 25.565
532.255 25.905
532.565 25.965
525.365 25.845
526.3 25.955
526.225 26.065
530.375 26.14
527.895 26.045
532.72 26.165
526.88 25.925
529.945 26.245
529.865 26.285
527.615 26.305
530.805 26.445
534.765 26.755
535.885 26.555
538.44 26.685
538.76 26.845
540.62 26.9
542.465 26.875
542.905 26.985
542.685 26.945
545.85 27.02
546.325 27.105
543.595 27.075
545.535 27.195
545.285 27.225
545.405 27.225
545.135 27.235
538.665 26.695
537.29 26.785
541.42 26.795
539.71 26.8
540.975 26.835
543.225 26.965
549.645 27.275
549.695 27.335
553.725 27.365
556.685 27.445
554.785 27.405
553.625 27.275
554.53 27.255
545.33 27.055
550.275 26.995
546.775 26.515
547.505 26.485
548.47 26.595
549.14 26.57
549.5 26.545
547.62 26.345
521.445 25.515
524.72 25.305
522.745 25.175
521.785 25.145
517.92 25.055
519.645 24.985
518.215 24.775
516.1 24.895
519.98 24.835
524.895 25.115
522.77 24.935
522.955 24.905
523.475 24.895
525.34 25.105
527.6 25.295
517.655 24.875
521.335 25.165
523.11 25.195
519.515 24.965
521.595 25.065
527.115 25.245
539.39 25.795
541.225 25.595
543.135 25.615
543.515 25.685
544.545 25.755
545.985 25.815
538.68 25.675
541.17 26.105
537.005 25.985
538.375 25.985
537.91 26.035
534.455 25.88
533.18 25.815
533.525 25.805
536.71 25.915
525.945 25.915
527.915 25.795
530.735 25.745
528.73 25.515
522.41 25.245
523.015 25.305
520.55 25.255
519.99 25.345
520.665 25.2
520.465 25.265
518.525 25.185
517.25 25.115
517.24 25.055
510.655 24.985
507.885 25.135
504.68 25.015
504.095 24.955
499.21 24.835
497.865 24.765
497.4 24.595
492.73 24.455
485.65 24.56
487.77 24.685
490.635 24.825
489.72 24.745
487.13 24.645
491.615 24.91
494.85 25.275
490.19 25.505
496.865 25.925
497.87 25.755
503.78 25.975
506.245 26.115
503.205 25.735
507.805 25.895
509.17 26.025
510.315 26.225
513.685 26.285
509.275 26.225
511.18 26.395
511.245 26.145
514.6 26.285
519.115 26.485
515.94 26.345
513.78 26.315
513.05 26.295
514.29 26.415
518.13 26.485
526.235 26.615
533.445 26.725
532.715 26.775
533.185 26.805
533.93 26.815
534.025 26.825
530.885 26.655
534.705 26.845
542.925 26.955
542.605 26.965
545.92 26.965
542.14 26.975
543.925 26.925
541.27 26.965
548.24 27.085
549.86 27.135
549.505 27.165
551.945 27.135
552.98 27.265
550.905 27.275
551.555 27.205
552.32 26.685
550.09 26.895
552.59 26.925
555.88 26.995
554.48 27.06
553.39 27.095
554.645 27.065
596.93 27.215
590.495 27.315
591.215 27.085
591.86 27.045
589.23 27.225
591.69 27.185
590.71 27.195
584.42 27.235
586.195 27.045
583.935 27.155
581.6 27.085
581.41 27.015
580.355 26.975
581.81 26.975
580.645 26.865
582.74 27.065
585.32 26.995
587.28 27.055
587.55 27.105
589.5 27.155
590.305 27.295
587.875 27.425
588.54 27.255
589.885 27.345
588.58 27.33
587.565 27.345
580.46 27.055
580.915 27.095
581.26 27.255
586.34 26.705
582.25 26.645
581.19 26.555
586.75 26.925
584.725 26.915
583.815 27.105
588.79 27.065
592.52 27.115
591.75 27.055
589.45 27.095
587.37 26.925
588.515 26.995
589.095 27.045
588.795 27.075
594.975 27.175
598.87 27.315
599.205 27.295
598.04 27.275
598.565 27.295
598.69 27.075
593.715 27.165
592.7 27.035
588.105 27.015
590.38 27.075
588.095 27.065
584.555 26.905
584.885 26.965
589.395 26.975
584.975 26.665
578.995 26.195
580.375 26.365
580.67 26.395
585.33 26.535
586.685 26.605
599.58 27.015
596.595 26.905
595.34 26.91
598.225 27.115
599.915 27.16
600.655 27.365
600.715 27.325
596.12 27.085
598.25 26.885
598.775 26.905
598.01 26.825
600.23 26.945
599.105 26.915
599.26 26.975
594.535 26.855
595.415 26.945
597.435 26.895
596 26.785
597.07 26.755
595.57 26.795
594.7 26.675
579.275 25.975
581.645 26.235
582.525 26.225
579.56 25.995
582.455 26.095
584.505 26.155
581.85 26.075
584.135 26.085
584.6 25.905
585.31 26.055
584.49 25.985
582.18 25.805
582.24 25.865
584.565 26.11
586.62 26.205
586.325 26.265
590.465 26.405
589.135 26.455
590.125 26.485
591.235 26.495
596.62 26.485
593.575 26.315
592.705 26.045
593.695 26.085
595.16 26.095
596.815 26.145
599.4 26.28
596.13 26.21
594.48 26.275
595.14 26.335
592.875 26.215
592.5 26.135
595.305 26.185
599.565 26.495
606.94 26.675
609.62 27.005
608.465 26.875
606.62 26.795
608.41 26.855
607.445 26.895
612.395 27.135
614.085 27.145
604.665 26.655
603.235 26.585
607.165 26.675
606.065 26.625
605.79 26.535
600.405 26.175
601.075 26.085
605.505 26.425
593.95 26.285
596.41 26.225
595.54 26.195
598.8 26.365
596.54 26.295
596.55 26.295
601.83 26.725
600.585 26.835
602.255 27.035
604.33 26.965
606.54 26.985
610.31 27.015
609.79 26.985
609.55 26.865
614.805 26.905
615.93 26.875
614.355 26.735
615.98 26.715
613.44 26.725
614.16 26.735
611.745 26.625
613.705 26.525
611.895 26.435
614.79 26.735
616.035 26.775
616.63 26.815
617.325 26.885
614.385 26.485
614.45 26.325
616.26 26.445
615.755 26.435
616.995 26.455
617.35 26.485
614.315 26.255
611.79 26.025
608.64 25.925
605.46 25.895
601.59 25.795
600.4 25.685
599.855 25.545
599.905 25.535
600.475 25.41
601.125 25.235
600.86 25.415
595.37 25.345
598.35 25.435
596.695 25.375
596.31 25.315
585.96 25.245
577.195 25.045
576.765 25.015
577.63 24.965
578.27 25.015
580.315 25.045
583.845 25.175
581.355 24.925
583.54 24.865
577.94 24.675
579.47 24.765
583.065 24.915
581.89 24.815
581.655 24.785
575.84 24.685
571.02 24.51
572.27 24.525
573.425 24.515
574.865 24.665
571.27 24.515
571.9 24.565
567.41 24.445
570.775 24.515
568.715 24.515
565.52 24.375
581.325 24.795
585.14 24.915
587.71 24.855
587.165 24.785
588.335 24.885
587.19 24.815
585.325 24.775
586.295 24.805
587.55 24.915
585.655 24.905
583.53 24.925
583.65 24.865
584.075 24.925
585.16 24.985
596.54 25.315
597.51 25.405
597.07 25.425
596.96 25.495
596.205 25.385
597.59 25.455
596.145 25.385
599.4 25.555
611.385 25.375
609.33 25.275
612.035 25.315
610.795 25.345
613.325 25.315
615.65 25.345
617.615 25.605
623.1 25.375
621.28 25.265
619.17 25.285
621.67 25.235
621.61 25.255
620.52 25.245
625.32 25.695
630.38 25.705
628.7 25.765
629.085 25.695
628.925 25.755
626.74 25.665
624.885 25.685
623.475 25.845
625.33 25.715
621.06 25.695
622.91 25.675
623.805 25.735
623.245 25.705
625.43 25.715
621.73 25.685
618.57 25.395
622.28 25.455
622.165 25.495
622.845 25.535
622.295 25.545
622.725 25.615
620.93 25.535
623.26 25.495
621.775 25.625
621.89 25.595
619.635 25.545
618.675 25.555
619.61 25.535
618.37 25.595
621.62 25.735
623.37 25.845
624.67 25.795
626.45 25.825
626.865 25.855
628.49 25.765
623.605 25.455
621.17 25.325
623.53 25.435
622.435 25.435
623.355 25.435
623.335 25.415
623.4 25.435
630.82 25.825
634.53 25.955
632.87 25.895
634.005 25.985
632.64 25.965
632.485 25.975
627.585 25.755
622.555 25.795
620.94 25.705
615.78 25.615
616.28 25.665
619.675 25.675
618.56 25.675
617.985 25.685
623.13 25.685
620.93 25.675
622.36 25.675
621.615 25.685
621.18 25.695
619.885 25.695
620.57 25.695
622.405 25.735
625.57 26.085
627.265 26.115
624.54 25.955
625.72 25.995
625.02 25.935
625.155 25.935
626.63 26.015
624.525 25.905
623.98 25.795
622.975 25.815
622.485 25.765
622.645 25.675
620.375 25.485
628.63 25.955
630.34 26.035
629.605 25.985
630.26 25.985
631.26 26.035
630.855 26.005
629.27 25.995
630.445 26.145
627.96 25.995
624.345 25.685
619.94 25.485
622.48 25.515
622.065 25.615
626.235 25.635
627.665 25.765
630.93 25.645
629.355 25.705
631.44 25.745
631.115 25.735
630.51 25.795
630.105 25.795
631.98 25.835
632.83 25.785
632.96 25.945
633.265 25.965
633.835 25.965
632.175 25.975
631.74 25.965
632.755 25.985
639.335 26.055
639.71 26.055
640.86 26.095
640.61 26.075
642.39 26.085
642.27 26.075
643.495 26.145
641.31 25.965
641.515 25.955
640.8 25.965
641.865 25.865
641.125 25.895
638.51 25.775
641.7 25.995
637.145 25.955
638.29 25.915
638.44 25.985
639.055 25.995
641.67 25.965
641.435 26.005
642.795 26.005
644.26 26.025
644.895 26.115
645.155 26.055
646.155 26.075
645.465 25.965
645.77 26.005
