466.255
467.55
470.15
468.39
466.76
462.23
461.71
461.62
461.24
463.65
467.045
464.54
467.785
467.635
461.82
471.585
474.315
472.955
474.425
477.645
481.455
484.935
482.99
477.115
482.47
482.895
476.9
478.23
483.995
484.695
486.53
486.36
486.295
486.7
484.87
481.92
485.325
485.85
484.91
488.235
487.935
489.23
488.475
488.95
489.72
487.41
486.155
485.57
487.575
492.35
496.55
494.89
493.925
492.155
494.325
493.685
493.365
487.185
486.21
486.26
484.285
484.54
483.63
485.665
485.27
480.54
480.795
484.1
486.445
488.06
479.415
484.045
482.94
482.93
482.4
484.23
487.11
488.745
490.665
491.23
491.16
491.725
492.355
491.775
490.46
488.52
489.23
488.1
489.02
488.025
487.785
491.405
499.09
500.96
504.05
503.335
504.99
506.56
506.04
506.69
504.96
505.7
505.27
506.925
506.95
504.685
503.585
499.145
496.51
497.79
497.77
499.825
502.755
503.07
502.61
502.36
503.07
503.7
504.715
502.19
500.58
502.21
503.685
499.235
502.83
503.16
497.435
495.405
492.59
492.835
493.795
493.44
492.635
485
488.67
492.05
492.85
493.155
492.44
493.43
488.89
489.85
487.145
488.515
488.025
489.335
487.62
482.97
487.135
487.74
489.6
488.035
486.45
485.45
487.82
487.27
491.185
491.895
494.08
492.685
492.185
489.715
487.12
486.37
486.355
486.535
485.87
482.345
481.855
472.835
471.36
470.68
470.3
471.01
470.945
467.86
466.8
465.675
462.825
462.405
463.705
461.94
462.545
460.825
461.775
464.255
465.305
467.715
466.095
457.66
455.17
455.215
454.565
454.655
451.21
453.23
451.775
456.63
454.205
453.665
452.405
453.08
454.725
456.755
454.04
453.43
453.75
453.885
451.885
453.58
453.38
452.27
458.16
457.355
457.045
458.83
459.335
458.8
455.54
456.34
455.01
454.61
454.49
453.725
450.855
452.7
449.845
451.065
451.45
450.25
449.175
454.61
458.515
463.84
461.965
462.3
461.625
460.04
462.2
462.475
461.66
462.28
461.445
462.055
462.4
470.29
470.97
469.855
469.65
470.945
470.465
470.72
465.38
466.16
466.57
465.65
465.2
465.365
463.675
464.725
468.8
471.605
471.45
471.755
469
470.615
477.72
479.12
478.84
479.22
477.84
477.925
477.895
478.725
478.63
477.86
475.45
476.005
477.495
477.095
481.16
483.525
483.965
481.475
482.43
482.025
482.36
482.405
481.34
483.53
483.54
481.86
481.415
481.6
479.245
479.065
479.855
480.605
479.98
480.475
481.495
480.175
481.04
481.495
480.865
480.19
481.445
481.02
483.625
482.085
483.505
484.39
484.875
489.33
490.07
492.145
506.895
509.085
506.155
507.61
509.555
508.065
509.28
514.88
515.995
515.98
512.92
515.31
512.895
514.015
511.895
513.605
515.44
516.255
516.015
514.735
513.815
515.465
519.085
517.075
517.865
518.825
512.23
520.74
521.66
524.175
525.8
526.92
524.88
525.43
530.305
532.195
532.215
532.975
534.465
536.125
534.685
531.045
521.77
528.135
523.995
526.21
526.435
524.865
527.5
526.25
528.965
527.17
527.71
527.89
526.305
531.28
527.425
520.97
521.845
525.65
525.1
527.81
530.205
523.685
525.65
526.57
526.69
526.485
526.365
524.13
526.59
522.325
520.385
521.095
520.17
521.325
527.79
532.255
534.125
534.74
537.95
538.695
538.61
538.79
533.63
533.255
531.88
530.59
531.51
532.085
536.41
536.89
534.45
531.21
531.66
531.22
529.495
530.69
529.695
533.115
533.935
534.58
535.805
536.7
539.395
541.9
541.99
542.15
541.14
542.19
538.825
540.09
542.59
544.61
544.58
542.665
540.48
540.13
547.19
544.245
545.28
545.65
545.78
545.9
544.61
544.935
542.16
541.33
540.445
538.53
538.855
538.645
596.64
592.96
597.62
598.395
600.735
599.875
599.875
601.05
612.915
610.675
612.935
613.15
617.845
617.04
608.835
613.13
611.23
612.375
612
606.755
603.29
608.785
612.55
615.925
615.5
614.325
614.245
610.755
611.77
615.35
611.69
610.755
610.45
608.06
611.24
610.37
612.3
612.92
612.435
611.935
611.795
612.18
615.945
621.865
621.055
617.65
619.44
618.53
618.08
613.445
618.375
619.51
619.385
619.365
619.93
620.08
616.63
617.135
613.315
614.89
614.75
615.515
616.305
619.625
616.36
616.595
613.73
616.355
616.21
616.625
617.55
616.465
615.98
616.72
617.25
615.715
615.1
616.86
618.92
611.615
615.6
614.625
615.55
613.98
618.445
615.925
616.565
616.4
616.36
616.785
616.455
617.18
619.1
616.915
617.395
617.01
614.285
618.4
625.92
627.645
626.8
626.565
626.91
624.135
625.08
622.765
623.205
622.625
623.34
624.15
623.68
623.455
624.58
625.01
626.45
627.94
628.605
629.05
626.8
630.33
629.365
626.485
625.885
625.485
624.64
623.4
621.91
618.59
619.965
619.53
620.935
621.35
621.75
618.54
618.085
615.175
615.84
615.305
617.13
616.64
613.755
613.045
610.435
606.07
603.46
602.54
604.345
601.695
598.2
597.25
596.17
600.925
600.84
596.49
592.375
593.37
589.19
586.715
586.5
588.185
584.74
585.24
584.03
586.52
584.435
585.815
584.895
582.345
589.815
597.16
595.235
598.795
598.18
597.7
596.98
596.13
592.475
592.41
591.725
593.075
594.585
590.91
587.025
588.29
586.975
585.435
584.93
587.635
588.545
586.105
585.32
580.91
581.55
583.305
582.175
582.935
588.365
593.17
595.02
594.155
595.02
595.27
595.7
587.585
592.12
590.305
590.275
588.655
582.31
581.685
582.005
581.055
582.405
583.31
572.235
566.805
564.59
560.725
562.08
559.26
559.595
563.625
566.42
568.045
568.605
567.045
568.845
567.87
567.4
566.915
572.09
571.15
571.32
572.205
572.525
571.375
570.705
570.64
575.15
574.6
572.06
572.07
581.08
579.5
578.67
577.86
578.505
579.215
579.09
591.1
591.65
588.98
590.12
589.57
591.035
588.855
592.125
587.535
586.7
587.36
587.395
588.35
588.2
594.3
591.65
591.775
590.755
591.935
592.175
590.77
593.295
590.87
591.07
591.62
592.77
593.035
592.04
597.505
597.165
601.21
600.655
601.09
600.935
597.735
596.715
597.275
596.805
597.25
596.575
595.795
594.43
595.76
594.595
593.94
592.815
591.89
590.42
590.26
591.82
590.16
592.43
592.57
592.48
591.72
591.61
590.725
589.975
590.87
591.325
591.635
590.86
590.88
594.085
590.19
592.03
592.585
595.545
597.425
594.895
597.85
599.925
602.225
602.65
604.035
604.365
603.675
605.58
603.99
604.71
605.89
605.91
604.7
604.6
605.405
603.705
604.33
604.255
604.075
604.085
604.26
602.37
601.365
599.96
600.785
603.31
602.77
603.4
603.42
601.12
600.37
600.76
600.115
599.27
599.455
601.38
601.985
601.335
600.425
601.465
601.355
602.025
598.145
598.49
597.555
598.195
598.59
599.34
599.28
596.925
597.265
596.5
595.18
595.115
593.925
593.815
599.8
601.55
602.37
605.53
604.36
603.73
603.535
605.67
603.095
601.34
601.415
601.92
603.615
603.185
601.2
601.655
605.275
607.38
608.435
608.495
609.62
610.51
617.805
614.155
614.06
613.915
615.28
614.41
615.155
617.86
614.21
613.175
613.23
614.395
615.565
613.735
611.67
611.305
613.67
613.855
613.86
614.455
617.4
615.72
617.215
617.12
616.38
615.58
614.86
619.01
618.685
616.855
616.935
616.555
616.895
615.125
617.17
618.095
618.165
616.89
617.02
616.42
615.48
618.23
620.175
621.285
621.17
621.71
624.09
623.405
625.9
633.565
637.05
637.92
639.105
638.615
639.73
641.085
633.37
631.56
632.055
634.74
632.145
631.35
632.41
628.63
625.37
627.92
625.755
629.36
627.55
638.725
634.61
626.905
629.475
627.06
622.315
618.825
608.34
608.48
611.365
610.28
610.295
608.71
608.265
607.22
618.69
615.4
617.17
616.66
612.75
617.215
620.36
620.125
618.31
619.205
619.935
618.48
617.93
617.155
616.1
615.205
616.655
618.74
618.845
617.875
618.41
613.235
608.21
603.78
602.9
602.57
600.295
603.91
600.76
600.84
601.285
600.48
599.57
598.23
604.2
610.74
610.06
612.125
613.175
611.535
611.15
611.42
612.065
612.17
612.35
613.875
613.79
611.4
608.71
608.39
607.795
608.955
608.92
609.07
611.155
608.57
611.035
608.825
609.45
611.31
609.86
610.485
611.18
616.285
617.24
616.81
617.12
616.94
615.52
614.655
618.67
618.15
618.355
618.185
617.715
618.33
617.46
618.13
615.7
615.205
617.175
615.2
615.255
614.4
614.71
614.875
614.425
613.345
612.98
615.68
613.76
616.51
617.87
619.09
623.27
624.6
623.91
623.835
626.6
625.29
628.885
628.445
628.465
628.375
627.67
624.495
625.635
626.44
624.875
623.92
624.53
624.735
624.89
623.29
623.275
624.4
623.595
623.71
620.63
623.43
624.88
626.605
626.52
625.395
625.025
624.645
628.64
629.4
629.12
629.835
628.3
629.585
623.21
621.77
621.705
617.83
612.925
613.025
610.185
610.45
611.21
607.635
606.405
607.095
611.385
612.385
612.36
609.925
607.115
604.175
604.685
605.815
608.555
611.495
612.645
611.59
611.205
613.085
612.55
611.205
609.41
614.61
614
611.925
610.45
612.84
612.865
615.955
607.44
606.855
604.265
604.04
600.92
601.185
599.41
602.33
602.8
602.935
603.92
603.255
601.635
605.705
607.775
608.78
609.79
608.795
609.88
610.995
608.685
604.465
605.695
601.71
600.725
601.295
600.685
602.26
597.29
592.785
591.18
587.425
589.275
590.78
592.485
596.565
596
596.22
595.15
593.095
592.965
590.325
592.81
589.29
591.625
590.795
590.65
591.365
584.3
583.22
583.14
583.495
582.15
581.195
580.085
579.14
575.76
574.86
576.605
576.02
576.855
578.35
573.64
573.375
570.405
569.605
570.71
571.215
570.875
558.765
560.775
565.765
564.265
564.24
566.485
568.855
568.795
564.445
562.33
559.765
557.56
556.595
557.28
565.285
567.405
565.835
565.98
562.305
563.26
562.45
566.515
562.975
562.06
562.435
562.825
561.79
560.57
569.25
575.48
578.005
578.305
575.47
577.275
575.1
577.45
575.335
575.165
577.335
575.955
576.27
576.95
575.73
574.06
577.085
579.12
577.34
578.66
581.74
585.395
581.55
583.855
585.105
585.355
585.82
588.085
586.755
582.9
582.655
583.83
582.035
579.88
579.7
582.775
582.76
583.86
582.08
581.49
581.085
579.015
575.365
577.325
580.305
579.415
579.185
580.175
581.43
584.48
582.71
584.53
584.79
584.15
584.175
583.06
582.16
586.415
585.755
586.43
587.185
586.785
586.47
589.77
592.28
594.315
594.335
593.315
594.615
590.92
593.05
588.635
587.875
588.03
585.435
584.31
586.265
580.775
575.31
574.525
572.76
571.37
568.39
566.675
571.36
573.215
573.35
573.76
573.97
574.185
574.195
574.68
578.655
576.93
578.43
577.52
578.2
578.9
584.38
580.345
580.06
581.11
582.125
581.19
579.25
577.705
574.07
575.45
577.115
575.765
576.43
575.39
575.48
571.97
569.925
571.04
570.93
570.96
568.65
575.465
576.115
576.62
574.08
572.82
574.27
575.055
574.595
574.28
575.75
577.43
575.74
575.385
577.52
545.38
540.625
540.525
538.195
536.12
532.965
532.475
525.64
521.47
523.16
522.085
521.315
523.51
526.17
530.61
524.13
522.36
523.985
523.615
523.725
521.815
526.44
523.955
524.94
524.645
524.925
525.055
524.975
527.685
525.675
526.05
524.635
524.335
524.84
524.8
525.785
524.29
523.415
524.24
524.915
524.66
525.455
527.665
526.965
533.36
536.79
534.275
533.83
534.02
536.285
536.96
536.21
535.09
536.36
535.965
536.91
538.395
535.46
536.675
538.155
537.08
537.78
538.38
540.05
542.765
542.425
542.195
541.68
540.95
540.48
544.74
543.49
541.625
538.73
539.98
539.235
537.425
539.235
537.33
536.305
535.845
532.16
531.59
533.225
534.465
537.44
533.67
534.81
535.825
538.825
537.945
533.8
534.795
535.49
537.07
537.9
536.52
532.52
539.035
539.635
540.53
539.66
537.75
537.295
536.575
534.67
532.915
534.39
536.53
536.97
537.825
537.36
539.9
541.65
542.56
543.355
542.79
542.82
542.795
539.315
542.41
540.215
536.92
535.05
535.03
535.13
536.145
535.865
535.76
534.855
536.055
535.575
535.155
535.19
534.57
532.13
530.175
529.47
531.155
530.24
526.365
525.085
523.445
522.89
520.615
521.125
520.03
516.25
523.53
524.525
527.125
528.765
528.11
530.535
528.68
526.9
527
527.885
527.365
528.55
529.005
532.975
533.735
531.59
532.4
533.255
533.94
531.625
531.195
528.955
528.3
528.86
528.855
528.355
523.515
517.82
514.575
516.245
515.425
516.255
516.815
518.82
519.72
523
521.045
519.6
520.145
520.075
519.435
517.815
521.705
520.205
521.34
520.615
521.555
521.66
516.26
516.12
516.115
517.19
517.175
519.33
519.38
518.645
519.33
520.27
520.445
520.79
520.94
520.395
525.33
524.845
524.64
524.675
525.12
525.16
525.56
530.06
530.655
529.925
529.765
527.8
527.77
527.125
526.01
526.155
523.22
524.895
528.09
527.48
530.065
522.68
526.115
525.52
525.81
525.84
525.015
523.735
523.495
525.38
525.9
524.15
522.71
520.735
519.36
521.765
524.175
521.085
521.085
522.4
522.505
520.24
517.685
517.5
518.93
519.585
518.845
519.61
520.065
518.39
518.85
517.835
517.725
517.095
518.115
517.85
515.075
514.005
511.865
512.165
510.61
511.93
511.525
508.37
506.24
505.72
503.44
503.195
504.42
504.26
508.15
511.21
512.545
511.52
511.72
510.615
509.725
504.655
507.005
504.895
503.05
503.075
502.335
501.18
503.555
504
505.55
505.32
504.875
500.69
499.645
503.315
494.81
494.425
494.855
490.945
489.465
485.385
485.04
480.98
481.68
485.16
485.14
485.055
483.36
486.135
492.44
493.1
492.895
492.54
492.84
491.97
490.14
489.175
490.67
490.84
491.135
489.58
489.11
481.745
479.385
478.1
476.03
478.85
475.675
477.455
479.855
475.69
475.53
475.395
474.38
475.34
474.32
474.84
479.3
479.045
479.07
478.42
485.095
485.32
484.665
493.115
493.235
493.275
494.34
494.82
492.555
495.735
494.755
497.25
496.445
498.965
495.91
498.49
501.825
504.395
504.64
504.88
504.57
503.875
505.54
506.755
515.67
515.77
516.88
517.365
519.22
519.355
525.885
529.865
531.13
531.94
534.42
531.97
534.1
534.835
535.58
537.235
537.785
535.955
535.925
536.095
542.23
537.495
540.195
542.13
543.525
549.79
547.04
532.335
532.735
528
530.065
531.885
530.595
530.67
529.195
534.735
529.83
529.53
528.22
526.525
526.875
529.13
534.405
533.835
535.28
535.47
538.94
536.015
541.765
540.295
540.875
540.34
539.81
538.325
537.195
541.355
536.635
532.63
531.775
529.46
529.825
527.185
599.935
592.725
592.645
595.975
597.035
594.89
599.17
593.4
597.4
596.43
594.725
594.54
595.26
595.96
597.55
602.725
602.155
601.1
601.98
603.585
601.56
599.725
598.64
598.63
595.95
597.14
597.825
595.63
595.69
603.64
604.6
603.975
607.565
605.46
607.545
605.075
609.345
609.66
612.455
617.76
618.435
617.955
613.815
616.265
618.225
621.195
622.895
623.965
619.525
620.36
623.5
624.6
623.715
623.28
623.605
623.185
618.52
611.825
615.35
613.95
610.98
609.5
605.795
605.97
611.8
614.77
613
613.855
610.87
610.36
604.66
608
612.77
609.175
607.31
607.425
604.935
613.69
606.74
607.325
600.93
601.815
599.33
605.85
607.405
607.35
602.345
602.605
598.5
598.51
595.745
595.225
588.05
595.075
593.8
595.275
599.05
602.14
595.975
590.71
588.48
589.745
589.76
583.205
579.855
584.575
577.16
577.135
573.265
580.455
581.845
578.075
564.83
556.27
561.71
562.365
558.675
548.22
557.305
558.845
567.895
563.935
567.275
563.37
559.15
559.415
559.115
556.68
554.185
556.145
555.94
561.37
555.805
554.685
556.685
559.665
559.505
562.315
565.36
565.845
568.34
565.76
564.095
565.47
565.385
565.34
564.75
551.22
557.965
547.955
547.47
550.825
553.37
552.83
551.325
548.845
543.855
540.53
536.505
537.96
538.545
538.775
540.86
535.275
533.015
534.33
533.585
533.365
523.87
514.525
511.935
510.795
508.99
504.89
503.23
500.15
514.655
507.655
506.78
502.555
495.565
493.67
503.935
505.565
501.33
500.69
501.815
496.68
498.435
503.56
511.62
514.365
517.75
517.22
517.695
518.155
517.635
529.51
523.12
518.85
521.315
519.725
523.605
532.365
527.09
525.17
523.315
522.37
521.42
520.02
519.475
523.83
527.71
528.42
527.315
526.95
525.03
534.755
537.22
535.38
537.16
537.11
537.43
539.385
538.39
535.33
539.87
541.55
536.325
540.795
541.8
545.285
544.05
542.625
542.51
542.74
540.275
538.175
542
537.97
536.07
535.675
533.925
532.71
533.705
525.37
524.93
524.03
523.275
522.905
522.05
523.245
513.39
512.175
516.63
515.655
515.085
519.795
515.905
528.855
530.445
530.64
533.105
534.255
534.91
534.875
532.775
537.415
537.3
537.53
536.57
534.825
534.745
532.66
533.665
530
525.075
523.49
521.43
522.495
520.33
524.585
523.8
521.5
519.67
520.43
524.54
532.255
532.565
525.365
526.3
526.225
530.375
527.895
532.72
526.88
529.945
529.865
527.615
530.805
534.765
535.885
538.44
538.76
540.62
542.465
542.905
542.685
545.85
546.325
543.595
545.535
545.285
545.405
545.135
538.665
537.29
541.42
539.71
540.975
543.225
549.645
549.695
553.725
556.685
554.785
553.625
554.53
545.33
550.275
546.775
547.505
548.47
549.14
549.5
547.62
521.445
524.72
522.745
521.785
517.92
519.645
518.215
516.1
519.98
524.895
522.77
522.955
523.475
525.34
527.6
517.655
521.335
523.11
519.515
521.595
527.115
539.39
541.225
543.135
543.515
544.545
545.985
538.68
541.17
537.005
538.375
537.91
534.455
533.18
533.525
536.71
525.945
527.915
530.735
528.73
522.41
523.015
520.55
519.99
520.665
520.465
518.525
517.25
517.24
510.655
507.885
504.68
504.095
499.21
497.865
497.4
492.73
485.65
487.77
490.635
489.72
487.13
491.615
494.85
490.19
496.865
497.87
503.78
506.245
503.205
507.805
509.17
510.315
513.685
509.275
511.18
511.245
514.6
519.115
515.94
513.78
513.05
514.29
518.13
526.235
533.445
532.715
533.185
533.93
534.025
530.885
534.705
542.925
542.605
545.92
542.14
543.925
541.27
548.24
549.86
549.505
551.945
552.98
550.905
551.555
552.32
550.09
552.59
555.88
554.48
553.39
554.645
596.93
590.495
591.215
591.86
589.23
591.69
590.71
584.42
586.195
583.935
581.6
581.41
580.355
581.81
580.645
582.74
585.32
587.28
587.55
589.5
590.305
587.875
588.54
589.885
588.58
587.565
580.46
580.915
581.26
586.34
582.25
581.19
586.75
584.725
583.815
588.79
592.52
591.75
589.45
587.37
588.515
589.095
588.795
594.975
598.87
599.205
598.04
598.565
598.69
593.715
592.7
588.105
590.38
588.095
584.555
584.885
589.395
584.975
578.995
580.375
580.67
585.33
586.685
599.58
596.595
595.34
598.225
599.915
600.655
600.715
596.12
598.25
598.775
598.01
600.23
599.105
599.26
594.535
595.415
597.435
596
597.07
595.57
594.7
579.275
581.645
582.525
579.56
582.455
584.505
581.85
584.135
584.6
585.31
584.49
582.18
582.24
584.565
586.62
586.325
590.465
589.135
590.125
591.235
596.62
593.575
592.705
593.695
595.16
596.815
599.4
596.13
594.48
595.14
592.875
592.5
595.305
599.565
606.94
609.62
608.465
606.62
608.41
607.445
612.395
614.085
604.665
603.235
607.165
606.065
605.79
600.405
601.075
605.505
593.95
596.41
595.54
598.8
596.54
596.55
601.83
600.585
602.255
604.33
606.54
610.31
609.79
609.55
614.805
615.93
614.355
615.98
613.44
614.16
611.745
613.705
611.895
614.79
616.035
616.63
617.325
614.385
614.45
616.26
615.755
616.995
617.35
614.315
611.79
608.64
605.46
601.59
600.4
599.855
599.905
600.475
601.125
600.86
595.37
598.35
596.695
596.31
585.96
577.195
576.765
577.63
578.27
580.315
583.845
581.355
583.54
577.94
579.47
583.065
581.89
581.655
575.84
571.02
572.27
573.425
574.865
571.27
571.9
567.41
570.775
568.715
565.52
581.325
585.14
587.71
587.165
588.335
587.19
585.325
586.295
587.55
585.655
583.53
583.65
584.075
585.16
596.54
597.51
597.07
596.96
596.205
597.59
596.145
599.4
611.385
609.33
612.035
610.795
613.325
615.65
617.615
623.1
621.28
619.17
621.67
621.61
620.52
625.32
630.38
628.7
629.085
628.925
626.74
624.885
623.475
625.33
621.06
622.91
623.805
623.245
625.43
621.73
618.57
622.28
622.165
622.845
622.295
622.725
620.93
623.26
621.775
621.89
619.635
618.675
619.61
618.37
621.62
623.37
624.67
626.45
626.865
628.49
623.605
621.17
623.53
622.435
623.355
623.335
623.4
630.82
634.53
632.87
634.005
632.64
632.485
627.585
622.555
620.94
615.78
616.28
619.675
618.56
617.985
623.13
620.93
622.36
621.615
621.18
619.885
620.57
622.405
625.57
627.265
624.54
625.72
625.02
625.155
626.63
624.525
623.98
622.975
622.485
622.645
620.375
628.63
630.34
629.605
630.26
631.26
630.855
629.27
630.445
627.96
624.345
619.94
622.48
622.065
626.235
627.665
630.93
629.355
631.44
631.115
630.51
630.105
631.98
632.83
632.96
633.265
633.835
632.175
631.74
632.755
639.335
639.71
640.86
640.61
642.39
642.27
643.495
641.31
641.515
640.8
641.865
641.125
638.51
641.7
637.145
638.29
638.44
639.055
641.67
641.435
642.795
644.26
644.895
645.155
646.155
645.465
645.77
