1.000000
1.001295
1.001549
1.000049
1.001652
1.002135
1.011982
1.016292
1.018600
1.023872
1.028466
1.034085
1.041058
1.046566
1.049530
1.056474
1.057355
1.058656
1.061069
1.063488
1.067889
1.072004
1.075616
1.081251
1.084386
1.088510
1.091631
1.097594
1.098745
1.104999
1.106364
1.102822
1.102420
1.097538
1.096995
1.097306
1.099109
1.099958
1.098594
1.097774
1.094552
1.091459
1.090655
1.091153
1.086901
1.085983
1.084360
1.082837
1.082353
1.076872
1.076576
1.080404
1.079168
1.076707
1.076373
1.078418
1.077937
1.077218
1.076760
1.076964
1.080463
1.081222
1.082279
1.085146
1.082900
1.085730
1.086995
1.088653
1.090626
1.094086
1.097340
1.099338
1.100436
1.098938
1.099261
1.096322
1.093721
1.097917
1.094176
1.096238
1.096398
1.091752
1.088695
1.085291
1.083171
1.079261
1.079423
1.079234
1.077905
1.078558
1.077103
1.075270
1.077100
1.073618
1.072947
1.072206
1.070537
1.068648
1.072615
1.075651
1.071617
1.066241
1.065085
1.062387
1.060609
1.053597
1.052208
1.045348
1.038737
1.040136
1.039085
1.037200
1.032398
1.037989
1.039422
1.037156
1.038614
1.036614
1.034304
1.032138
1.035665
1.037474
1.037352
1.038900
1.042976
1.041684
1.046080
1.044190
1.043526
1.045012
1.052285
1.054111
1.055502
1.059283
1.057044
1.057613
1.057988
1.051510
1.050952
1.050030
1.050456
1.053380
1.056799
1.053798
1.053432
1.052403
1.052773
1.055142
1.053724
1.055835
1.056639
1.056077
1.054720
1.056523
1.059743
1.061789
1.060826
1.060514
1.056908
1.061144
1.061572
1.061573
1.061781
1.063973
1.065688
1.067274
1.065447
1.065125
1.065550
1.059847
1.056738
1.053405
1.052240
1.054022
1.052896
1.048192
1.046206
1.045898
1.049180
1.048410
1.049653
1.045811
1.041030
1.041573
1.043358
1.043301
1.045384
1.046926
1.046734
1.050721
1.050188
1.050805
1.053391
1.052348
1.050559
1.050463
1.048241
1.048061
1.047369
1.048138
1.046091
1.050372
1.047778
1.044079
1.043725
1.047367
1.047947
1.047206
1.043274
1.042872
1.043055
1.045402
1.044279
1.047459
1.046867
1.049157
1.049921
1.050228
1.053279
1.051154
1.052519
1.059281
1.060787
1.060353
1.058868
1.059136
1.053608
1.053817
1.052386
1.051721
1.055167
1.050033
1.045589
1.046094
1.045706
1.050691
1.052057
1.059070
1.061441
1.061039
1.064130
1.064164
1.063818
1.065888
1.069833
1.073685
1.076396
1.081715
1.083798
1.091258
1.096861
1.101132
1.111567
1.114604
1.121307
1.127299
1.134790
1.138998
1.143349
1.143853
1.145296
1.154327
1.153859
1.158150
1.159327
1.163245
1.167888
1.166988
1.170649
1.173218
1.172707
1.172470
1.170948
1.172243
1.171840
1.172333
1.176233
1.177550
1.179769
1.178426
1.177608
1.175275
1.174822
1.174368
1.176870
1.181956
1.180819
1.179931
1.180237
1.181563
1.182645
1.188580
1.194408
1.197682
1.195618
1.199832
1.199415
1.206202
1.213213
1.213948
1.221271
1.227492
1.227842
1.225767
1.223810
1.221736
1.224394
1.226679
1.224639
1.228914
1.227797
1.227110
1.225846
1.222824
1.223423
1.225549
1.222411
1.221295
1.217372
1.219374
1.220650
1.218194
1.217393
1.216582
1.220205
1.222048
1.221025
1.227883
1.226889
1.232444
1.236657
1.243167
1.242089
1.246041
1.247441
1.251812
1.253383
1.253973
1.257099
1.259723
1.258571
1.262178
1.267182
1.269049
1.269799
1.274424
1.277038
1.280403
1.284285
1.288572
1.289698
1.284169
1.286829
1.290153
1.291795
1.287863
1.288614
1.291522
1.298318
1.299406
1.302794
1.309561
1.311759
1.319636
1.327275
1.332721
1.334439
1.332219
1.339930
1.339096
1.345259
1.345633
1.345991
1.353835
1.357154
1.359050
1.360951
1.360368
1.357107
1.353079
1.352656
1.352761
1.354880
1.358498
1.359361
1.350415
1.352841
1.351849
1.347073
1.343437
1.339988
1.339478
1.340109
1.336781
1.340783
1.339827
1.342942
1.343765
1.346900
1.340468
1.341197
1.342808
1.342987
1.342385
1.342954
1.339620
1.343394
1.348316
1.342894
1.341135
1.340985
1.337469
1.332852
1.326522
1.325482
1.333704
1.335086
1.339550
1.335703
1.335884
1.336022
1.334134
1.336223
1.335383
1.331245
1.333980
1.327179
1.323767
1.318906
1.321374
1.318298
1.321533
1.325306
1.325544
1.326424
1.326192
1.322845
1.321731
1.319250
1.314429
1.315739
1.317878
1.320322
1.321964
1.317054
1.318018
1.313115
1.311418
1.314801
1.312593
1.316653
1.314359
1.315110
1.313058
1.313682
1.314404
1.316681
1.324525
1.325177
1.321793
1.317419
1.315785
1.317251
1.323231
1.326532
1.328624
1.326608
1.328520
1.330043
1.330845
1.326442
1.327307
1.324987
1.325706
1.325412
1.327288
1.328426
1.327377
1.324869
1.325014
1.322219
1.314686
1.312203
1.316538
1.325407
1.328484
1.330437
1.327033
1.332498
1.334335
1.339291
1.341826
1.337268
1.332424
1.330562
1.330309
1.326905
1.323295
1.321461
1.322988
1.320544
1.319626
1.321168
1.317496
1.313912
1.315587
1.324116
1.325879
1.326972
1.325768
1.324410
1.324570
1.319529
1.318286
1.318002
1.321821
1.323087
1.320348
1.323243
1.321158
1.318020
1.317338
1.317278
1.323558
1.326420
1.329255
1.329525
1.328491
1.330818
1.326007
1.324189
1.318511
1.313822
1.312541
1.312246
1.303419
1.301006
1.293871
1.289235
1.287972
1.285344
1.284877
1.282638
1.284617
1.283394
1.280045
1.280137
1.279130
1.277778
1.274361
1.272158
1.270650
1.270114
1.274588
1.272982
1.271326
1.271007
1.272254
1.277037
1.275391
1.269776
1.266236
1.263985
1.260902
1.261700
1.256152
1.258314
1.256495
1.252951
1.249265
1.247134
1.241103
1.237360
1.237771
1.237903
1.237397
1.239812
1.236823
1.232770
1.229062
1.224694
1.218019
1.214543
1.213156
1.212390
1.205473
1.200472
1.195762
1.192363
1.191587
1.188703
1.185640
1.179095
1.175688
1.175390
1.172432
1.167455
1.164061
1.166453
1.164224
1.160884
1.157389
1.157362
1.157475
1.156555
1.156256
1.154615
1.154565
1.155890
1.154345
1.154294
1.154926
1.153711
1.154339
1.153678
1.149453
1.149105
1.146117
1.141325
1.138976
1.137016
1.130888
1.131005
1.130479
1.131049
1.133436
1.129984
1.125301
1.129195
1.127662
1.129214
1.126449
1.124791
1.120585
1.120607
1.122130
1.118972
1.117302
1.117754
1.118239
1.120992
1.120247
1.117812
1.116887
1.114704
1.116729
1.114453
1.115314
1.109042
1.109852
1.108148
1.105027
1.104474
1.099800
1.100785
1.101148
1.098945
1.100315
1.100094
1.098851
1.096729
1.096364
1.097953
1.099752
1.100010
1.099772
1.097968
1.097505
1.092756
1.092124
1.085943
1.082536
1.076309
1.071584
1.067335
1.065515
1.061081
1.059556
1.055165
1.056356
1.057377
1.055474
1.050173
1.045751
1.040662
1.040850
1.039206
1.039730
1.036183
1.032194
1.025571
1.027777
1.026229
1.026788
1.029082
1.026803
1.028754
1.029310
1.031730
1.032820
1.037019
1.039496
1.038745
1.038535
1.038134
1.043190
1.043832
1.042802
1.041768
1.039739
1.040244
1.041774
1.045253
1.046140
1.046612
1.046239
1.046481
1.049311
1.052562
1.053081
1.051647
1.052280
1.054085
1.053010
1.055120
1.057173
1.054720
1.051377
1.050908
1.046987
1.048045
1.046203
1.049346
1.052953
1.056322
1.060180
1.063578
1.065375
1.064616
1.070030
1.077061
1.077557
1.080722
1.081257
1.083407
1.083713
1.085920
1.091286
1.093951
1.096262
1.098709
1.102465
1.103675
1.102684
1.100713
1.099512
1.098786
1.097616
1.098133
1.095422
1.096573
1.099334
1.095598
1.092977
1.090719
1.090829
1.088677
1.086096
1.086623
1.087442
1.083382
1.084985
1.084699
1.083172
1.083668
1.085130
1.086353
1.083326
1.089622
1.095695
1.098736
1.100454
1.101830
1.105155
1.108596
1.106807
1.107290
1.106895
1.104528
1.105294
1.104937
1.102528
1.102413
1.103617
1.100559
1.102980
1.108102
1.113641
1.114545
1.115860
1.121120
1.124359
1.124022
1.127423
1.130521
1.131040
1.132463
1.132088
1.131976
1.129596
1.132855
1.134265
1.135716
1.141844
1.143502
1.146878
1.146938
1.150015
1.147749
1.144077
1.148291
1.145855
1.145723
1.144307
1.142230
1.139166
1.141082
1.141335
1.139850
1.143284
1.146626
1.148990
1.148762
1.148826
1.148647
1.150279
1.150703
1.153802
1.153332
1.153473
1.157307
1.158127
1.160795
1.164584
1.166119
1.169939
1.171928
1.177208
1.179294
1.182849
1.185763
1.189994
1.190703
1.198783
1.203842
1.212190
1.216847
1.222103
1.226055
1.230208
1.227211
1.233268
1.236700
1.239141
1.240880
1.239639
1.242300
1.240580
1.243043
1.247435
1.249762
1.246935
1.251274
1.253138
1.253152
1.252753
1.251266
1.253406
1.254616
1.258041
1.253186
1.256597
1.257253
1.259534
1.259235
1.262981
1.260876
1.262568
1.264855
1.270184
1.272201
1.274424
1.271541
1.270140
1.268759
1.265578
1.268645
1.265056
1.265802
1.263869
1.260808
1.268072
1.271599
1.265627
1.262657
1.262083
1.258710
1.256924
1.254843
1.247587
1.247067
1.248210
1.247101
1.245531
1.241853
1.238673
1.236821
1.232886
1.231916
1.233875
1.230284
1.231063
1.225876
1.227208
1.226545
1.226273
1.225216
1.222599
1.218211
1.222076
1.215325
1.220578
1.220525
1.221282
1.220899
1.228221
1.234982
1.241541
1.242550
1.244381
1.241290
1.244005
1.241469
1.240488
1.241621
1.241047
1.244536
1.251134
1.251850
1.251138
1.255176
1.259214
1.257953
1.256336
1.253884
1.255019
1.254519
1.248841
1.245842
1.242623
1.242939
1.240814
1.240253
1.235861
1.234903
1.236778
1.236065
1.234276
1.233335
1.237386
1.234603
1.234248
1.232867
1.237467
1.238486
1.241090
1.244567
1.240536
1.240365
1.240940
1.242371
1.241904
1.241648
1.244643
1.239749
1.239023
1.237510
1.237574
1.235891
1.238727
1.241686
1.243002
1.243056
1.245923
1.243960
1.239046
1.236487
1.231219
1.229587
1.235500
1.241700
1.239326
1.236069
1.237922
1.237215
1.235895
1.240436
1.241423
1.243497
1.245399
1.250148
1.246329
1.243909
1.246197
1.246762
1.251587
1.251424
1.249355
1.251209
1.251903
1.257657
1.260143
1.256518
1.257783
1.258231
1.257323
1.257395
1.257177
1.253622
1.254172
1.257675
1.256932
1.256037
1.256666
1.255418
1.259194
1.263938
1.265250
1.259676
1.260619
1.263661
1.264370
1.266099
1.267425
1.266241
1.269041
1.266699
1.272539
1.273954
1.271403
1.272302
1.273823
1.274426
1.272780
1.269116
1.271742
1.277259
1.277879
1.277288
1.281915
1.284919
1.289042
1.296907
1.293623
1.294949
1.296150
1.297103
1.298386
1.300292
1.296819
1.293779
1.296750
1.300313
1.296610
1.299154
1.297624
1.293130
1.289264
1.286665
1.280091
1.277495
1.271783
1.271040
1.267905
1.259505
1.253249
1.253734
1.253052
1.248732
1.242042
1.245725
1.241193
1.239829
1.238917
1.236061
1.235305
1.232550
1.232462
1.233974
1.230686
1.230748
1.228807
1.234932
1.229928
1.228528
1.226404
1.225071
1.223040
1.223182
1.224475
1.219355
1.216528
1.213252
1.216132
1.214274
1.213488
1.209683
1.212383
1.214814
1.213965
1.208253
1.208556
1.208640
1.208068
1.207963
1.204612
1.200825
1.201317
1.201989
1.204771
1.199941
1.201976
1.203729
1.203951
1.198138
1.195335
1.192497
1.192620
1.195685
1.194058
1.190886
1.188880
1.190423
1.188643
1.186567
1.187526
1.188295
1.189135
1.186527
1.182744
1.180854
1.181830
1.178995
1.174152
1.170803
1.168404
1.166140
1.167429
1.169287
1.167929
1.171851
1.170739
1.171156
1.170016
1.167617
1.165482
1.163768
1.165715
1.160028
1.158959
1.155114
1.148391
1.146908
1.142299
1.141197
1.142479
1.142220
1.142573
1.143512
1.142061
1.137747
1.137916
1.138076
1.140385
1.141012
1.146954
1.148649
1.150595
1.157253
1.164353
1.169262
1.170137
1.170788
1.169413
1.166329
1.167752
1.163625
1.164700
1.166693
1.172584
1.175230
1.176030
1.173391
1.171094
1.169220
1.166999
1.162895
1.167419
1.167243
1.168832
1.160469
1.165105
1.165483
1.164035
1.163445
1.166044
1.173251
1.179498
1.184717
1.185218
1.188455
1.190657
1.189596
1.193479
1.194290
1.194453
1.196359
1.194573
1.193537
1.187835
1.189701
1.187155
1.188906
1.191910
1.195029
1.189670
1.193663
1.195874
1.195612
1.198395
1.201437
1.205782
1.209506
1.211030
1.212416
1.214452
1.214972
1.216292
1.217648
1.219317
1.220842
1.220531
1.221767
1.220696
1.223356
1.222859
1.218991
1.218811
1.216415
1.214379
1.221855
1.223352
1.225464
1.225529
1.228113
1.230095
1.231826
1.234196
1.228524
1.227615
1.223140
1.229520
1.228000
1.225071
1.227143
1.227731
1.226792
1.231107
1.228360
1.226239
1.225584
1.228669
1.227810
1.223968
1.225211
1.225742
1.227630
1.227450
1.226022
1.233337
1.232437
1.233221
1.228764
1.229780
1.229394
1.230733
1.230911
1.237023
1.242734
1.243513
1.249496
1.249055
1.255860
1.262599
1.264790
1.263239
1.267206
1.270839
1.274455
1.278818
1.281906
1.283522
1.287626
1.285945
1.290781
1.291625
1.290495
1.289885
1.293952
1.299303
1.294440
1.296369
1.298614
1.295315
1.291392
1.289298
1.285321
1.280562
1.276409
1.275767
1.271789
1.268664
1.266003
1.262744
1.261478
1.260138
1.254170
1.254029
1.255019
1.251965
1.249549
1.253205
1.253110
1.251637
1.255215
1.252164
1.252972
1.253989
1.255993
1.254352
1.252847
1.254252
1.252608
1.250975
1.247369
1.245081
1.242340
1.240961
1.236515
1.234901
1.237719
1.238416
1.240803
1.238005
1.236695
1.236196
1.241512
1.245393
1.249045
1.252368
1.260779
1.266428
1.263290
1.262421
1.261513
1.262952
1.266243
1.269127
1.271585
1.263438
1.262889
1.262931
1.265094
1.271905
1.271329
1.269958
1.270670
1.269416
1.267082
1.263082
1.261696
1.260248
1.259100
1.257553
1.260852
1.264932
1.265463
1.265803
1.264603
1.262831
1.261516
1.256599
1.252539
1.247200
1.245839
1.248958
1.246326
1.243315
1.244106
1.239394
1.236455
1.232792
1.224690
1.218700
1.219060
1.214880
1.210208
1.205388
1.203241
1.200897
1.200169
1.200382
1.199103
1.197465
1.196348
1.192995
1.189451
1.184578
1.185198
1.178377
1.176149
1.169724
1.167749
1.169332
1.169385
1.171868
1.171499
1.172398
1.172773
1.174817
1.177440
1.181954
1.180368
1.180113
1.185823
1.187028
1.187401
1.184494
1.185233
1.187504
1.188108
1.188060
1.187682
1.189174
1.189106
1.193159
1.199035
1.200212
1.203230
1.200414
1.206529
1.209715
1.207054
1.205167
1.206519
1.202628
1.202103
1.202392
1.200443
1.197589
1.196502
1.192621
1.193208
1.194191
1.194414
1.195326
1.194004
1.195578
1.194235
1.191655
1.193849
1.195652
1.197230
1.198060
1.201302
1.203246
1.209107
1.208621
1.209979
1.212599
1.214737
1.217183
1.220224
1.224724
1.226692
1.222810
1.224925
1.225859
1.228208
1.233056
1.233990
1.236354
1.236516
1.234407
1.235941
1.232979
1.230291
1.229124
1.228258
1.230461
1.234823
1.237857
1.239806
1.244738
1.243583
1.241218
1.247028
1.248359
1.251163
1.254334
1.256620
1.258601
1.259983
1.261799
1.263416
1.264872
1.263579
1.260401
1.260422
1.256639
1.255510
1.256566
1.255922
1.255271
1.247502
1.243351
1.244296
1.242281
1.245399
1.239910
1.240476
1.243041
1.241440
1.245956
1.249199
1.249201
1.249005
1.253341
1.250403
1.248437
1.247664
1.251342
1.251264
1.244888
1.245838
1.243218
1.238278
1.235227
1.239503
1.244037
1.243511
1.243550
1.244738
1.244636
1.243334
1.245660
1.245575
1.244318
1.240785
1.236538
1.234252
1.236273
1.231545
1.225934
1.222385
1.220551
1.217656
1.217926
1.216678
1.222304
1.225029
1.223175
1.225373
1.218973
1.223785
1.221376
1.221577
1.224944
1.226870
1.225502
1.223153
1.218376
1.217184
1.213346
1.213969
1.212887
1.213621
1.212979
1.212097
1.210586
1.209900
1.209927
1.207680
1.210805
1.212498
1.210938
1.204676
1.203529
1.200626
1.201711
1.198586
1.198964
1.200981
1.201621
1.208458
1.210964
1.215300
1.215487
1.217435
1.217985
1.219143
1.223201
1.222364
1.224793
1.225166
1.224862
1.226436
1.226382
1.226268
1.224574
1.224230
1.227510
1.229642
1.227390
1.228923
1.231298
1.235636
1.240928
1.244217
1.243368
1.240393
1.242638
1.237003
1.231105
1.233597
1.235459
1.238667
1.237588
1.238011
1.239104
1.238047
1.239475
1.240188
1.242191
1.243426
1.244572
1.245384
1.244312
1.244478
1.244984
1.242431
1.240002
1.241008
1.237431
1.235773
1.239114
1.245783
1.247639
1.250189
1.256103
1.261073
1.260562
1.262023
1.262873
1.260656
1.267090
1.264528
1.266032
1.268809
1.273950
1.283056
1.284317
1.286219
1.291451
1.290791
1.295152
1.298572
1.302777
1.303203
1.306510
1.308682
1.305534
1.303883
1.303012
1.305208
1.314221
1.312134
1.310485
1.306970
1.304353
1.302028
1.305716
1.306698
1.306467
1.304292
1.305161
1.307585
1.308367
1.308755
1.309217
1.308792
1.311667
1.312328
1.310637
1.312201
1.315511
1.310671
1.308662
1.308893
1.310279
1.306167
1.307792
1.307650
1.310078
1.312799
1.318554
1.320647
1.320246
1.318466
1.322894
1.323082
1.324612
1.324605
1.323912
1.323622
1.321594
1.317453
1.317688
1.309516
1.306749
1.303886
1.304120
1.303891
1.306274
1.307450
1.309289
1.310602
1.309893
1.310351
1.317255
1.317227
1.323828
1.324612
1.330942
1.333823
1.337805
1.345319
1.342665
1.348695
1.350584
1.354435
1.357885
1.368412
1.367645
1.369475
1.370948
1.375271
1.381066
1.381890
1.381953
1.387444
1.392300
1.390682
1.394219
1.398234
1.405812
1.412348
1.417096
1.418699
1.420119
1.422742
1.424349
1.427432
1.423917
1.427595
1.430039
1.433786
1.437242
1.435816
1.440839
1.437594
1.441316
1.443814
1.445922
1.443837
1.442885
1.442521
1.447041
1.451662
1.453558
1.454720
1.451808
1.462287
1.464062
1.461256
1.464851
1.467146
1.466837
1.465890
1.468644
1.472892
1.476203
1.477420
1.471865
1.465547
1.467007
1.464853
1.464766
1.467898
1.466321
1.466521
1.465074
1.459533
1.452331
1.447903
1.445050
1.442850
1.434892
1.435852
1.435626
1.440075
1.438739
1.437821
1.440669
1.440525
1.440669
1.445776
1.450602
1.455779
1.458958
1.460563
1.464111
1.474241
1.471689
1.478173
1.482902
1.485157
1.483734
1.484278
1.489445
1.489829
1.483371
1.483347
1.486583
1.483341
1.479779
1.472797
1.472291
1.468800
1.463846
1.459704
1.457832
1.462518
1.463882
1.461972
1.460184
1.456880
1.456994
1.454538
1.460619
1.461121
1.455667
1.459057
1.455908
1.454742
1.450390
1.446989
1.440238
1.440037
1.438166
1.439091
1.435360
1.433321
1.432480
1.431867
1.430893
1.435804
1.434915
1.433518
1.431309
1.424347
1.421367
1.422731
1.419808
1.419363
1.418806
1.414884
1.410115
1.411846
1.413875
1.414659
1.417454
1.419037
1.414411
1.413355
1.414167
1.417273
1.417809
1.418914
1.416426
1.415653
1.417719
1.414850
1.416201
1.414571
1.416604
1.422458
1.423459
1.427001
1.434951
1.436488
1.440678
1.447479
1.442048
1.438831
1.438409
1.432820
1.429364
1.430177
1.432923
1.430027
1.424400
1.423389
1.428028
1.424855
1.428262
1.425491
1.428328
1.426619
1.428445
1.425974
1.423661
1.429796
1.432880
1.436148
1.428973
1.427870
1.428135
1.433081
1.435210
1.436726
1.436095
1.440287
1.438788
1.441413
1.441966
1.439277
1.434281
1.437189
1.432903
1.434767
1.434626
1.436596
1.436000
1.439425
1.444459
1.444688
1.441538
1.443579
1.444531
1.446833
1.449762
1.453009
1.454301
1.456009
1.456201
1.456699
1.455753
1.448746
1.444958
1.442705
1.437350
1.436220
1.429418
1.423897
1.418149
1.411737
1.405308
1.401035
1.400749
1.399455
1.396478
1.394383
1.389901
1.387012
1.389049
1.389094
1.392844
1.392828
1.388270
1.391717
1.398830
1.404595
1.407826
1.412611
1.416168
1.415974
1.418291
1.422526
1.421968
1.424746
1.423211
1.428916
1.434771
1.437584
1.442719
1.445130
1.448402
1.448657
1.452678
1.454227
1.456471
1.459945
1.456011
1.453926
1.452279
1.452320
1.446110
1.446324
1.447639
1.450339
1.452796
1.455579
1.455434
1.459448
1.463671
1.457092
1.457525
1.451186
1.446167
1.445970
1.447142
1.446924
1.446951
1.450339
1.450064
1.461379
1.465838
1.468015
1.471560
1.472861
1.470412
1.470034
1.466040
1.466048
1.464903
1.459462
1.453644
1.447235
1.446082
1.453664
1.446907
1.448269
1.447823
1.446052
1.446703
1.444305
1.442165
1.446626
1.446909
1.446162
1.450491
1.450669
1.449751
1.452321
1.449656
1.449896
1.449922
1.448983
1.450877
1.451356
1.457933
1.457655
1.459173
1.458612
1.456298
1.456342
1.458963
1.459109
1.465851
1.467569
1.473690
1.477500
1.475478
1.479972
1.479289
1.481451
1.479914
1.481409
1.477431
1.477988
1.479740
1.481080
1.478740
1.479428
1.481505
1.480383
1.486104
1.484942
1.491568
1.495516
1.497869
1.499962
1.500414
1.507426
1.507278
1.508899
1.513315
1.521402
1.527268
1.531675
1.533919
1.534648
1.538498
1.540369
1.541489
1.541911
1.541175
1.543005
1.545287
1.546541
1.542708
1.541272
1.549278
1.549026
1.550472
1.554872
1.552196
1.552955
1.550275
1.549031
1.556033
1.550636
1.549551
1.554307
1.560943
1.564114
1.565320
1.561300
1.562342
1.559981
1.565459
1.567668
1.567838
1.568842
1.567181
1.572067
1.567443
1.567300
1.570328
1.570827
1.566544
1.567212
1.562736
1.560093
1.560535
1.563653
1.564252
1.568822
1.574168
1.570533
1.570907
1.573459
1.568032
1.572895
1.571988
1.567508
1.567355
1.562629
1.560883
1.559513
1.557902
1.562552
1.567986
1.567016
1.572936
1.571873
1.573410
1.569577
1.571379
1.568950
1.572777
1.572837
1.565229
1.562010
1.561398
1.561619
1.569459
1.573471
1.573550
1.573753
1.575233
1.571074
1.579220
1.578434
1.583922
1.584377
1.585655
1.587096
1.587323
1.583707
1.583595
1.579993
1.589152
1.587222
1.589353
1.590778
1.590914
1.592972
1.594031
1.599371
1.598537
1.601759
1.601053
1.601117
1.605571
1.610008
1.611522
1.612858
1.605648
1.603154
1.606735
1.596235
1.592113
1.593408
1.594291
1.594517
1.595582
1.604162
1.613328
1.622620
1.628477
1.632228
1.631014
1.633339
1.635082
1.637255
1.639045
1.630414
1.625141
1.613713
1.605393
1.601362
1.597195
1.593284
1.589039
1.585407
1.585570
1.582986
1.582821
1.578727
1.585676
1.586287
1.584606
1.581257
1.576495
1.575962
1.574670
1.575548
1.576975
1.582063
1.586592
1.590379
1.588232
1.587962
1.590614
1.588843
1.591189
1.598565
1.603133
1.604145
1.600499
1.598082
1.597594
1.593281
1.592058
1.593687
1.592478
1.591690
1.590517
1.590995
1.585928
1.582637
1.588758
1.590520
1.585531
1.591642
1.593567
1.599803
1.602398
1.601260
1.596965
1.595953
1.601794
1.600923
1.600037
1.602447
1.603524
1.608490
1.605468
1.599119
1.600400
1.602290
1.601544
1.604241
1.607380
1.609084
1.610133
1.613870
1.613643
1.621879
1.628875
1.636194
1.640498
1.640443
1.638114
1.642600
1.642304
1.644807
1.649149
1.646690
1.650006
1.654450
1.656022
1.661396
1.667255
1.672928
1.678018
1.681181
1.682892
1.685094
1.690881
1.694299
1.695120
1.695603
1.699209
1.701951
1.701151
1.700609
1.702679
1.703022
1.702176
1.697499
1.690794
1.689753
1.684169
1.681106
1.677960
1.672475
1.672046
1.668798
1.671690
1.667991
1.660051
1.660429
1.667193
1.665560
1.670688
1.668092
1.664328
1.658224
1.651170
1.649402
1.648939
1.650689
1.648857
1.648074
1.649055
1.645832
1.641618
1.637908
1.639946
1.634781
1.636890
1.634272
1.633585
1.634889
1.635737
1.635716
1.632973
1.634630
1.633741
1.630837
1.629027
1.630399
1.624542
1.621986
1.622485
1.622316
1.624388
1.626561
1.634789
1.634459
1.634917
1.630275
1.634504
1.640008
1.641329
1.641192
1.643708
1.644808
1.646843
1.658034
1.663777
1.665649
1.664613
1.666441
1.665586
1.670412
1.669552
1.665260
1.666082
1.659859
1.655915
1.648680
1.640232
1.637438
1.631794
1.633663
1.628013
1.621092
1.624799
1.625804
1.624366
1.621808
1.614124
1.619087
1.618922
1.617074
1.617745
1.616085
1.619666
1.617368
1.619526
1.619071
1.624607
1.623990
1.621286
1.625887
1.628803
1.629546
1.625354
1.620637
1.618171
1.617968
1.610189
1.605725
1.595269
1.591358
1.583625
1.579765
1.578980
1.574484
1.573066
1.569888
1.567784
1.560166
1.569129
1.572101
1.572383
1.576254
1.569519
1.565673
1.557225
1.552974
1.553477
1.547570
1.550649
1.553508
1.557991
1.559058
1.559407
1.554574
1.550042
1.547354
1.543892
1.542736
1.541121
1.540208
1.535654
1.531925
1.527630
1.528110
1.522817
1.525219
1.524669
1.523187
1.526754
1.527364
1.528982
1.531449
1.532000
1.530279
1.529894
1.526320
1.521467
1.520991
1.522318
1.526053
1.530333
1.530559
1.537498
1.545730
1.555264
1.562039
1.564915
1.567577
1.564582
1.565465
1.563425
1.559072
1.561191
1.567856
1.565051
1.559094
1.560085
1.560921
1.558959
1.562267
1.564235
1.560310
1.562058
1.560473
1.561970
1.569619
1.574094
1.581091
1.578956
1.581479
1.576146
1.577616
1.577845
1.576446
1.577460
1.577386
1.581434
1.579748
1.579269
1.580871
1.583224
1.583665
1.586081
1.588196
1.592715
1.593804
1.601263
1.607241
1.611058
1.612050
1.613434
1.612728
1.610922
1.612862
1.609851
1.609233
1.612788
1.611290
1.610030
1.611638
1.603376
1.606624
1.595699
1.595575
1.594425
1.592263
1.585333
1.583468
1.576164
1.577262
1.576104
1.575881
1.572258
1.572864
1.566157
1.564651
1.564768
1.561709
1.556674
1.559628
1.559289
1.558514
1.559636
1.563257
1.568792
1.570245
1.573735
1.575460
1.578833
1.578677
1.576222
1.572478
1.574627
1.574966
1.570109
1.570170
1.566388
1.559760
1.565451
1.573903
1.578215
1.578017
1.575608
1.579616
1.577070
1.581635
1.580865
1.576235
1.574937
1.568642
1.560736
1.561530
1.560077
1.561792
1.557996
1.556814
1.555209
1.554320
1.559217
1.566981
1.567494
1.564517
1.567269
1.560357
1.554035
1.556352
1.553026
1.549573
1.552536
1.554536
1.555104
1.560799
1.562946
1.565635
1.563966
1.564350
1.569116
1.574003
1.572534
1.574945
1.576084
1.575552
1.577256
1.578535
1.585142
1.590813
1.595736
1.596238
1.608226
1.612289
1.612141
1.614729
1.614467
1.621178
1.628460
1.630926
1.631468
1.633935
1.637991
1.640662
1.633608
1.635883
1.635514
1.633326
1.635577
1.632747
1.631441
1.634496
1.639976
1.647780
1.651264
1.655566
1.651939
1.649451
1.651874
1.646972
1.644559
1.647548
1.653259
1.648784
1.650219
1.647023
1.646959
1.647015
1.643401
1.648024
1.643230
1.648787
1.649779
1.646337
1.647323
1.646848
1.642330
1.644233
1.646108
1.649240
1.650868
1.653375
1.651914
1.654047
1.661393
1.668385
1.673865
1.681278
1.683990
1.685509
1.690339
1.693893
1.691427
1.690981
1.688553
1.689920
1.688502
1.686551
1.690809
1.691725
1.690799
1.690871
1.687122
1.690220
1.693048
1.695706
1.700258
1.700100
1.700277
1.698321
1.701810
1.703979
1.709395
1.714956
1.716333
1.721285
1.732214
1.736394
1.733238
1.742219
1.740713
1.746734
1.756675
1.758345
1.759601
1.762387
1.762139
1.760794
1.763210
1.761205
1.764276
1.760917
1.768575
1.766965
1.772837
1.770144
1.768071
1.771705
1.773453
1.773784
1.775901
1.783870
1.783509
1.784416
1.786769
1.789898
1.790898
1.797397
1.805696
1.807530
1.810488
1.817386
1.817281
1.824374
1.819350
1.819021
1.818585
1.818138
1.819283
1.820313
1.819330
1.825700
1.824717
1.827805
1.828476
1.826182
1.827946
1.821882
1.825998
1.820061
1.806905
1.803271
1.800200
1.800654
1.801080
1.800650
1.798432
1.797641
1.793545
1.785356
1.784634
1.783606
1.781459
1.779592
1.780416
1.780356
1.780873
1.778738
1.770805
1.780021
1.777387
1.781638
1.782181
1.784955
1.789390
1.787682
1.791069
1.792690
1.797655
1.791737
1.790706
1.795331
1.800084
1.796457
1.800131
1.796344
1.792284
1.790591
1.786006
1.788616
1.786439
1.793304
1.802897
1.803482
1.807203
1.813474
1.816273
1.819978
1.819482
1.818375
1.820139
1.819079
1.818949
1.823282
1.836276
1.835927
1.834787
1.835066
1.833593
1.830508
1.824371
1.826649
1.834898
1.840104
1.837197
1.838344
1.838436
1.836481
1.829441
1.822053
1.821098
1.809943
1.803874
1.802777
1.802273
1.801106
1.796061
1.800046
1.794290
1.796659
1.794996
1.794286
1.799500
1.801117
1.800879
1.800935
1.799590
1.803085
1.802296
1.805267
1.807039
1.802508
1.800355
1.803482
1.808441
1.808745
1.812661
1.813329
1.813818
1.817717
1.813727
1.811724
1.816217
1.812709
1.811563
1.811274
1.816501
1.825272
1.833468
1.831493
1.826631
1.826345
1.835529
1.839485
1.839925
1.842605
1.841389
1.833554
1.830023
1.826014
1.830294
1.829363
1.829935
1.836080
1.829857
1.825922
1.829650
1.825107
1.821149
1.813804
1.815517
1.811088
1.806100
1.796203
1.785699
1.786024
1.783179
1.783126
1.790489
1.793625
1.806766
1.815194
1.820681
1.823969
1.827004
1.829855
1.832867
1.832231
1.832279
1.836208
1.836843
1.840049
1.845581
1.848063
1.848654
1.862059
1.862120
1.861233
1.866474
1.869468
1.870032
1.878936
1.882586
1.881971
1.883465
1.882999
1.882880
1.884555
1.887172
1.881753
1.884817
1.894160
1.901684
1.908366
1.918257
1.921715
1.926247
1.929766
1.944743
1.943838
1.946326
1.941698
1.944154
1.950714
1.951509
1.955010
1.953127
1.948689
1.945490
1.942163
1.952109
1.948249
1.952040
1.951193
1.949606
1.951020
1.949816
1.957923
1.962333
1.966047
1.963785
1.970207
1.965886
1.965325
1.967933
1.971334
1.972751
1.973057
1.970479
1.973604
1.976100
1.977837
1.973422
1.975624
1.979391
1.978491
1.978931
1.983642
1.980787
1.979793
1.974775
1.979205
1.979756
1.978636
1.976903
1.979337
1.982498
1.990689
1.991756
1.987817
1.991862
1.993239
1.994811
1.991251
1.991682
1.994926
1.992804
1.994216
1.998528
1.994751
2.000798
2.002851
2.004461
1.998826
1.994174
1.994208
1.993522
1.994849
2.001637
2.002633
2.002921
2.007515
2.008394
2.013410
2.015098
2.015391
2.008787
2.003462
2.013760
2.012020
2.010104
2.011327
2.007292
2.009065
2.014916
2.013553
2.016737
2.025499
2.030402
2.035972
2.043338
2.047156
2.053676
2.060252
2.067582
2.076368
2.083486
2.087133
2.083626
2.086825
2.091069
2.093837
2.097727
2.101861
2.096362
2.087947
2.083888
2.081760
2.079082
2.079004
2.084041
2.083633
2.083530
2.086527
2.083211
2.083746
2.081861
2.078499
2.085786
2.092614
2.096276
2.099664
2.090795
2.088325
2.085057
2.078567
2.080617
2.070750
2.076814
2.079765
2.082606
2.082854
2.082267
2.080533
2.077789
2.077995
2.071659
2.072378
2.070909
2.065201
2.067793
2.064380
2.067926
2.064244
2.063072
2.054163
2.051689
2.053589
2.062545
2.059247
2.065793
2.064156
2.061983
2.063161
2.075666
2.070476
2.074851
2.068851
2.079493
2.068420
2.067219
2.066650
2.062764
2.060142
2.058171
2.056650
2.048956
2.049763
2.048858
2.044985
2.052112
2.051485
2.057725
2.055185
2.052774
2.052147
2.049294
2.058455
2.059013
2.057393
2.053837
2.050815
2.048100
2.044252
2.039318
2.043234
2.046433
2.055300
2.061181
2.063482
2.064334
2.067919
2.076656
2.077597
2.076524
2.078840
2.080989
2.087505
2.087954
2.089496
2.092661
2.099390
2.095090
2.091025
2.104294
2.100051
2.109046
2.116504
2.114993
2.115482
2.116735
2.118069
2.113457
2.112848
2.113813
2.114395
2.114777
2.116609
2.122331
2.125239
2.132346
2.120024
2.114696
2.111976
2.104776
2.111461
2.114896
2.117294
2.116669
2.116664
2.122903
2.126149
2.124514
2.128971
2.133767
2.124478
2.127394
2.120119
2.121103
2.126123
2.124214
2.124526
2.123184
2.127732
2.131042
2.129807
2.132960
2.133170
2.135929
2.133351
2.141516
2.141323
2.143580
2.139796
2.136828
2.136625
2.125573
2.123309
2.120309
2.128558
2.124331
2.130236
2.128074
2.127894
2.136876
2.135341
2.136412
2.132393
2.128276
2.130538
2.129735
2.121191
2.119140
2.115802
2.112273
2.112364
2.121065
2.119786
2.123743
2.126082
2.123096
2.118449
2.121785
2.117200
2.103077
2.098332
2.092217
2.091571
2.082794
2.077827
2.069082
2.062917
2.062574
2.056619
2.052775
2.043242
2.038815
2.039275
2.035246
2.037367
2.042070
2.045585
2.042199
2.032143
2.040940
2.044822
2.046571
2.045845
2.044081
2.045174
2.051926
2.052481
2.048104
2.046064
2.043633
2.036130
2.029952
2.023175
2.018968
2.013471
2.009406
2.001083
1.992057
1.986444
1.981630
1.973153
1.969268
1.968857
1.964770
1.959287
1.955241
1.948008
1.941184
1.932098
1.923677
1.914682
1.918361
1.918879
1.914166
1.908689
1.901410
1.900399
1.900674
1.900694
1.898329
1.897423
1.899821
1.900846
1.903618
1.913770
1.915175
1.918571
1.925600
1.930540
1.932112
1.931693
1.936659
1.938819
1.935619
1.938075
1.935854
1.938083
1.936733
1.939118
1.949189
1.957065
1.963050
1.953916
1.954374
1.955650
1.963852
1.966625
1.973946
1.977947
1.982987
1.984011
1.985267
1.989364
1.991912
1.995599
2.000951
1.994697
1.996386
1.994015
1.993961
1.984348
1.971568
1.960301
1.949922
1.935393
1.923194
1.919868
1.918257
1.910428
1.907456
1.905919
1.898867
1.890999
1.891226
1.885113
1.880033
1.879061
1.877266
1.870858
1.869057
1.862951
1.852057
1.849688
1.847931
1.843941
1.846400
1.845253
1.848797
1.846002
1.841172
1.837869
1.836712
1.840050
1.848724
1.849005
1.849277
1.849646
1.853642
1.856287
1.852234
1.851325
1.850133
1.848445
1.850000
1.845871
1.838498
1.834871
1.839791
1.845148
1.849182
1.846072
1.845906
1.845753
1.845005
1.848142
1.852979
1.852999
1.850045
1.848787
1.852958
1.854305
1.851696
1.851068
1.853246
1.851730
1.848562
1.844044
1.835488
1.830497
1.822571
1.812859
1.805314
1.801843
1.801214
1.792640
1.787825
1.784891
1.779850
1.773022
1.771433
1.771341
1.764851
1.760001
1.750893
1.749134
1.743507
1.742088
1.743155
1.747671
1.746977
1.743546
1.733528
1.728056
1.721018
1.722854
1.727742
1.723470
1.722224
1.719620
1.721778
1.722012
1.720516
1.716231
1.710681
1.712867
1.711234
1.709123
1.707567
1.703948
1.699802
1.695126
1.690156
1.686501
1.685897
1.684767
1.680583
1.678806
1.679679
1.679712
1.675546
1.665484
1.656629
1.658139
1.650957
1.643736
1.643915
1.641575
1.638842
1.639899
1.638752
1.641295
1.642145
1.635923
1.637619
1.635086
1.633807
1.630169
1.629188
1.623503
1.620929
1.621964
1.619732
1.620570
1.621646
1.616736
1.611580
1.607443
1.604267
1.602759
1.595993
1.592378
1.591836
1.598139
1.592078
1.588530
1.587322
1.589253
1.587479
1.585040
1.584346
1.584760
1.589395
1.589625
1.596010
1.594182
1.599490
1.602166
1.594280
1.595599
1.593261
1.592785
1.592265
1.584510
1.585701
1.580509
1.577644
1.576352
1.577989
1.576441
1.572434
1.576254
1.575519
1.572170
1.572392
1.571571
1.572130
1.575182
1.582651
1.588106
1.589680
1.590100
1.593550
1.597838
1.599659
1.608819
1.615971
1.623768
1.626431
1.630538
1.629305
1.626034
1.625964
1.623564
1.627181
1.626654
1.626585
1.628517
1.621341
1.621374
1.619616
1.614472
1.615417
1.613391
1.607981
1.605944
1.602153
1.601767
1.602297
1.606668
1.602398
1.599704
1.596378
1.590281
1.592454
1.585559
1.586449
1.589276
1.593162
1.593725
1.597838
1.598887
1.597388
1.601141
1.606200
1.609261
1.613326
1.613062
1.614938
1.617918
1.616539
1.618538
1.620265
1.628826
1.631648
1.632788
1.631547
1.634358
1.629697
1.638911
1.642737
1.648081
1.648297
1.649982
1.647602
1.647776
1.646779
1.642622
1.649000
1.644845
1.643021
1.645729
1.645782
1.642411
1.646237
1.649870
1.647286
1.653013
1.651560
1.653848
1.653094
1.658375
1.661380
1.663996
1.666982
1.670118
1.677972
1.685114
1.691621
1.698572
1.698372
1.706453
1.704959
1.704483
1.710486
1.705073
1.699265
1.693161
1.694695
1.691152
1.680977
1.680424
1.674588
1.672985
1.668086
1.659978
1.662268
1.661785
1.659279
1.656595
1.651674
1.651752
1.646664
1.646424
1.640656
1.643319
1.642108
1.642025
1.638830
1.635486
1.631762
1.634270
1.634990
1.634143
1.634816
1.637585
1.645079
1.647555
1.647875
1.646838
1.647720
1.656063
1.656155
1.648632
1.643860
1.645062
1.647414
1.645921
1.642567
1.641965
1.637071
1.634159
1.635301
1.635367
1.631170
1.625657
1.625799
1.616499
1.617348
1.619944
1.618161
1.615627
1.613111
1.602987
1.604630
1.600084
1.594875
1.596229
1.598926
1.600209
1.594269
1.592245
1.593738
1.597798
1.594619
1.589631
1.588057
1.582642
1.579075
1.576455
1.572950
1.568225
1.564937
1.563808
1.562051
1.561570
1.556157
1.556318
1.557320
1.547603
1.539491
1.540254
1.542122
1.542502
1.545022
1.541540
1.543370
1.547569
1.546538
1.554559
1.554299
1.559470
1.565433
1.569013
1.574353
1.578720
1.579769
1.576208
1.580061
1.579792
1.581384
1.581743
1.585267
1.591914
1.583964
1.590311
1.589710
1.594647
1.597332
1.596215
1.599256
1.591229
1.598989
1.598764
1.599890
1.595070
1.596831
1.600711
1.601295
1.601994
1.600700
1.602040
1.599627
1.603867
1.608178
1.609630
1.607005
1.608951
1.601084
1.601347
1.602774
1.601613
1.605881
1.608591
1.608595
1.611468
1.611022
1.606172
1.606857
1.611683
1.617753
1.618342
1.621328
1.623439
1.628970
1.631437
1.632063
1.635499
1.636343
1.635570
1.634021
1.637478
1.644152
1.646811
1.651097
1.661756
1.661657
1.665214
1.672044
1.678579
1.678877
1.675571
1.677324
1.677289
1.678015
1.691524
1.692237
1.694838
1.698837
1.707441
1.714262
1.715387
1.715061
1.718315
1.721179
1.722843
1.729018
1.730940
1.731000
1.729996
1.723113
1.719875
1.714136
1.711082
1.705660
1.700925
1.694155
1.693320
1.692691
1.694532
1.699038
1.700706
1.700199
1.706426
1.711866
1.714380
1.717184
1.720416
1.719222
1.731868
1.723787
1.726339
1.716137
1.713613
1.712993
1.711096
1.711616
1.717976
1.722597
1.722749
1.730339
1.736931
1.738502
1.739140
1.744405
1.743294
1.747099
1.749503
1.751717
1.754895
1.760086
1.761098
1.767354
1.772343
1.777563
1.782504
1.792644
1.801858
1.806305
1.809309
1.813631
1.814854
1.815037
1.812822
1.810252
1.807661
1.810178
1.815459
1.818701
1.816165
1.809427
1.802580
1.795034
1.788624
1.784314
1.780951
1.772822
1.772872
1.772948
1.768984
1.767885
1.765231
1.765857
1.770460
1.772422
1.774620
1.776232
1.778447
1.782032
1.778325
1.781220
1.781368
1.790960
1.795512
1.788165
1.790378
1.791208
1.797536
1.802653
1.808669
1.817155
1.823988
1.830541
1.829455
1.834639
1.836629
1.846410
1.847532
1.846650
1.849813
1.840785
1.839711
1.835280
1.832919
1.840075
1.841170
1.846530
1.845924
1.851313
1.852774
1.857666
1.855245
1.849888
1.847375
1.847757
1.844059
1.842429
1.837497
1.835309
1.832842
1.828595
1.826141
1.832547
1.830534
1.830861
1.826684
1.826745
1.825748
1.826669
1.824358
1.825189
1.824586
1.828241
1.829621
1.827766
1.833437
1.839349
1.845354
1.853243
1.856115
1.854332
1.855610
1.856325
1.858726
1.858253
1.858080
1.865824
1.861826
1.863196
1.857696
1.860096
1.861770
1.859382
1.862690
1.866393
1.871203
1.866748
1.864160
1.866674
1.860086
1.856692
1.855130
1.858350
1.862736
1.859029
1.854612
1.855108
1.849497
1.843796
1.840785
1.838716
1.846090
1.851479
1.852299
1.863597
1.870820
1.880965
1.883191
1.885162
1.895627
1.899296
1.909776
1.914082
1.916113
1.922036
1.922850
1.928897
1.928749
1.930917
1.931966
1.937946
1.937388
1.931509
1.938637
1.940309
1.946195
1.941437
1.941604
1.945207
1.949105
1.959815
1.960150
1.952150
1.955563
1.957735
1.954298
1.951394
1.944786
1.943832
1.938892
1.934694
1.932805
1.933300
1.924909
1.922227
1.920782
1.915989
1.915605
1.919221
1.912266
1.903793
1.898008
1.895420
1.897328
1.896004
1.890802
1.889961
1.884745
1.880690
1.879512
1.868075
1.868103
1.861556
1.861652
1.850042
1.843284
1.844390
1.842278
1.838713
1.835729
1.835700
1.835995
1.826048
1.821642
1.821961
1.819540
1.807617
1.807267
1.803430
1.795705
1.787306
1.775634
1.765035
1.755331
1.747402
1.740971
1.733277
1.729922
1.730029
1.728130
1.723478
1.722363
1.716331
1.717149
1.716558
1.713971
1.709605
1.704558
1.702191
1.711660
1.705565
1.707734
1.710944
1.717496
1.711449
1.715466
1.711556
1.716049
1.719344
1.727202
1.729445
1.728717
1.740316
1.740765
1.738542
1.739029
1.742022
1.738180
1.736815
1.736882
1.736317
1.732878
1.725892
1.724467
1.723622
1.722270
1.715502
1.717138
1.718794
1.712660
1.707439
1.707734
1.704322
1.701460
1.696261
1.691121
1.691578
1.692330
1.687857
1.682875
1.681214
1.683160
1.685045
1.687681
1.687403
1.681234
1.681771
1.681616
1.677990
1.676254
1.674808
1.668123
1.663078
1.658946
1.652602
1.647275
1.642827
1.633020
1.625994
1.622369
1.620000
1.617188
1.610190
1.610688
1.609806
1.607470
1.608894
1.605283
1.606604
1.606219
1.606851
1.605928
1.609307
1.614291
1.617880
1.617649
1.618756
1.618819
1.617787
1.622846
1.621099
1.622848
1.629201
1.636053
1.640910
1.642352
1.646106
1.642646
1.639809
1.629715
1.623374
1.621064
1.615729
1.614656
1.609840
1.599466
1.591914
1.587499
1.580533
1.582208
1.578838
1.577634
1.575902
1.572329
1.569980
1.568663
1.566644
1.563672
1.566892
1.568251
1.565112
1.564672
1.568584
1.571777
1.570478
1.564315
1.562953
1.558336
1.552290
1.554171
1.552416
1.548346
1.541652
1.541207
1.533286
1.529500
1.529721
1.529559
1.525920
1.518824
1.520582
1.523088
1.523420
1.529350
1.531853
1.535976
1.541054
1.543723
1.543234
1.545159
1.548910
1.548812
1.549097
1.544007
1.544551
1.544034
1.549792
1.557653
1.557379
1.552484
1.557789
1.561703
1.558654
1.568847
1.573002
1.572324
1.571122
1.575480
1.570672
1.577491
1.573026
1.571581
1.570325
1.565218
1.561134
1.562885
1.561385
1.562040
1.560133
1.559421
1.556622
1.551472
1.548196
1.544030
1.535190
1.526932
1.524099
1.522253
1.519622
1.518044
1.515132
1.511045
1.510276
1.520071
1.518672
1.520223
1.522347
1.522054
1.531099
1.531635
1.537947
1.546851
1.548149
1.555347
1.560586
1.565474
1.570740
1.572332
1.575893
1.585265
1.590416
1.587982
1.589047
1.587198
1.583298
1.585819
1.582095
1.582469
1.586435
1.583203
1.585824
1.578082
1.578029
1.577947
1.574561
1.577265
1.581037
1.576838
1.577960
1.576614
1.575371
1.578243
1.583886
1.582652
1.584129
1.587248
1.583006
1.577870
1.578656
1.581440
1.584704
1.578868
1.572024
1.570474
1.563593
1.567484
1.570643
1.570573
1.572304
1.571080
1.567448
1.564289
1.562513
1.559028
1.560091
1.557819
1.558742
1.564838
1.561776
1.562644
1.558424
1.560840
1.564140
1.565052
1.559936
1.553695
1.556733
1.552148
1.549611
1.542832
1.540657
1.540708
1.536998
1.538081
1.544561
1.550750
1.551803
1.555132
1.552135
1.549336
1.554450
1.555356
1.552799
1.552686
1.552365
1.557024
1.559637
1.562683
1.557039
1.549095
1.554695
1.555120
1.549616
1.544400
1.541383
1.535123
1.533710
1.532957
1.531406
1.530545
1.527950
1.526397
1.533238
1.532382
1.539165
1.536824
1.541490
1.542246
1.544364
1.545531
1.546019
1.551755
1.551967
1.553838
1.552770
1.552032
1.552001
1.551638
1.553005
1.558551
1.560269
1.566483
1.566920
1.561056
1.559417
1.556506
1.552505
1.552152
1.546038
1.545513
1.539147
1.536516
1.540173
1.541945
1.539414
1.540279
1.537970
1.535319
1.537729
1.531663
1.530357
1.528684
1.525991
1.520991
1.515307
1.511248
1.515291
1.514088
1.513957
1.510431
1.511677
1.502040
1.500879
1.500486
1.494859
1.499797
1.501149
1.498109
1.499818
1.497817
1.492478
1.493194
1.490127
1.490585
1.493347
1.492871
1.496133
1.499375
1.504239
1.503286
1.507509
1.509945
1.516107
1.522282
1.528927
1.527770
1.528776
1.534031
1.536467
1.538981
1.542463
1.546985
1.551600
1.558176
1.563854
1.570755
1.581251
1.585570
1.592686
1.598924
1.599013
1.598587
1.594855
1.598618
1.596288
1.596766
1.595016
1.595442
1.591440
1.594394
1.593206
1.591783
1.586787
1.580108
1.577649
1.570145
1.568207
1.569884
1.569865
1.569829
1.565646
1.563791
1.564888
1.563149
1.559099
1.559019
1.557386
1.560729
1.557905
1.560910
1.562333
1.564991
1.574614
1.580572
1.586289
1.582941
1.586575
1.588302
1.596854
1.605482
1.608420
1.606492
1.607320
1.606914
1.601577
1.599265
1.598396
1.594079
1.594945
1.597489
1.598778
1.599673
1.605493
1.602517
1.605283
1.603835
1.609497
1.609363
1.611629
1.611477
1.616133
1.616122
1.619218
1.616553
1.617378
1.616673
1.616847
1.616763
1.613965
1.606266
1.604669
1.603276
1.603008
1.600647
1.603068
1.604153
1.602942
1.602684
1.598087
1.594197
1.594014
1.589086
1.584847
1.579026
1.580819
1.581165
1.581852
1.583683
1.586312
1.590044
1.595083
1.599776
1.596742
1.597534
1.592537
1.590575
1.588243
1.593442
1.587119
1.582398
1.578090
1.575707
1.574643
1.573939
1.573502
1.569010
1.566118
1.560272
1.563615
1.563679
1.564161
1.566090
1.566393
1.569014
1.578526
1.585319
1.593967
1.602112
1.604739
1.603147
1.603999
1.609030
1.610781
1.605770
1.598296
1.598059
1.597165
1.594929
1.593461
1.584889
1.587437
1.589006
1.589760
1.586148
1.583872
1.581680
1.573559
1.570963
1.573083
1.573947
1.578831
1.580133
1.580814
1.580242
1.582343
1.578776
1.579683
1.581348
1.586840
1.591672
1.587305
1.586578
1.580734
1.578803
1.581954
1.582234
1.590038
1.586230
1.582278
1.581259
1.578229
1.576800
1.577699
1.580153
1.581005
1.578701
1.576700
1.573905
1.571282
1.568342
1.566123
1.565640
1.570005
1.568315
1.571414
1.568987
1.570483
1.577894
1.581417
1.586097
1.593106
1.599975
1.601432
1.607162
1.613256
1.622119
1.625534
1.629172
1.626056
1.628995
1.630615
1.632882
1.639473
1.647909
1.654403
1.654042
1.658785
1.662562
1.670442
1.677476
1.680570
1.684258
1.683952
1.690780
1.695769
1.694070
1.694201
1.699656
1.705930
1.703556
1.701888
1.694846
1.695178
1.695150
1.693342
1.694130
1.701173
1.709340
1.709710
1.712936
1.716380
1.716501
1.719986
1.724266
1.726477
1.731164
1.726054
1.727296
1.732215
1.731102
1.734596
1.744135
1.748774
1.753239
1.756884
1.757387
1.755652
1.752581
1.761550
1.760070
1.763141
1.763953
1.758233
1.764018
1.757635
1.757211
1.757559
1.752883
1.750465
1.747833
1.750208
1.748359
1.746630
1.741747
1.736943
1.739224
1.732068
1.728156
1.725204
1.730792
1.732921
1.739246
1.740641
1.746352
1.748452
1.748045
1.750504
1.757089
1.765393
1.765832
1.770187
1.779647
1.782018
1.787438
1.794053
1.802541
1.809847
1.821310
1.830711
1.839337
1.839965
1.840981
1.844725
1.847968
1.851224
1.851627
1.847162
1.846286
1.845440
1.848321
1.843573
1.844133
1.839528
1.838799
1.832301
1.825569
1.829265
1.833803
1.839325
1.840197
1.842313
1.846402
1.844893
1.844700
1.851401
1.844413
1.855088
1.852856
1.850686
1.852261
1.845408
1.851278
1.846238
1.841852
1.839107
1.834167
1.837460
1.833389
1.830921
1.829948
1.831422
1.832580
1.826945
1.822124
1.819151
1.812543
1.808180
1.808015
1.801764
1.798987
1.794078
1.790918
1.784945
1.780749
1.776918
1.767429
1.769875
1.767594
1.760501
1.753581
1.756604
1.756514
1.763939
1.762666
1.766142
1.763528
1.754453
1.751271
1.748902
1.746697
1.750847
1.743686
1.745792
1.741268
1.745602
1.751798
1.750846
1.751503
1.754262
1.751109
1.747155
1.748925
1.750540
1.754246
1.761695
1.760806
1.757269
1.757015
1.751344
1.747731
1.745968
1.741088
1.738452
1.740671
1.741310
1.746125
1.748898
1.750300
1.747577
1.746218
1.741774
1.736982
1.741537
1.741817
1.743868
1.740546
1.743370
1.743121
1.739337
1.738660
1.743274
1.743954
1.745159
1.744476
1.745937
1.747008
1.740815
1.742427
1.737117
1.740047
1.731053
1.732493
1.734730
1.736636
1.740911
1.740812
1.746619
1.746661
1.751828
1.752800
1.761232
1.768637
1.770673
1.774812
1.778979
1.786180
1.789761
1.795023
1.800980
1.801635
1.803119
1.800651
1.805844
1.814553
1.818863
1.815578
1.814101
1.811617
1.808780
1.811531
1.813754
1.813067
1.806154
1.807116
1.800668
1.792972
1.792692
1.796283
1.792775
1.795405
1.791170
1.787918
1.789809
1.784807
1.779701
1.778646
1.781135
1.787504
1.793969
1.792490
1.796457
1.798454
1.802347
1.810359
1.813364
1.817929
1.823607
1.828061
1.842571
1.848935
1.847828
1.840697
1.844875
1.851088
1.852313
1.858558
1.867221
1.864150
1.863984
1.866196
1.864439
1.867544
1.870809
1.875738
1.883436
1.886735
1.892254
1.901545
1.902172
1.912297
1.916174
1.925072
1.924402
1.921205
1.925211
1.927191
1.935114
1.938688
1.943254
1.956783
1.958069
1.951578
1.953606
1.948890
1.949610
1.947494
1.950588
1.946077
1.946990
1.941714
1.933632
1.932176
1.938643
1.935357
1.941733
1.947172
1.941500
1.937895
1.944035
1.945149
1.952040
1.952913
1.955482
1.953872
1.959623
1.967007
1.966894
1.968710
1.969780
1.978091
1.978117
1.979226
1.975998
1.978514
1.974527
1.985591
1.980368
1.983200
1.991140
1.993816
2.000326
2.005286
2.009874
2.014095
2.022379
2.013729
2.024144
2.028418
2.032343
2.036566
2.040859
2.037446
2.035921
2.039088
2.041305
2.061079
2.061655
2.069235
2.078551
2.078041
2.079251
2.073302
2.074988
2.078244
2.084056
2.089371
2.093489
2.099208
2.104317
2.109267
2.101814
2.104475
2.112302
2.111386
2.115691
2.117993
2.119510
2.126884
2.135926
2.143078
2.154708
2.163681
2.162610
2.169969
2.177778
2.181684
2.188192
2.196941
2.204339
2.207332
2.212232
2.217283
2.224057
2.228795
2.239481
2.251840
2.260194
2.260472
2.265958
2.266401
2.271406
2.272212
2.286261
2.294697
2.299884
2.299165
2.302003
2.308187
2.309344
2.318267
2.325422
2.340977
2.342279
2.345083
2.352340
2.354640
2.365173
2.368403
2.375266
2.383294
2.395173
2.405255
2.415206
2.425525
2.430826
2.430341
2.438415
2.446024
2.440653
2.435354
2.433560
2.423872
2.416811
2.421393
2.417901
2.424830
2.438054
2.434563
2.427844
2.433979
2.432771
2.429745
2.439751
2.436804
2.431419
2.430285
2.427032
2.421042
2.422572
2.424306
2.435516
2.441086
2.446798
2.447573
2.440901
2.442439
2.437715
2.425958
2.423604
2.424195
2.422778
2.423396
2.429999
2.441520
2.450830
2.454056
2.457617
2.474354
2.488158
2.496504
2.509337
2.513211
2.522147
2.528282
2.531630
2.537093
2.542157
2.545431
2.551667
2.554758
2.554768
2.553260
2.549961
2.547182
2.541218
2.531960
2.527229
2.525312
2.519611
2.519435
2.522548
2.515133
2.508626
2.495510
2.488698
2.486318
2.474468
2.482457
2.475459
2.466644
2.462329
2.458937
2.468551
2.470006
2.475425
2.478916
2.487467
2.501292
2.497579
2.495456
2.496612
2.501872
2.511021
2.513453
2.512298
2.510074
2.524044
2.525772
2.534257
2.535408
2.552329
2.558592
2.557420
2.562180
2.566505
2.571262
2.574287
2.575708
2.577551
2.579956
2.577697
2.585410
2.597139
2.604092
2.610818
2.614121
2.608898
2.620863
2.623051
2.619220
2.622381
2.616693
2.615537
2.615043
2.622415
2.625654
2.642187
2.647358
2.648741
2.651098
2.657051
2.654225
2.644094
2.646815
2.638874
2.633545
2.629309
2.624128
2.622706
2.618212
2.625068
2.629856
2.629051
2.626921
2.644995
2.652030
2.657694
2.663406
2.671615
2.676946
2.678343
2.673906
2.676004
2.667585
2.678198
2.677956
2.672404
2.677243
2.683795
2.701119
2.699115
2.701799
2.702847
2.699587
2.699183
2.694653
2.692123
2.687296
2.684264
2.684231
2.672701
2.663363
2.655242
2.652534
2.640437
2.631701
2.643685
2.645333
2.646789
2.644334
2.653942
2.648758
2.649494
2.640896
2.655775
2.658854
2.659700
2.669810
2.673637
2.677623
2.684156
2.697231
2.695914
2.701454
2.699726
2.698025
2.708571
2.713522
2.716872
2.714174
2.712563
2.713311
2.702325
2.703840
2.696146
2.694923
2.680663
2.671804
2.661398
2.659327
2.645959
2.641799
2.641070
2.631595
2.631308
2.631240
2.624530
2.614944
2.613929
2.617334
2.614836
2.622035
2.625780
2.637737
2.650027
2.665579
2.674411
2.687142
2.692890
2.696272
2.703743
2.701920
2.703080
2.707829
2.705641
2.710965
2.718282
2.711443
2.712812
2.709953
2.714347
2.702889
2.706026
2.701945
2.706689
2.703160
2.703968
2.695848
2.694051
2.690361
2.693085
2.678542
2.681425
2.677581
2.674347
2.677329
2.672934
2.663242
2.668416
2.669590
2.680370
2.683189
2.672490
2.674272
2.672895
2.678682
2.673036
2.677377
2.667624
2.665556
2.660949
2.657334
2.657172
2.654361
2.643911
2.632171
2.629575
2.625237
2.626942
2.627333
2.624692
2.625797
2.625286
2.624137
2.620291
2.612823
2.618080
2.617748
2.616227
2.625768
2.623152
2.628394
2.632721
2.639077
2.644357
2.655214
2.653439
2.658228
2.650417
2.647876
2.637082
2.626027
2.621007
2.614961
2.608394
2.606573
2.602384
2.583745
2.574839
2.567422
2.561131
2.558296
2.554560
2.542875
2.531285
2.517511
2.502819
2.495927
2.494781
2.488725
2.479084
2.475452
2.472931
2.476355
2.474581
2.479722
2.488346
2.488306
2.481564
2.476582
2.467532
2.473038
2.461484
2.452019
2.446420
2.442814
2.445853
2.445474
2.446362
2.447923
2.445081
2.446021
2.450998
2.451966
2.450467
2.460129
2.462675
2.468613
2.480736
2.486200
2.491455
2.490107
2.497319
2.508027
2.514344
2.525068
2.519087
2.523501
2.536111
2.542407
2.537504
2.534066
2.529701
2.537405
2.532912
2.527899
2.527300
2.525722
2.523193
2.516999
2.507205
2.501191
2.490021
2.493994
2.489570
2.482470
2.479511
2.479904
2.482017
2.474499
2.479548
2.475820
2.470084
2.462245
2.457483
2.459263
2.462036
2.450287
2.446327
2.453600
2.442765
2.436128
2.446333
2.440548
2.434706
2.430750
2.434276
2.430982
2.429073
2.421399
2.413495
2.411778
2.409911
2.406402
2.412785
2.419164
2.421897
2.431278
2.437081
2.445235
2.457474
2.462780
2.462662
2.471480
2.466479
2.464216
2.465424
2.479121
2.480943
2.484232
2.480410
2.481231
2.479844
2.477398
2.479835
2.475490
2.488135
2.496061
2.498724
2.493190
2.496245
2.496217
2.501396
2.504582
2.508163
2.506956
2.503970
2.504364
2.508417
2.505017
2.510981
2.521613
2.526678
2.527085
2.521439
2.535772
2.538597
2.536361
2.530589
2.528241
2.516193
2.516562
2.517049
2.517018
2.512380
2.514063
2.522467
2.521845
2.514694
2.503330
2.495617
2.486612
2.479519
2.482052
2.479274
2.477303
2.473152
2.462237
2.451284
2.435647
2.430254
2.424648
2.421563
2.426542
2.424033
2.423972
2.420577
2.425507
2.415654
2.412998
2.407455
2.399637
2.390554
2.377840
2.379152
2.376723
2.382054
2.386891
2.378145
2.372339
2.371962
2.369069
2.369866
2.379818
2.390089
2.397486
2.402057
2.409306
2.420768
2.424605
2.432784
2.439248
2.443126
2.451036
2.448316
2.452832
2.453597
2.448768
2.448016
2.453350
2.458455
2.462824
2.464915
2.467007
2.473948
2.480820
2.479724
2.480640
2.484765
2.494823
2.500648
2.499059
2.508207
2.521300
2.517374
2.513774
2.515317
2.512972
2.508925
2.512507
2.531876
2.534918
2.537180
2.550363
2.552989
2.557172
2.562357
2.568984
2.582037
2.591320
2.592548
2.604478
2.610601
2.614215
2.631449
2.643811
2.644957
2.645517
2.651535
2.652568
2.667200
2.680177
2.679707
2.674306
2.676700
2.673650
2.677783
2.682356
2.687448
2.686324
2.675567
2.672406
2.664802
2.658609
2.660562
2.668189
2.669218
2.670671
2.668793
2.665723
2.658052
2.640006
2.626987
2.613601
2.617642
2.619194
2.628417
2.628808
2.625300
2.611184
2.598729
2.601229
2.603610
2.611165
2.608942
2.613835
2.616724
2.609362
2.608771
2.603241
2.596506
2.594290
2.584584
2.575360
2.566500
2.567711
2.566045
2.560581
2.552871
2.547901
2.552455
2.548060
2.539475
2.529037
2.518697
2.502687
2.502002
2.490623
2.475609
2.463372
2.458716
2.463839
2.457931
2.453654
2.450265
2.451815
2.445519
2.442512
2.440214
2.436846
2.426743
2.424353
2.412914
2.416753
2.416779
2.416497
2.412267
2.415045
2.417329
2.422165
2.429483
2.429477
2.429803
2.428110
2.435698
2.433258
2.438781
2.441024
2.447122
2.446842
2.448987
2.460166
2.457486
2.463423
2.465070
2.471224
2.468206
2.479472
2.476169
2.473406
2.469996
2.465093
2.464740
2.461451
2.447817
2.446937
2.443141
2.436836
2.437796
2.433979
2.438612
2.445600
2.442964
2.439757
2.434604
2.435926
2.443597
2.440566
2.458170
2.465519
2.474706
2.479384
2.480081
2.476810
2.480637
2.484080
2.489626
2.497755
2.505307
2.508393
2.519746
2.516332
2.502371
2.494857
2.495002
2.489804
2.479989
2.476698
2.471606
2.463100
2.469556
2.470671
2.475067
2.483835
2.484555
2.491501
2.500034
2.505243
2.507389
2.514453
2.508686
2.501411
2.514354
2.523736
2.516738
2.508625
2.508916
2.507513
2.502273
2.504300
2.502865
2.503106
2.502593
2.502115
2.494724
2.490447
2.485925
2.492184
2.494360
2.503882
2.501193
2.496057
2.495245
2.494166
2.488616
2.489812
2.486555
2.482601
2.490791
2.493200
2.490823
2.490304
2.483115
2.484009
2.479769
2.476754
2.471521
2.471456
2.472240
2.468224
2.458794
2.454108
2.442620
2.432650
2.430324
2.423919
2.418712
2.413067
2.401559
2.412421
2.406664
2.401693
2.407811
2.416856
2.427349
2.425804
2.426806
2.421277
2.422884
2.429146
2.436923
2.439786
2.443948
2.450414
2.456253
2.457686
2.457243
2.450731
2.460240
2.466107
2.465329
2.475980
2.473467
2.484312
2.486292
2.495515
2.499673
2.497309
2.506190
2.513217
2.529061
2.532560
2.531305
2.539628
2.544196
2.550092
2.550456
2.542869
2.539834
2.546073
2.547250
2.541958
2.546156
2.548384
2.553464
2.562564
2.571797
2.583136
2.591652
2.605964
2.608532
2.609371
2.609361
2.624889
2.623815
2.620327
2.611901
2.603114
2.601724
2.601262
2.604048
2.607459
2.608994
2.593357
2.583731
2.587577
2.578503
2.570050
2.572635
2.576484
2.577084
2.582359
2.587110
2.589088
2.593077
2.594596
2.610800
2.615683
2.621524
2.618445
2.615048
2.620963
2.616910
2.615168
2.602926
2.601256
2.604671
2.593700
2.579503
2.570899
2.559441
2.555694
2.545753
2.535975
2.530764
2.524124
2.531509
2.518047
2.514970
2.506557
2.497318
2.492482
2.495805
2.497947
2.509771
2.508304
2.513889
2.505883
2.502713
2.495657
2.488770
2.489241
2.478444
2.486566
2.487761
2.489478
2.493798
2.489069
2.485371
2.495971
2.488585
2.483125
2.476972
2.474473
2.472287
2.478300
2.477016
2.487099
2.489980
2.485562
2.479752
2.468020
2.467125
2.469555
2.469617
2.469472
2.466795
2.466693
2.470116
2.478006
2.479173
2.475996
2.477298
2.475299
2.483563
2.489308
2.483261
2.485059
2.485494
2.486162
2.487059
2.488441
2.480680
2.476171
2.475974
2.467755
2.456803
2.445274
2.440307
2.441658
2.441542
2.438289
2.439077
2.438410
2.433845
2.445706
2.446593
2.450649
2.446501
2.447602
2.437615
2.430486
2.421666
2.415720
2.410952
2.409269
2.419929
2.419375
2.428053
2.427555
2.425659
2.425871
2.423483
2.415158
2.411258
2.417371
2.410949
2.400365
2.393863
2.394165
2.385612
2.377346
2.370931
2.369370
2.368760
2.362273
2.365408
2.359455
2.351128
2.354031
2.348620
2.349135
2.347937
2.350374
2.354904
2.356408
2.350875
2.347052
2.342912
2.345100
2.341832
2.336533
2.334275
2.327299
2.319159
2.307504
2.300117
2.304381
2.302361
2.290465
2.284698
2.277191
2.278034
2.267136
2.263838
2.262396
2.254051
2.244646
2.234682
2.225424
2.220090
2.214086
2.208686
2.209905
2.208848
2.206948
2.214304
2.220189
2.222560
2.216825
2.206307
2.203582
2.200494
2.187603
2.186386
2.179311
2.168311
2.164588
2.167387
2.165946
2.171520
2.171116
2.167674
2.168284
2.173666
2.174915
2.177638
2.185746
2.187919
2.195182
2.200000
2.201024
2.208670
2.213987
2.216268
2.220083
2.225498
2.229642
2.229750
2.230241
2.232142
2.229959
2.234970
2.240363
2.238468
2.232155
2.233563
2.234135
2.233938
2.247500
2.243823
2.246348
2.243344
2.244749
2.243079
2.246417
2.243483
2.255981
2.263561
2.270969
2.271509
2.272378
2.275104
2.280148
2.278595
2.277176
2.275148
2.272009
2.276591
2.284284
2.294558
2.291946
2.285760
2.281046
2.289319
2.290442
2.297068
2.304113
2.308281
2.306533
2.313032
2.319824
2.318780
2.318197
2.318068
2.314434
2.310227
2.309359
2.299390
2.293806
2.293499
2.301594
2.309124
2.306310
2.311513
2.309368
2.305977
2.298438
2.300531
2.298512
2.299154
2.289093
2.282440
2.285726
2.280672
2.278048
2.272434
2.272632
2.265864
2.264851
2.263702
2.261989
2.255285
2.244181
2.240449
2.233938
2.232117
2.223060
2.216157
2.213522
2.212271
2.201626
2.201917
2.201022
2.190828
2.192131
2.192319
2.193655
2.190052
2.187730
2.188086
2.177403
2.171971
2.166093
2.164623
2.162950
2.161433
2.173768
2.181807
2.185017
2.188108
2.195688
2.189493
2.188741
2.193217
2.195330
2.194882
2.197259
2.203533
2.202940
2.202221
2.203466
2.203162
2.205066
2.206204
2.204636
2.214399
2.215114
2.212806
2.203997
2.200953
2.190119
2.190376
2.189103
2.186363
2.176447
2.177222
2.164155
2.164907
2.162774
2.163166
2.155635
2.150990
2.145085
2.138329
2.134919
2.130712
2.128181
2.134358
2.129576
2.134124
2.139521
2.136233
2.132400
2.141801
2.149157
2.152412
2.146612
2.147557
2.142884
2.151513
2.150598
2.159454
2.158288
2.157229
2.161763
2.161048
2.161184
2.166153
2.167774
2.164198
2.168043
2.163431
2.160288
2.147327
2.146222
2.144837
2.142593
2.136543
2.131951
2.124576
2.119441
2.108215
2.099020
2.091298
2.086410
2.076870
2.067773
2.060470
2.059597
2.054930
2.053475
2.055798
2.058375
2.066475
2.068362
2.081410
2.079520
2.089903
2.095489
2.094270
2.102699
2.102964
2.101242
2.097441
2.108349
2.106705
2.108135
2.109608
2.111843
2.113850
2.108554
2.104316
2.102525
2.094367
2.085252
2.075574
2.062883
2.069187
2.065118
2.058666
2.059011
2.062374
2.055190
2.059399
2.066441
2.070506
2.075143
2.080088
2.082938
2.084992
2.091160
2.089142
2.085916
2.086053
2.084180
2.089738
2.094053
2.089783
2.093119
2.102641
2.096724
2.097228
2.103112
2.113195
2.117171
2.117096
2.115891
2.116804
2.116857
2.124091
2.131521
2.133451
2.135987
2.138717
2.137716
2.143359
2.150800
2.153961
2.155424
2.154823
2.156186
2.159053
2.153988
2.153162
2.150714
2.150728
2.149331
2.156152
2.152174
2.152456
2.168448
2.178492
2.186160
2.189149
2.193373
2.188622
2.184745
2.185864
2.185130
2.180364
2.183000
2.187134
2.197997
2.194962
2.192274
2.193377
2.191144
2.198155
2.196553
2.193324
2.197337
2.197339
2.195872
2.188414
2.176094
2.172791
2.178255
2.185079
2.176581
2.167557
2.167896
2.172523
2.166803
2.177057
2.178363
2.182401
2.185995
2.192712
2.200129
2.202988
2.207628
2.215177
2.218515
2.224920
2.230653
2.237440
2.244771
2.250769
2.254316
2.264090
2.278385
2.277276
2.281886
2.288775
2.292956
2.298340
2.300259
2.294499
2.287668
2.274020
2.266555
2.265247
2.258561
2.256023
2.253057
2.254388
2.258272
2.252582
2.249854
2.237190
2.239571
2.238651
2.237226
2.243639
2.245316
2.245488
2.238411
2.240074
2.234402
2.232564
2.234535
2.236111
2.237164
2.237954
2.232506
2.225122
2.225623
2.225838
2.225619
2.222213
2.219633
2.219929
2.222988
2.234250
2.231246
2.233667
2.239409
2.233376
2.223969
2.219174
2.217639
2.215146
2.216163
2.214214
2.213532
2.215928
2.208764
2.210205
2.200355
2.192382
2.180706
2.174215
2.164111
2.157049
2.157389
2.153439
2.155345
2.150203
2.151284
2.148175
2.163308
2.161138
2.171519
2.171924
2.177687
2.180781
2.186947
2.189741
2.177489
2.174791
2.178149
2.174785
2.173940
2.174687
2.172495
2.176638
2.178516
2.174963
2.181935
2.187117
2.189128
2.198122
2.204467
2.205991
2.213798
2.214297
2.212603
2.204203
2.195147
2.194378
2.195204
2.202952
2.196756
2.198596
2.208161
2.215869
2.220334
2.218720
2.225262
2.225054
2.235809
2.233744
2.234991
2.241178
2.240136
2.239107
2.237331
2.234554
2.236837
2.239248
2.242986
2.247608
2.239251
2.239406
2.236212
2.225327
2.219917
2.212310
2.201215
2.204403
2.207076
2.209199
2.204641
2.207534
2.195736
2.195166
2.183568
2.185446
2.179600
2.172895
2.171575
2.169057
2.167018
2.167961
2.164824
2.160281
2.166435
2.163135
2.164235
2.169088
2.164141
2.155511
2.147037
2.138788
2.134931
2.130490
2.124729
2.120275
2.120925
2.118719
2.114193
2.110973
2.109202
2.104858
2.105759
2.110998
2.105542
2.096097
2.091075
2.083153
2.083292
2.082587
2.078954
2.075472
2.072936
2.074884
2.078744
2.073622
2.080487
2.082452
2.083933
2.091424
2.094483
2.092691
2.101039
2.104659
2.104702
2.097825
2.095585
2.094121
2.095830
2.088259
2.083758
2.091384
2.093516
2.091741
2.093589
2.092225
2.095753
2.093457
2.086630
2.092096
2.094277
2.091733
2.090229
2.091383
2.098936
2.104461
2.112574
2.111204
2.117889
2.125427
2.130556
2.120570
2.116847
2.113033
2.121835
2.122039
2.123523
2.123029
2.124540
2.128723
2.131581
2.138377
2.133078
2.132299
2.131426
2.140425
2.149324
2.146528
2.151290
2.158803
2.168693
2.179873
2.191905
2.200937
2.211503
2.217958
2.225152
2.229429
2.236593
2.232043
2.233322
2.234894
2.244812
2.248824
2.255427
2.262280
2.253840
2.255819
2.249449
2.249737
2.253986
2.257318
2.252832
2.262139
2.259277
2.251006
2.251532
2.253968
2.249278
2.254294
2.253694
2.259710
2.256638
2.251283
2.247512
2.240598
2.244448
2.253933
2.248601
2.245929
2.237524
2.239308
2.238693
2.238672
2.241521
2.235405
2.241999
2.242806
2.241551
2.246127
2.243326
2.234428
2.227936
2.217037
2.210340
2.198640
2.186044
2.168040
2.160814
2.153376
2.142092
2.131816
2.128277
2.127513
2.118631
2.107064
2.107767
2.102346
2.096984
2.090829
2.091820
2.090532
2.080993
2.078516
2.081225
2.076802
2.075515
2.077381
2.076452
2.073475
2.077292
2.073819
2.067619
2.063131
2.061734
2.058085
2.051343
2.049628
2.051259
2.050660
2.044145
2.041410
2.044663
2.041148
2.036470
2.032052
2.035172
2.032975
2.035073
2.033705
2.029155
2.026560
2.024987
2.030926
2.031494
2.034783
2.029048
2.026014
2.029906
2.029540
2.021738
2.025362
2.022131
2.018679
2.008418
2.004324
2.001814
2.005218
2.001652
1.993093
1.989320
1.990882
1.996402
2.000664
2.007842
2.008035
2.011931
2.016533
2.016171
2.020851
2.026290
2.025205
2.017214
2.015457
2.016949
2.014518
2.017235
2.012881
2.021123
2.023091
2.029951
2.037699
2.030172
2.037481
2.038154
2.037496
2.026487
2.027758
2.022256
2.037218
2.042308
2.042263
2.047321
2.045130
2.039912
2.047008
2.039617
2.040469
2.042886
2.038855
2.029814
2.031768
2.029517
2.035463
2.035249
2.037009
2.041074
2.035715
2.030454
2.027736
2.019643
2.008321
2.007845
1.997942
1.998958
1.992117
1.989473
1.984935
1.974020
1.973181
1.973246
1.973549
1.961447
1.946477
1.946885
1.937813
1.939620
1.934817
1.931623
1.924687
1.914262
1.914625
1.909889
1.908430
1.910545
1.906105
1.907465
1.903994
1.894307
1.891032
1.887250
1.890364
1.888780
1.888152
1.876563
1.886482
1.887894
1.883170
1.882447
1.881905
1.875890
1.868252
1.866603
1.858035
1.857677
1.864081
1.867313
1.866197
1.863135
1.867727
1.869487
1.865539
1.861620
1.854132
1.853322
1.851398
1.849018
1.847163
1.845394
1.844730
1.841268
1.843024
1.839781
1.839648
1.837261
1.833825
1.833636
1.832349
1.831370
1.831005
1.836943
1.831352
1.837547
1.834119
1.836876
1.840901
1.843436
1.850494
1.856561
1.859551
1.865659
1.872944
1.879107
1.883750
1.886745
1.886548
1.891438
1.890122
1.889529
1.893827
1.895660
1.891161
1.899004
1.912399
1.915258
1.914831
1.926416
1.927056
1.937660
1.940116
1.948873
1.952713
1.956843
1.957417
1.960235
1.959098
1.952327
1.949162
1.945940
1.942546
1.933805
1.921782
1.919726
1.911542
1.906433
1.906792
1.906695
1.908316
1.911778
1.909262
1.910182
1.913933
1.911695
1.913384
1.915764
1.918036
1.914659
1.915594
1.926711
1.936178
1.934421
1.936871
1.938979
1.939926
1.933971
1.923032
1.922188
1.922477
1.912821
1.906750
1.901710
1.893288
1.889319
1.883118
1.884280
1.884110
1.874674
1.869074
1.869080
1.864223
1.852957
1.843286
1.831243
1.829843
1.825746
1.823733
1.815546
1.811262
1.806819
1.801074
1.801986
1.799340
1.795284
1.798221
1.792710
1.791234
1.783551
1.775872
1.773226
1.772536
1.767092
1.767766
1.767430
1.764752
1.761594
1.760692
1.755325
1.754862
1.752610
1.753413
1.754272
1.754538
1.748225
1.748281
1.750835
1.758367
1.761929
1.764574
1.761663
1.760729
1.761672
1.762051
1.764085
1.772430
1.775776
1.772954
1.767674
1.766920
1.763296
1.756256
1.752801
1.749181
1.743808
1.741184
1.733958
1.734848
1.726522
1.725274
1.726925
1.716351
1.716291
1.722095
1.724336
1.719826
1.713818
1.706201
1.697795
1.694074
1.690662
1.686400
1.680422
1.673379
1.667507
1.665263
1.668933
1.667295
1.663826
1.661474
1.656962
1.658014
1.651174
1.658083
1.664183
1.666575
1.673363
1.674632
1.682302
1.680630
1.678409
1.678824
1.675124
1.675300
1.679993
1.679397
1.682638
1.683533
1.688449
1.695149
1.700659
1.705430
1.707323
1.707155
1.708971
1.719125
1.723677
1.737017
1.742636
1.747330
1.747207
1.749037
1.746756
1.739583
1.737394
1.737305
1.741530
1.745434
1.744373
1.754289
1.754441
1.755631
1.749018
1.751653
1.752184
1.752880
1.747949
1.744719
1.736203
1.731931
1.729260
1.728540
1.724706
1.723959
1.724391
1.715792
1.717030
1.715551
1.709717
1.709652
1.714135
1.711351
1.713303
1.709989
1.712769
1.710711
1.709227
1.699093
1.700507
1.701806
1.699811
1.693753
1.690418
1.679095
1.681232
1.674047
1.674119
1.676007
1.673087
1.668196
1.667402
1.661462
1.661695
1.665835
1.669657
1.671450
1.671788
1.663949
1.665581
1.662679
1.654800
1.655360
1.655035
1.656949
1.659536
1.663630
1.667840
1.669794
1.668485
1.676908
1.673772
1.681566
1.683974
1.680524
1.678351
1.673792
1.673097
1.667669
1.669990
1.674639
1.675419
1.678868
1.681957
1.678889
1.675605
1.678682
1.685944
1.690057
1.686357
1.693225
1.696647
1.697391
1.701209
1.709198
1.703569
1.705961
1.707624
1.712590
1.714061
1.712108
1.706183
1.703704
1.700011
1.696685
1.698313
1.696989
1.699839
1.695999
1.700148
1.694428
1.688680
1.691070
1.692661
1.685924
1.692150
1.693666
1.695144
1.697369
1.691873
1.685048
1.682663
1.688700
1.686517
1.688188
1.690761
1.686790
1.687833
1.684343
1.682516
1.686604
1.685189
1.686980
1.684111
1.684100
1.680281
1.681229
1.676503
1.674252
1.661581
1.664467
1.661787
1.664552
1.658811
1.656349
1.657951
1.650911
1.651432
1.643678
1.641715
1.635509
1.635916
1.627964
1.619958
1.611754
1.609212
1.607271
1.604845
1.601127
1.596290
1.595241
1.586903
1.582648
1.575669
1.568945
1.564435
1.567179
1.570330
1.569286
1.568862
1.564696
1.561407
1.567842
1.572435
1.570910
1.568803
1.575549
1.571983
1.571372
1.573714
1.571707
1.575096
1.575471
1.576574
1.573873
1.570773
1.569085
1.571439
1.568058
1.567883
1.568928
1.558491
1.556460
1.552704
1.549697
1.551283
1.550100
1.546977
1.549766
1.549544
1.547232
1.548750
1.549060
1.552154
1.555715
1.553882
1.559315
1.567740
1.567843
1.571251
1.570816
1.576905
1.582814
1.583973
1.587672
1.590115
1.587986
1.593065
1.596921
1.604287
1.608741
1.605065
1.606374
1.607582
1.611069
1.610342
1.609614
1.609472
1.615179
1.620910
1.624192
1.620430
1.625594
1.629169
1.635815
1.636093
1.637474
1.639499
1.635497
1.630314
1.623527
1.622765
1.619547
1.619568
1.619869
1.610934
1.604085
1.600916
1.592432
1.590320
1.590612
1.591940
1.595921
1.599706
1.597754
1.603847
1.602256
1.606737
1.609238
1.606090
1.611216
1.616808
1.612840
1.614412
1.618562
1.625840
1.629018
1.632516
1.632484
1.628967
1.622501
1.623986
1.626614
1.631067
1.643590
1.640831
1.642563
1.647299
1.645060
1.637382
1.636892
1.637224
1.633463
1.630781
1.628320
1.627021
1.625364
1.621632
1.627688
1.620336
1.622477
1.621597
1.622858
1.623838
1.623274
1.622836
1.624337
1.627376
1.631621
1.626845
1.619987
1.618331
1.619543
1.618578
1.616354
1.616630
1.619933
1.622674
1.624718
1.621408
1.630285
1.629257
1.632537
1.629515
1.632597
1.632461
1.636966
1.637688
1.631672
1.634459
1.636924
1.632897
1.640204
1.645189
1.656819
1.669260
1.676128
1.684364
1.682776
1.682352
1.683308
1.689701
1.693365
1.701813
1.699544
1.703946
1.703130
1.703809
1.704552
1.712979
1.715225
1.714653
1.714352
1.715724
1.715550
1.713466
1.715783
1.716946
1.712823
1.715124
1.711812
1.715060
1.715241
1.721159
1.723977
1.722961
1.726901
1.728003
1.725737
1.720622
1.713022
1.708170
1.708431
1.708209
1.707436
1.698615
1.698885
1.690653
1.689591
1.686154
1.683600
1.672964
1.667036
1.665691
1.659048
1.654992
1.651616
1.651194
1.654335
1.653572
1.651174
1.652770
1.649588
1.635388
1.636245
1.633629
1.625551
1.623074
1.622111
1.616267
1.615607
1.604946
1.604518
1.600689
1.598856
1.597352
1.593398
1.589290
1.587526
1.579381
1.573510
1.565578
1.564008
1.562870
1.562943
1.557188
1.552952
1.544969
1.540253
1.542792
1.541185
1.538507
1.537703
1.537717
1.540658
1.550656
1.554857
1.558124
1.557350
1.562218
1.559343
1.559541
1.560585
1.561068
1.563492
1.566906
1.570727
1.580034
1.586079
1.592399
1.597146
1.605529
1.611909
1.614662
1.620820
1.621602
1.622508
1.622433
1.631292
1.629596
1.631588
1.635241
1.638390
1.634846
1.637788
1.639134
1.637238
1.638834
1.636773
1.634874
1.645292
1.647792
1.648745
1.656499
1.663027
1.671386
1.678448
1.686089
1.692234
1.694844
1.694680
1.695105
1.695808
1.706035
1.712662
1.718100
1.731874
1.733588
1.734195
1.742986
1.745289
1.751401
1.754384
1.756858
1.761565
1.764684
1.770273
1.764704
1.773520
1.771891
1.768189
1.771036
1.765553
1.762865
1.760636
1.759174
1.753940
1.760908
1.768605
1.765674
1.764501
1.763391
1.770863
1.772054
1.769869
1.767029
1.759634
1.759528
1.755984
1.747383
1.750572
1.754100
1.755447
1.751148
1.753283
1.750533
1.748725
1.746988
1.751802
1.751595
1.751965
1.749436
1.745348
1.735002
1.730545
1.722005
1.713885
1.712860
1.713364
1.704237
1.704253
1.700361
1.700497
1.690339
1.687558
1.690645
1.686754
1.683595
1.681197
1.679025
1.688498
1.690820
1.690211
1.685921
1.683752
1.680663
1.685064
1.685424
1.683410
1.680672
1.679422
1.680594
1.675156
1.682322
1.681567
1.687468
1.689454
1.688668
1.686041
1.682804
1.684125
1.684083
1.678544
1.678558
1.674589
1.666767
1.662586
1.653902
1.649404
1.652587
1.650722
1.657195
1.658015
1.661696
1.670763
1.681526
1.685608
1.690459
1.691888
1.694980
1.695115
1.699319
1.704225
1.701440
1.701734
1.705569
1.711695
1.710563
1.705837
1.700282
1.694437
1.688473
1.687424
1.684366
1.680816
1.675530
1.676009
1.682328
1.679927
1.685634
1.687224
1.685366
1.697551
1.699749
1.703661
1.704222
1.706267
1.710167
1.714831
1.724927
1.733719
1.743687
1.747996
1.753853
1.756087
1.756462
1.767471
1.773927
1.769822
1.769588
1.772390
1.776776
1.776537
1.777774
1.778763
1.774383
1.782837
1.785458
1.788897
1.790389
1.791755
1.795363
1.798653
1.802670
1.805324
1.807197
1.811919
1.812390
1.808763
1.808138
1.811439
1.815781
1.813236
1.813841
1.813836
1.806759
1.803176
1.796412
1.799167
1.800540
1.797462
1.797706
1.798831
1.794949
1.800481
1.799810
1.799529
1.796154
1.790173
1.797821
1.801572
1.799420
1.800633
1.795272
1.790861
1.789913
1.794357
1.801676
1.793042
1.790110
1.793934
1.794036
1.805886
1.810794
1.808827
1.807653
1.809344
1.816973
1.818777
1.827743
1.831241
1.827912
1.829780
1.828755
1.832537
1.835075
1.836761
1.837269
1.835645
1.834688
1.836120
1.844058
1.841465
1.834722
1.829445
1.820006
1.815072
1.813263
1.812297
1.807686
1.806385
1.805505
1.819093
1.809359
1.806691
1.808393
1.810645
1.813305
1.814934
1.822448
1.832533
1.833451
1.839132
1.846708
1.848311
1.854210
1.856928
1.862264
1.865527
1.865037
1.870687
1.871869
1.874622
1.883597
1.881735
1.884649
1.888578
1.888381
1.894190
1.898394
1.907622
1.908047
1.904982
1.902914
1.910282
1.909587
1.910368
1.916193
1.926179
1.936147
1.942788
1.946126
1.946366
1.957704
1.963120
1.961145
1.965872
1.965571
1.968472
1.968515
1.969957
1.967079
1.961847
1.965482
1.966629
1.964872
1.962908
1.962253
1.960170
1.949803
1.946992
1.946936
1.949912
1.946723
1.946158
1.952313
1.958768
1.957138
1.964200
1.960521
1.956517
1.952119
1.954388
1.954981
1.951555
1.944836
1.942440
1.931868
1.923509
1.917414
1.912881
1.909379
1.904771
1.898534
1.887331
1.880460
1.875889
1.871811
1.874700
1.872396
1.871292
1.867654
1.864099
1.860752
1.861747
1.863030
1.863487
1.863744
1.857898
1.856494
1.853554
1.853755
1.854687
1.850595
1.855136
1.848010
1.851728
1.851096
1.854084
1.860586
1.858386
1.855909
1.854616
1.854414
1.855299
1.854478
1.853812
1.856972
1.855080
1.854978
1.847931
1.842839
1.840250
1.831488
1.822428
1.823462
1.832942
1.835356
1.831495
1.830473
1.825038
1.826700
1.828727
1.831175
1.832903
1.832183
1.825757
1.829084
1.822601
1.819937
1.819528
1.815988
1.816558
1.814487
1.818628
1.824573
1.818750
1.816972
1.816143
1.812739
1.812462
1.811765
1.807358
1.804878
1.805441
1.799834
1.794826
1.797476
1.796036
1.793531
1.793476
1.791411
1.792848
1.795287
1.792840
1.799909
1.805977
1.810021
1.807643
1.811899
1.810826
1.810238
1.808981
1.809847
1.815406
1.812288
1.807907
1.799159
1.793909
1.790052
1.783482
1.783005
1.783276
1.784003
1.778083
1.782601
1.781813
1.779793
1.773795
1.771804
1.766297
1.765876
1.758260
1.752049
1.753468
1.749299
1.747535
1.747204
1.752084
1.752145
1.754190
1.755647
1.753098
1.751993
1.752574
1.749130
1.746844
1.752098
1.751326
1.749712
1.748440
1.741952
1.740081
1.734125
1.727049
1.718771
1.717131
1.713373
1.706868
1.694918
1.687878
1.682968
1.685815
1.680835
1.673877
1.676813
1.676279
1.676973
1.674313
1.682602
1.683696
1.682791
1.681847
1.688606
1.679513
1.676017
1.671776
1.665200
1.659921
1.659994
1.660356
1.662509
1.667219
1.669998
1.669852
1.673753
1.678303
1.682206
1.687160
1.693597
1.696766
1.697926
1.700791
1.707944
1.706259
1.705107
1.703305
1.704553
1.706089
1.704543
1.709416
1.706611
1.704928
1.704867
1.703274
1.706743
1.710993
1.715199
1.715125
1.721175
1.730835
1.737647
1.737457
1.737157
1.731672
1.724356
1.721779
1.714439
1.717174
1.722705
1.727588
1.727651
1.722055
1.723865
1.726417
1.725713
1.733939
1.736209
1.735733
1.729502
1.722784
1.715477
1.709367
1.706691
1.699526
1.699214
1.699434
1.693864
1.692118
1.694368
1.691693
1.688436
1.684443
1.684841
1.681284
1.686580
1.680742
1.679532
1.678366
1.677601
1.683396
1.686040
1.685128
1.686254
1.687352
1.688163
1.684876
1.675000
1.671821
1.680180
1.677979
1.670149
1.663976
1.663405
1.660723
1.662232
1.658788
1.659759
1.656119
1.650437
1.644995
1.646869
1.648475
1.646879
1.640462
1.635834
1.636433
1.632775
1.632419
1.633652
1.629031
1.636996
1.637813
1.639685
1.638765
1.639601
1.649386
1.650992
1.653614
1.654939
1.649622
1.653148
1.660079
1.659629
1.664369
1.669568
1.677399
1.671411
1.671588
1.670902
1.674234
1.677772
1.679887
1.677552
1.676318
1.677961
1.680146
1.678064
1.684658
1.683033
1.674717
1.672505
1.671354
1.669063
1.664731
1.667649
1.670475
1.675187
1.679842
1.677204
1.672379
1.677233
1.681944
1.686418
1.691393
1.697231
1.703607
1.705683
1.708395
1.716027
1.718209
1.711551
1.707634
1.708551
1.715416
1.721029
1.722852
1.722782
1.723912
1.727621
1.727802
1.733527
1.727884
1.725329
1.730903
1.732407
1.729717
1.721892
1.716353
1.710207
1.705981
1.702543
1.699700
1.702242
1.693688
1.694844
1.691897
1.693375
1.689225
1.684136
1.670447
1.668769
1.670063
1.670388
1.672140
1.664800
1.665127
1.666367
1.675520
1.682169
1.679004
1.675683
1.671976
1.673888
1.670375
1.673113
1.669137
1.665183
1.659185
1.655615
1.652764
1.646423
1.649234
1.643555
1.640149
1.636860
1.636803
1.640186
1.637563
1.640228
1.645824
1.654523
1.660838
1.662105
1.671521
1.668466
1.674511
1.672067
1.671465
1.672125
1.670715
1.675767
1.677915
1.669567
1.671374
1.676040
1.675194
1.671191
1.669938
1.672588
1.672216
1.677539
1.677996
1.677915
1.685092
1.686966
1.692019
1.693851
1.692924
1.690304
1.691560
1.688286
1.684753
1.686841
1.681957
1.684283
1.682512
1.680930
1.678418
1.669284
1.668452
1.656843
1.663289
1.662945
1.659842
1.661338
1.665135
1.657405
1.659361
1.663104
1.663897
1.665942
1.660107
1.660353
1.669131
1.675424
1.676860
1.677213
1.681046
1.680494
1.680219
1.684541
1.690521
1.692937
1.691881
1.690685
1.694739
1.696909
1.703064
1.705951
1.699125
1.696157
1.693785
1.693843
1.687695
1.692608
1.690891
1.688874
1.688109
1.686959
1.684604
1.681143
1.679049
1.674205
1.664909
1.665445
1.658828
1.658889
1.655518
1.651316
1.644416
1.633932
1.623593
1.615562
1.610340
1.612367
1.604417
1.603077
1.601873
1.597875
1.596610
1.600699
1.599887
1.600188
1.600698
1.604634
1.605241
1.600784
1.605214
1.606634
1.607743
1.609309
1.613920
1.617805
1.613741
1.615254
1.618206
1.619875
1.622434
1.624407
1.624185
1.620728
1.624452
1.629456
1.635306
1.638245
1.640447
1.637831
1.634776
1.634116
1.632172
1.633572
1.626004
1.628297
1.628951
1.629971
1.632418
1.633259
1.629890
1.629828
1.628246
1.634089
1.624503
1.620211
1.622597
1.624216
1.620325
1.622100
1.616544
1.611137
1.606870
1.605093
1.600097
1.596982
1.589275
1.583373
1.577883
1.570383
1.575286
1.576192
1.579459
1.574311
1.569107
1.570658
1.563563
1.558931
1.554294
1.547852
1.546028
1.545067
1.535741
1.536573
1.524937
1.527908
1.523578
1.519513
1.510598
1.502130
1.493709
1.492782
1.493209
1.486018
1.479894
1.481032
1.478477
1.479879
1.483446
1.482393
1.482884
1.479165
1.473906
1.474488
1.470668
1.468910
1.468679
1.466179
1.472742
1.474393
1.474353
1.474416
1.475433
1.478042
1.474230
1.474043
1.474458
1.475551
1.476011
1.474808
1.474885
1.480528
1.483679
1.485658
1.488411
1.488454
1.484794
1.485042
1.485107
1.491633
1.497408
1.507794
1.507404
1.512223
1.510760
1.510120
1.511423
1.503847
1.503174
1.502658
1.502212
1.501276
1.503493
1.503581
1.503705
1.498095
1.496070
1.485796
1.480339
1.469839
1.466726
1.465988
1.461289
1.464753
1.466210
1.470744
1.473659
1.480232
1.482703
1.487012
1.488950
1.491282
1.490203
1.488338
1.491859
1.492484
1.493776
1.493182
1.494336
1.490203
1.488324
1.485119
1.484257
1.487650
1.486341
1.489044
1.484697
1.486796
1.481556
1.482036
1.483183
1.481531
1.485237
1.482214
1.479343
1.473004
1.472477
1.474908
1.473825
1.479812
1.486900
1.494294
1.495782
1.488817
1.486003
1.479013
1.478257
1.476261
1.471893
1.478442
1.475334
1.475169
1.476095
1.474838
1.473933
1.472351
1.471555
1.470506
1.471422
1.472510
1.468764
1.469158
1.470404
1.468924
1.461633
1.465088
1.465437
1.464326
1.462811
1.466272
1.469009
1.465820
1.467415
1.474271
1.477897
1.485175
1.486905
1.491446
1.492510
1.497707
1.495532
1.500616
1.502800
1.502585
1.500558
1.498883
1.504476
1.507469
1.512467
1.516551
1.516502
1.513459
1.514377
1.516906
1.521926
1.516998
1.509934
1.504802
1.504761
1.499724
1.496917
1.496112
1.495140
1.487929
1.483212
1.484888
1.486782
1.483202
1.482857
1.480373
1.484088
1.483129
1.479775
1.475696
1.474375
1.474457
1.476638
1.471224
1.469720
1.465550
1.462849
1.463098
1.456161
1.447954
1.444752
1.441311
1.442111
1.438877
1.438084
1.439401
1.436615
1.432994
1.426421
1.425496
1.429383
1.428445
1.428464
1.428266
1.425197
1.425080
1.421024
1.420751
1.416605
1.414917
1.415061
1.407224
1.405843
1.406529
1.408844
1.406592
1.408649
1.406346
1.408628
1.404624
1.407619
1.407701
1.412437
1.410417
1.409067
1.413690
1.414999
1.418475
1.422892
1.424880
1.429275
1.424016
1.424213
1.422033
1.424513
1.427751
1.429021
1.430506
1.424192
1.424687
1.428264
1.430930
1.432239
1.429043
1.427686
1.426545
1.416472
1.412225
1.407806
1.408404
1.409631
1.412831
1.407609
1.406999
1.405791
1.405181
1.405561
1.404683
1.403618
1.404654
1.403465
1.402926
1.398817
1.395702
1.395957
1.394216
1.394085
1.395027
1.390502
1.388983
1.381340
1.377384
1.377035
1.379829
1.375847
1.371506
1.375614
1.373674
1.369197
1.368779
1.370049
1.369422
1.366423
1.369589
1.368397
1.367387
1.372460
1.375434
1.383681
1.387331
1.383646
1.388938
1.393636
1.403753
1.410544
1.420318
1.431644
1.433742
1.445349
1.445432
1.445823
1.446674
1.450993
1.454277
1.455294
1.456537
1.459762
1.464404
1.467664
1.465145
1.463209
1.466951
1.470679
1.473584
1.476737
1.481136
1.487977
1.490423
1.486867
1.490295
1.489419
1.488030
1.487475
1.493164
1.491651
1.493841
1.492504
1.493466
1.491284
1.491439
1.488748
1.490647
1.493099
1.493708
1.502957
1.509720
1.508081
1.504220
1.502880
1.507087
1.509536
1.513096
1.518081
1.523241
1.529548
1.535452
1.537939
1.533502
1.540347
1.536176
1.542063
1.543621
1.546386
1.554059
1.559581
1.565360
1.575433
1.576338
1.584117
1.588614
1.592591
1.598869
1.605193
1.608490
1.609427
1.614807
1.612670
1.612762
1.609501
1.609175
1.612333
1.605933
1.610248
1.612343
1.613487
1.617989
1.624937
1.623339
1.621626
1.617409
1.617200
1.619639
1.619433
1.613484
1.617398
1.612409
1.604847
1.610478
1.606854
1.602837
1.608442
1.605742
1.605972
1.609355
1.614479
1.614042
1.616507
1.612932
1.613164
1.612500
1.607494
1.606697
1.606849
1.601002
1.597514
1.593579
1.594272
1.602562
1.598475
1.597933
1.592635
1.592855
1.591812
1.593008
1.597757
1.596881
1.594981
1.598510
1.598742
1.595680
1.595181
1.592647
1.585578
1.584338
1.584876
1.587483
1.575843
1.572534
1.566799
1.564044
1.556044
1.555339
1.554549
1.552053
1.552931
1.550811
1.546311
1.546841
1.546880
1.544842
1.543631
1.538679
1.536794
1.540602
1.537368
1.532946
1.528397
1.523709
1.523872
1.522534
1.522859
1.516805
1.521024
1.513806
1.518785
1.515768
1.514180
1.511183
1.510031
1.514691
1.514426
1.513864
1.519155
1.522670
1.520078
1.525720
1.524053
1.523222
1.524038
1.534418
1.539094
1.544594
1.550264
1.553208
1.558961
1.563682
1.571674
1.585256
1.590630
1.596935
1.597173
1.607532
1.609731
1.610999
1.608896
1.609445
1.600659
1.596447
1.596983
1.590075
1.593600
1.592120
1.589406
1.586995
1.581048
1.586143
1.578752
1.575339
1.583022
1.582092
1.589406
1.591961
1.592672
1.588029
1.588032
1.587683
1.585928
1.588386
1.589322
1.591807
1.591330
1.589061
1.589859
1.590003
1.590328
1.592333
1.592196
1.593454
1.587250
1.591121
1.589573
1.589129
1.584496
1.584467
1.585507
1.592677
1.596624
1.601301
1.602450
1.607095
1.611973
1.612273
1.619715
1.621040
1.619973
1.624056
1.620630
1.616303
1.617714
1.609250
1.606539
1.600173
1.597576
1.597214
1.601122
1.599510
1.604153
1.603495
1.602502
1.599116
1.597755
1.593271
1.599601
1.599864
1.599402
1.600530
1.602951
1.601118
1.597863
1.596903
1.595498
1.597783
1.595557
1.594606
1.601120
1.604712
1.608601
1.611369
1.616573
1.627318
1.628076
1.631518
1.636639
1.646850
1.652178
1.657510
1.664327
1.670999
1.679369
1.689902
1.699249
1.710048
1.710964
1.722698
1.733339
1.739806
1.734962
1.746271
1.749121
1.755404
1.752444
1.761100
1.762144
1.767000
1.776562
1.778177
1.770870
1.770146
1.771664
1.778679
1.777802
1.776623
1.776064
1.768002
1.762420
1.760378
1.753770
1.747428
1.742664
1.737889
1.732602
1.731904
1.730182
1.727319
1.725985
1.716952
1.722684
1.722444
1.712899
1.707540
1.700631
1.705778
1.703563
1.708073
1.711089
1.704885
1.705428
1.699268
1.700677
1.700371
1.700035
1.696972
1.689366
1.693767
1.688136
1.683397
1.679774
1.675606
1.669376
1.662992
1.663123
1.665795
1.664340
1.668268
1.675242
1.673745
1.673462
1.679101
1.679581
1.681266
1.682030
1.680290
1.679972
1.681260
1.686224
1.681128
1.679451
1.678658
1.682762
1.689988
1.696973
1.701474
1.703186
1.706715
1.704275
1.701969
1.708029
1.710485
1.707081
1.717045
1.712937
1.703622
1.700933
1.702563
1.698626
1.698495
1.693717
1.691180
1.684386
1.681311
1.677467
1.676515
1.676342
1.673788
1.674614
1.680797
1.688971
1.688435
1.690691
1.690574
1.692979
1.696635
1.695817
1.702748
1.700556
1.701118
1.700999
1.700864
1.694421
1.692174
1.692957
1.683274
1.675315
1.674904
1.674356
1.673921
1.673797
1.674722
1.677057
1.675889
1.681024
1.683368
1.688565
1.687319
1.683655
1.686493
1.695048
1.699811
1.693770
1.692173
1.692546
1.693634
1.697355
1.703103
1.700349
1.698113
1.703415
1.704398
1.706332
1.709616
1.711857
1.712105
1.713907
1.716086
1.720467
1.723736
1.726999
1.730610
1.730672
1.731096
1.741006
1.748699
1.753071
1.761062
1.765119
1.778334
1.787860
1.797928
1.804954
1.806747
1.812494
1.821467
1.828966
1.832238
1.829400
1.826096
1.828311
1.826815
1.827024
1.825392
1.830551
1.836960
1.841071
1.843367
1.845980
1.845926
1.848839
1.851371
1.850455
1.854798
1.853830
1.852354
1.855640
1.849152
1.845415
1.846476
1.840891
1.837815
1.838010
1.843646
1.844558
1.848673
1.847411
1.842141
1.845807
1.843705
1.850242
1.860115
1.862112
1.868147
1.864602
1.866462
1.869872
1.876867
1.871914
1.866651
1.865398
1.855559
1.848476
1.845900
1.842668
1.838228
1.827477
1.821390
1.826668
1.832499
1.835643
1.834882
1.836022
1.829641
1.831403
1.827730
1.830379
1.835109
1.843258
1.844760
1.849647
1.849726
1.848454
1.852565
1.860355
1.869166
1.874069
1.880866
1.888731
1.887301
1.891064
1.898277
1.900570
1.907769
1.915537
1.918406
1.913929
1.911617
1.914968
1.921605
1.926786
1.930381
1.935680
1.934265
1.939716
1.937079
1.940006
1.938110
1.936633
1.941107
1.933522
1.928314
1.928118
1.925921
1.923700
1.924067
1.923900
1.923397
1.916118
1.917653
1.923445
1.921862
1.921094
1.921722
1.919185
1.920438
1.919374
1.916587
1.920067
1.919765
1.914513
1.915586
1.910772
1.901810
1.903636
1.901113
1.898546
1.896483
1.890379
1.883594
1.879651
1.884283
1.880396
1.879799
1.875981
1.875027
1.879427
1.888691
1.900038
1.908634
1.907273
1.917787
1.917416
1.929786
1.932049
1.931307
1.938103
1.942512
1.934843
1.926679
1.923680
1.917214
1.916643
1.914722
1.914787
1.905588
1.899788
1.899355
1.907200
1.911284
1.913192
1.917696
1.916458
1.914178
1.917984
1.918641
1.918615
1.918767
1.921159
1.924037
1.917397
1.907203
1.898671
1.897469
1.898935
1.899224
1.898256
1.895420
1.895256
1.891249
1.890872
1.889561
1.882965
1.884348
1.879580
1.888698
1.891459
1.897861
1.905249
1.909234
1.907182
1.912771
1.909974
1.908597
1.910898
1.911445
1.911776
1.917142
1.916221
1.919237
1.923254
1.929568
1.929860
1.936214
1.933341
1.934918
1.932554
1.929145
1.930816
1.926199
1.926210
1.930065
1.934345
1.934004
1.938466
1.943385
1.941953
1.939472
1.935982
1.928461
1.929206
1.930719
1.928574
1.918723
1.920048
1.917615
1.914472
1.916586
1.916769
1.916632
1.917108
1.915881
1.912990
1.918954
1.922308
1.924960
1.923756
1.927960
1.928992
1.926232
1.923853
1.923527
1.920519
1.922709
1.922773
1.919489
1.921493
1.921562
1.928420
1.928429
1.920134
1.923850
1.920789
1.921350
1.910610
1.903082
1.896600
1.885519
1.884981
1.877190
1.874787
1.868232
1.869776
1.864116
1.861589
1.853386
1.854803
1.848411
1.843909
1.837407
1.835340
1.830981
1.823886
1.816791
1.809621
1.805646
1.796998
1.794784
1.788706
1.786569
1.777170
1.775521
1.773560
1.781923
1.788278
1.792288
1.792524
1.796554
1.798888
1.800511
1.796530
1.800633
1.800078
1.800660
1.800261
1.803309
1.806523
1.811865
1.813537
1.810551
1.810901
1.812206
1.817283
1.813625
1.805871
1.806288
1.808338
1.802066
1.800957
1.794870
1.790975
1.785691
1.780344
1.781565
1.781028
1.781895
1.779640
1.783032
1.773776
1.773592
1.772952
1.772466
1.775240
1.780273
1.780577
1.777033
1.774559
1.773440
1.777792
1.775700
1.774605
1.773675
1.765615
1.762929
1.759107
1.759024
1.760434
1.765257
1.762551
1.767417
1.770634
1.770432
1.763589
1.760023
1.765883
1.757398
1.746444
1.743100
1.738653
1.730169
1.727847
1.721347
1.720526
1.716740
1.710276
1.708035
1.705270
1.705640
1.701888
1.704500
1.700141
1.698329
1.692598
1.690698
1.688574
1.680322
1.683983
1.682510
1.680382
1.676066
1.675995
1.675682
1.675029
1.671595
1.674471
1.674977
1.673357
1.668561
1.669049
1.667734
1.666812
1.665729
1.665325
1.661479
1.657878
1.662331
1.663914
1.663466
1.663712
1.667269
1.670023
1.674701
1.675502
1.678753
1.677845
1.678230
1.684892
1.688988
1.694379
1.699607
1.708336
1.710459
1.712787
1.714232
1.711148
1.712869
1.708268
1.713912
1.715016
1.711814
1.714891
1.709763
1.710087
1.712050
1.711377
1.705757
1.706342
1.710510
1.711103
1.710797
1.717696
1.721956
1.721386
1.720142
1.716197
1.711636
1.718209
1.722723
1.723322
1.729037
1.734397
1.728837
1.725690
1.732931
1.731307
1.733520
1.731591
1.726785
1.730622
1.730776
1.729930
1.728628
1.727000
1.726670
1.728253
1.727536
1.730694
1.729279
1.730879
1.734607
1.734956
1.727755
1.730421
1.729911
1.731617
1.726345
1.728331
1.725512
1.726524
1.725322
1.734090
1.735737
1.737266
1.736448
1.745547
1.745924
1.743521
1.742564
1.740896
1.745603
1.745823
1.748700
1.744677
1.749895
1.752653
1.751081
1.754410
1.759539
1.766316
1.762124
1.758604
1.749883
1.751498
1.745755
1.747069
1.746313
1.749543
1.746871
1.745094
1.746393
1.746469
1.755098
1.759269
1.762124
1.761370
1.764564
1.764088
1.765904
1.768576
1.771630
1.772789
1.775190
1.780003
1.783805
1.779315
1.781083
1.777234
1.777791
1.772072
1.769901
1.767802
1.762731
1.759203
1.759791
1.753803
1.749693
1.745931
1.742576
1.736411
1.742579
1.736833
1.728642
1.722503
1.711922
1.704623
1.702583
1.699009
1.695542
1.689306
1.680193
1.678442
1.674344
1.672354
1.669072
1.672881
1.674470
1.674066
1.675431
1.676193
1.675091
1.678735
1.675131
1.669429
1.668436
1.670270
1.671155
1.670375
1.668454
1.669435
1.666738
1.669727
1.670421
1.670248
1.669946
1.662788
1.667245
1.668763
1.665464
1.663448
1.667027
1.660104
1.654673
1.655004
1.650542
1.642912
1.647206
1.650284
1.652154
1.659017
1.661593
1.661613
1.657352
1.659625
1.659288
1.672768
1.671864
1.671456
1.670808
1.666185
1.668348
1.668421
1.669277
1.667160
1.666311
1.669661
1.668186
1.673801
1.672879
1.662558
1.662194
1.654431
1.648469
1.643078
1.628872
1.619576
1.613066
1.612651
1.617932
1.623364
1.621523
1.622920
1.623147
1.622367
1.617721
1.619397
1.617133
1.618331
1.625444
1.625975
1.629476
1.629833
1.632741
1.633058
1.638540
1.638381
1.642077
1.641386
1.641511
1.646351
1.645955
1.650391
1.651621
1.655629
1.653315
1.655141
1.654201
1.646841
1.647467
1.645083
1.645452
1.641163
1.643173
1.635724
1.634127
1.637297
1.640350
1.631084
1.623192
1.622537
1.615715
1.612741
1.611100
1.607051
1.606950
1.606349
1.600415
1.598245
1.587604
1.584818
1.578242
1.571613
1.571087
1.571991
1.574922
1.577195
1.575787
1.579070
1.582556
1.582208
1.578621
1.581391
1.586922
1.581284
1.576893
1.573913
1.573822
1.572383
1.563711
1.565288
1.567292
1.563507
1.554197
1.552477
1.554690
1.549064
1.548108
1.545661
1.543460
1.542492
1.535253
1.537160
1.535028
1.537868
1.544539
1.541473
1.545468
1.540377
1.539149
1.532487
1.532392
1.528198
1.529082
1.526085
1.530462
1.526691
1.520331
1.519934
1.509121
1.503061
1.500315
1.495887
1.494251
1.501805
1.500910
1.505853
1.507344
1.512432
1.508420
1.510467
1.512051
1.512826
1.513330
1.515849
1.514364
1.510568
1.509123
1.511888
1.509143
1.509860
1.512764
1.510189
1.509137
1.510853
1.514341
1.520266
1.526785
1.529533
1.537144
1.540549
1.537801
1.535929
1.540954
1.534413
1.533640
1.538181
1.535236
1.534865
1.537799
1.542808
1.540220
1.543846
1.543230
1.547181
1.541724
1.547265
1.551570
1.556120
1.559483
1.559575
1.558699
1.563969
1.568894
1.569437
1.570564
1.573665
1.570651
1.570218
1.565388
1.565252
1.554881
1.553815
1.551683
1.554044
1.556162
1.554109
1.552003
1.552361
1.555453
1.553109
1.553350
1.554570
1.553495
1.559764
1.561962
1.565730
1.565593
1.564914
1.559587
1.562523
1.556848
1.555109
1.552630
1.555093
1.554084
1.559308
1.563701
1.562183
1.562043
1.560527
1.564073
1.566170
1.568944
1.575352
1.578046
1.573818
1.572462
1.574616
1.576374
1.573565
1.570275
1.571436
1.569963
1.569192
1.566394
1.564269
1.568202
1.568356
1.564464
1.564189
1.560775
1.564864
1.567699
1.560379
1.560717
1.560261
1.558794
1.562664
1.566724
1.564946
1.571379
1.572276
1.569873
1.572965
1.572770
1.573393
1.573206
1.568841
1.565708
1.566532
1.561133
1.558624
1.566147
1.562579
1.565358
1.567016
1.574002
1.573738
1.575467
1.578014
1.580982
1.582165
1.586042
1.592939
1.606156
1.609631
1.614964
1.624114
1.621051
1.622328
1.628089
1.632645
1.635881
1.638053
1.639629
1.642525
1.636953
1.635500
1.637532
1.638281
1.638458
1.634225
1.632635
1.632187
