25.445
25.085
24.975
24.975
24.975
24.985
24.935
24.995
25.135
25.185
25.165
25.075
25.175
25.195
24.865
24.875
25.025
24.935
25.045
25.225
25.375
25.595
25.325
25.405
25.455
25.525
25.215
25.045
25.595
25.715
25.875
25.795
25.975
25.945
25.925
25.955
25.705
25.395
25.315
25.545
25.585
25.625
25.975
25.925
26.155
26.105
26.115
26.075
26.055
26.125
26.085
25.995
26.095
26.005
26.085
26.115
26.095
25.885
25.925
26.035
26.005
25.995
25.975
26.175
25.975
25.705
25.675
26.105
26.275
26.255
25.795
25.485
25.675
25.675
25.515
25.675
25.805
25.885
26.245
26.235
26.195
26.195
26.255
26.315
26.305
26.205
26.275
25.995
26.005
26.085
26.065
26.025
25.455
25.735
25.645
25.565
25.575
25.715
25.575
25.405
25.275
25.375
25.325
25.325
25.335
25.065
25.225
25.115
25.065
25.095
25.155
25.375
25.575
25.535
25.605
25.555
25.565
25.605
25.645
25.275
25.135
25.075
25.005
24.975
25.085
25.035
24.675
24.805
24.725
24.705
24.665
24.745
24.805
24.485
24.455
24.495
24.465
24.485
24.465
24.505
24.305
24.365
24.395
24.465
24.575
24.635
24.495
24.395
24.505
24.475
24.575
24.595
24.535
24.505
24.755
24.735
24.855
24.735
24.865
24.935
24.895
24.565
24.575
24.595
24.795
24.895
24.885
24.845
24.655
24.555
24.385
24.425
24.445
24.435
24.485
24.285
24.365
24.325
24.245
24.205
24.235
24.255
24.425
24.395
24.295
24.345
24.375
24.495
24.355
24.065
24.125
24.285
24.225
24.145
24.1
24.185
24.035
23.915
24.165
24.115
24.055
24.125
24.125
24.025
24.125
24.005
23.975
23.935
23.825
23.845
23.985
23.755
23.745
23.745
23.785
23.855
23.935
23.695
23.705
23.735
23.725
23.695
23.765
23.695
23.575
23.635
23.625
23.605
23.565
23.505
23.405
23.725
23.865
23.835
23.785
23.775
23.805
23.845
23.795
23.855
23.865
23.885
23.895
23.925
23.905
24.335
24.305
24.305
24.245
24.295
24.315
24.305
24.195
24.155
24.045
23.985
23.985
23.975
23.975
24.035
24.135
24.085
23.995
23.965
23.835
23.915
24.135
24.105
24.105
24.115
24.055
24.115
24.105
23.995
23.925
23.855
23.825
23.835
23.845
23.845
24.165
24.485
24.525
24.395
24.405
24.515
24.555
25.055
24.975
25.165
25.295
25.205
24.995
25.185
25.005
25.045
25.005
25.095
25.195
25.095
25.145
25.095
25.095
25.215
25.215
25.195
25.295
25.355
25.43
25.185
25.135
25.185
25.115
25.165
25.155
25.245
25.425
25.335
25.285
25.285
25.365
25.445
25.335
25.245
25.185
25.225
25.215
25.255
25.165
24.865
24.545
24.365
24.475
24.425
24.465
24.475
24.445
24.485
24.545
24.545
24.435
24.455
24.395
24.585
24.705
24.695
24.725
24.705
24.755
24.715
24.815
24.685
24.645
24.735
24.755
24.945
24.875
24.78
24.505
24.635
24.655
24.675
24.595
24.595
24.555
24.445
24.515
24.545
24.535
24.515
24.485
24.595
24.705
24.465
24.425
24.585
24.575
24.625
24.795
24.445
24.385
24.495
24.495
24.385
24.335
23.985
23.935
23.835
23.855
23.825
23.815
23.845
24.095
24.145
24.345
24.295
24.395
24.375
24.395
24.315
24.285
24.285
24.215
24.175
24.285
24.355
24.545
24.665
24.685
24.435
24.485
24.545
24.475
24.565
24.395
24.595
24.525
24.575
24.565
24.575
24.695
24.625
24.585
24.675
24.645
24.615
24.565
24.675
24.495
24.625
24.625
24.635
24.705
24.905
24.995
24.985
25.125
25.245
25.215
25.365
25.445
25.295
25.185
25.195
25.085
25.115
25.145
25.125
25.385
25.305
25.335
25.295
25.305
25.425
25.415
25.595
25.865
25.815
25.725
25.695
25.745
25.785
25.315
25.175
25.155
25.125
25.115
25.005
25.005
25.215
25.235
25.255
25.315
25.215
25.225
25.355
25.355
25.485
25.425
25.385
25.335
25.145
25.395
25.465
25.345
25.345
25.395
25.375
25.325
25.335
25.235
25.315
25.275
25.265
25.285
25.285
25.315
25.125
25.375
25.395
25.555
25.585
25.705
25.885
25.745
25.775
25.805
25.715
25.685
25.845
25.995
26.135
26.105
26.095
25.995
26.215
26.285
26.205
27.17
26.565
26.745
26.735
26.795
26.865
26.745
26.895
27.165
26.985
27.065
26.995
26.985
26.815
27.125
27.155
27.155
27.225
27.335
27.355
27.345
27.415
27.345
27.105
27.115
27.145
26.98
27.105
27.405
27.195
27.195
27.165
27.165
27.185
27.135
27.055
26.695
26.675
26.7
26.865
26.685
26.715
26.615
26.905
27.025
26.935
26.905
26.855
26.855
26.815
27.025
27.035
27.015
27.005
27.015
26.935
27.035
26.885
26.935
26.975
27.075
26.995
26.935
26.505
26.445
26.515
26.565
26.525
26.695
26.645
26.47
26.4
26.245
26.185
26.19
26.265
26.285
26.435
26.325
26.205
26.255
26.275
26.265
26.265
26.005
25.855
25.795
25.775
25.825
25.875
25.815
25.865
25.805
25.735
25.745
25.745
25.735
25.635
25.745
26.025
25.975
25.965
25.935
25.865
25.875
25.715
25.675
25.695
25.695
25.725
25.725
25.695
25.585
25.625
25.545
25.515
25.495
25.565
25.605
25.565
25.225
25.135
25.145
25.305
25.215
25.175
25.325
25.385
25.415
25.435
25.425
25.375
25.335
25.255
25.385
25.255
25.375
25.205
25.025
25.075
25.115
25.075
25.245
25.375
25.075
25.365
25.265
25.265
25.355
25.335
25.335
25.695
25.915
25.875
26.055
26.145
26.165
26.165
26.235
26.755
26.775
26.835
26.735
26.805
26.815
26.835
26.985
26.885
26.915
26.975
26.995
27.025
26.915
26.805
26.835
26.825
26.855
26.825
26.855
27.035
26.915
26.955
26.945
26.935
27.045
26.945
26.865
27.015
27.085
27.115
27.145
27.155
27.165
27.315
27.065
27.105
27.165
27.135
27.075
27.035
27.205
27.235
27.255
27.375
27.335
27.355
27.385
27.295
27.245
27.275
27.345
27.355
27.415
27.415
27.335
27.485
27.485
27.635
27.645
27.635
27.625
27.645
27.785
27.915
27.915
27.785
27.695
27.915
27.815
27.795
27.755
27.915
27.905
27.855
27.965
27.975
27.925
27.985
27.925
28.045
28.035
27.995
27.935
27.855
27.785
27.835
27.885
27.945
27.865
27.825
27.995
28.015
27.975
27.995
28.015
28.075
28.135
28.315
28.255
28.325
28.265
28.255
28.185
28.035
28.205
28.215
28.165
28.235
28.225
28.265
28.145
28.045
27.995
28.015
28.155
28.095
28.115
28.075
28.135
28.125
28.065
28.025
28.015
28.075
27.975
28.105
28.075
28.045
28.085
28.055
28.065
27.955
27.915
27.815
27.805
27.795
27.845
27.895
27.815
27.685
27.745
27.815
27.785
27.765
27.765
28.075
28.095
28.095
28.005
27.995
27.975
28.025
27.955
28.005
27.955
27.955
28.005
28.035
28.105
27.915
27.795
27.895
27.875
27.855
27.905
27.965
28.035
27.995
28.175
28.265
28.465
28.545
28.735
28.695
28.485
28.335
28.475
28.275
28.355
28.605
28.325
28.095
28.095
28.235
28.215
28.205
28.255
28.155
28.125
28.135
28.135
28.175
28.215
28.185
28.145
28.375
28.505
28.525
28.445
28.515
28.445
28.285
28.145
28.255
28.235
28.235
28.185
28.105
28.025
28.105
28.085
28.125
28.215
28.265
28.235
28.295
28.505
28.575
28.535
28.495
28.555
28.635
28.475
28.545
28.555
28.465
28.385
28.385
28.365
28.535
28.275
28.195
28.245
28.215
28.375
28.245
28.385
28.135
28.215
28.225
28.105
28.095
28.105
28.125
28.315
28.445
28.495
28.505
28.515
28.475
28.135
28.345
28.205
28.405
28.315
28.235
28.395
28.525
28.98
28.775
28.785
28.815
28.885
28.865
28.735
28.665
28.595
28.695
28.865
28.785
28.855
28.865
28.035
27.875
27.755
27.515
27.655
27.595
27.885
27.655
27.465
27.625
27.615
27.575
27.645
27.795
27.765
27.795
27.955
27.905
27.935
27.995
27.935
28.055
27.975
27.995
27.975
28.035
27.915
27.945
27.665
27.615
27.645
27.605
27.605
27.645
27.635
27.695
27.725
27.695
27.775
27.755
27.735
27.905
28.125
28.185
28.235
28.255
28.255
28.245
28.155
28.205
28.22
28.185
28.145
28.215
28.205
28.155
28.155
28.095
28.125
28.105
28.095
28.005
27.885
27.465
27.505
27.425
27.365
27.395
27.375
27.755
27.235
27.345
27.185
27.205
27.275
27.285
27.195
27.055
27.135
27.185
27.165
27.105
27.085
27.105
27.005
27.025
27.005
27.035
26.985
27.025
27.02
26.885
26.735
26.635
26.715
26.855
26.965
26.935
27.225
27.265
27.345
27.245
27.275
27.235
27.065
27.105
27.185
27.08
26.995
27.035
27.015
26.785
26.995
26.825
26.645
26.715
26.675
26.555
26.515
26.675
26.515
26.605
26.625
26.685
26.635
26.795
26.945
26.765
26.665
26.645
26.775
26.895
26.765
26.835
26.715
26.695
26.705
26.665
26.635
26.605
26.735
26.705
26.645
26.575
26.595
26.555
26.715
26.525
26.485
26.445
26.355
26.255
26.195
26.135
26.255
26.295
26.305
26.175
26.105
26.145
26.245
26.305
26.315
26.265
26.285
26.245
26.245
26.235
26.155
26.165
25.965
25.905
25.875
25.805
26.105
25.995
25.805
25.705
25.605
25.625
25.725
25.765
25.855
25.875
25.885
25.915
25.885
25.975
25.795
25.945
25.78
25.795
25.805
25.825
25.805
25.565
25.515
25.585
25.535
25.595
25.525
25.395
25.405
25.475
25.435
25.585
25.625
25.615
25.825
25.495
25.415
25.395
25.415
25.445
25.535
25.625
25.165
25.335
25.265
25.365
25.305
25.435
25.335
25.205
25.215
24.845
24.905
24.945
24.795
24.885
25.035
25.125
25.105
25.195
24.985
24.835
24.755
25.135
24.885
25.015
25.025
25.015
25.045
25.035
25.165
25.555
25.485
25.385
25.295
25.285
25.195
25.265
25.395
25.385
25.415
25.265
25.285
25.335
25.345
25.295
25.325
25.375
25.375
25.335
25.585
25.605
25.645
25.825
25.8
25.745
25.815
25.855
25.895
25.725
25.675
25.695
25.685
25.635
25.625
25.655
25.655
25.625
25.605
25.595
25.565
25.525
25.375
25.385
25.415
25.405
25.425
25.405
25.495
25.555
25.645
25.675
25.645
25.675
25.695
25.635
25.565
25.575
25.555
25.495
25.465
25.365
25.505
25.455
25.385
25.435
25.425
25.425
25.445
25.395
25.425
25.645
25.595
25.625
25.555
25.485
25.515
25.785
25.875
26.055
25.945
25.935
25.885
25.795
25.945
26.245
26.095
26.145
26.125
26.145
26.195
26.195
26.165
26.105
26.165
26.115
26.085
26.145
26.215
26.015
26.015
26.115
26.135
26.095
26.035
26.225
26.095
26.045
26.035
25.915
25.875
25.835
25.835
25.805
25.665
25.675
25.745
25.715
25.575
25.765
25.805
25.745
25.675
25.665
25.715
25.765
25.355
25.28
25.235
25.325
25.275
25.255
25.335
25.415
25.295
25.205
25.265
25.255
25.365
25.325
25.075
24.785
24.875
24.935
25.085
25.135
25.145
25.025
24.945
24.985
24.985
25.015
25.11
25.105
25.665
25.835
25.925
25.955
25.845
25.755
25.875
25.845
25.605
25.565
25.545
25.405
25.475
25.415
25.545
25.355
25.365
25.485
25.535
25.525
25.535
25.715
26.05
26.205
26.325
26.175
26.215
26.285
26.31
26.195
26.235
26.245
26.295
26.265
26.275
26.465
26.475
26.525
26.585
26.645
26.64
26.785
26.585
25.555
25.585
25.705
25.565
25.615
25.535
25.885
25.675
25.655
25.515
25.565
25.53
25.565
25.595
25.555
25.565
25.565
25.495
25.635
25.825
25.815
25.92
26.035
26.05
26.095
26.225
26.195
26.025
25.915
25.915
26.025
26.015
25.965
25.725
26.095
26.015
26.175
26.145
25.915
25.835
25.855
25.875
25.755
25.725
25.885
25.925
25.895
25.855
25.275
25.605
25.485
25.495
25.465
25.525
25.645
25.615
25.505
25.555
25.385
25.295
25.265
25.295
25.355
25.255
25.125
25.205
25.265
25.245
25.275
25.295
25.135
25.075
25.015
25.015
25.045
25.025
24.965
24.855
24.835
24.725
24.615
24.635
24.615
24.405
24.395
24.405
24.445
24.615
24.615
24.575
24.455
24.405
24.595
24.565
24.575
24.635
24.685
24.875
24.645
24.59
24.785
24.815
24.695
24.715
24.775
24.685
24.625
24.635
24.705
24.645
24.515
24.115
24.205
24.165
24.125
24.105
24.165
24.155
24.195
24.145
24.155
24.185
24.155
24.265
24.21
24.235
24.23
24.245
24.265
24.225
24.245
24.275
24.395
24.665
24.815
24.755
24.825
24.835
24.765
24.675
24.725
24.755
24.795
24.865
24.845
24.825
24.975
24.785
24.745
24.765
24.835
24.875
24.915
25.045
24.805
24.515
24.575
24.505
24.455
24.445
24.555
24.465
24.295
24.305
24.235
24.205
24.235
24.055
24.045
24.055
24.065
24.025
23.985
23.915
23.905
24.025
24.155
24.115
24.195
24.135
24.075
24.155
24.025
23.915
23.975
24.055
24.065
24.035
23.975
23.935
23.905
23.895
23.945
23.955
23.925
23.915
23.875
23.945
23.945
23.925
23.965
24.025
23.965
23.875
23.865
23.855
23.775
23.825
23.855
23.765
23.925
23.975
23.905
23.985
24.135
24.115
24.225
24.405
24.295
24.305
24.335
24.285
24.225
23.975
23.915
23.895
23.785
23.735
23.735
23.725
23.735
23.935
24.025
24.095
24.035
23.99
23.975
24.195
24.275
24.095
24.085
24.165
24.255
24.185
24.225
24.435
24.535
24.585
24.575
24.575
24.535
24.545
24.715
24.825
24.785
24.725
24.695
24.735
24.595
24.745
24.725
24.725
24.755
24.735
24.725
24.385
24.315
24.275
24.275
24.435
24.315
24.465
24.515
24.275
24.335
24.265
24.275
24.255
24.235
24.305
25.005
25.115
25.275
25.235
25.365
25.435
25.205
25.305
25.395
25.445
25.445
25.525
25.515
25.695
25.485
25.625
25.575
25.585
25.615
25.665
25.725
25.835
25.995
25.875
25.855
25.885
25.955
25.905
26.065
26.065
26.075
26.135
26.085
26.065
26.095
25.955
26.035
26.055
26.035
25.935
26.045
26.055
26.095
26.215
26.245
26.275
26.235
26.245
26.425
26.745
26.625
26.715
26.745
26.825
26.805
26.805
26.685
26.545
26.595
26.715
26.835
26.895
26.685
26.685
26.645
26.665
26.635
26.525
26.585
26.575
26.485
26.575
26.565
26.555
26.705
26.615
26.685
26.915
26.915
26.855
26.855
26.745
26.615
26.695
26.855
26.665
26.575
26.455
26.475
26.475
26.525
26.545
26.675
26.755
26.915
26.795
26.855
26.765
26.415
26.475
26.385
26.385
26.475
26.565
26.935
27.15
27.205
27.265
27.455
27.495
27.595
27.225
27.135
27.125
27.085
27.125
27.125
26.985
27.055
27.275
27.015
27.075
27.125
27.095
27.125
26.765
27.035
27.065
27.205
27.295
27.475
27.485
27.265
27.765
27.875
27.945
27.995
27.915
27.755
27.855
27.925
28.035
28.025
28.065
28.08
28.095
27.885
27.705
27.825
27.675
27.575
27.475
27.285
27.285
27.635
27.995
28.015
27.985
27.845
27.865
27.415
27.395
27.645
27.495
27.475
27.485
27.445
27.595
27.035
27.095
26.905
26.975
27.025
27.195
26.955
27.155
27.165
27.305
27.135
27.035
26.915
26.665
26.685
26.745
26.555
26.725
26.705
26.935
26.405
26.635
26.395
26.495
26.535
26.275
26.105
25.665
25.795
25.545
25.555
25.935
25.665
25.515
25.095
24.825
25.075
24.975
25.005
24.525
24.615
24.675
24.815
24.675
24.885
24.775
24.645
24.735
24.855
24.355
24.185
24.595
24.745
24.945
24.385
24.695
24.885
24.855
24.885
25.075
25.145
25.215
25.065
25.025
25.095
25.135
25.155
25.185
25.165
25.315
25.525
25.195
25.355
25.315
25.425
25.415
25.235
25.515
25.505
25.295
25.135
25.295
25.465
25.325
25.635
25.365
25.235
25.065
25.125
25.145
24.705
24.405
24.475
24.895
24.795
24.91
24.785
24.575
24.545
24.285
24.285
24.215
24.035
24.095
24.425
24.205
23.915
24.045
24.085
23.975
24.095
24.055
24.505
24.455
24.625
24.615
24.535
24.625
24.475
24.655
24.425
24.575
24.725
24.715
24.825
24.935
24.835
24.785
24.665
24.635
24.585
24.575
24.625
24.805
25.135
25.315
25.285
25.235
25.195
25.465
25.685
25.605
25.625
25.655
25.755
25.805
25.845
26.075
26.175
26.215
26.255
26.285
26.385
26.345
26.595
26.655
26.595
26.585
26.515
26.515
26.475
26.515
26.435
26.435
26.35
26.365
26.285
25.845
25.865
25.795
25.885
25.875
25.775
25.755
25.305
25.205
25.275
25.295
25.265
25.355
25.285
25.735
25.735
25.865
25.855
25.925
25.985
25.995
26.075
26.595
26.575
26.435
26.255
26.275
26.34
26.165
26.015
25.685
25.65
25.625
25.615
25.635
25.635
25.715
25.655
25.485
25.425
25.335
25.565
25.905
25.965
25.845
25.955
26.065
26.14
26.045
26.165
25.925
26.245
26.285
26.305
26.445
26.755
26.555
26.685
26.845
26.9
26.875
26.985
26.945
27.02
27.105
27.075
27.195
27.225
27.225
27.235
26.695
26.785
26.795
26.8
26.835
26.965
27.275
27.335
27.365
27.445
27.405
27.275
27.255
27.055
26.995
26.515
26.485
26.595
26.57
26.545
26.345
25.515
25.305
25.175
25.145
25.055
24.985
24.775
24.895
24.835
25.115
24.935
24.905
24.895
25.105
25.295
24.875
25.165
25.195
24.965
25.065
25.245
25.795
25.595
25.615
25.685
25.755
25.815
25.675
26.105
25.985
25.985
26.035
25.88
25.815
25.805
25.915
25.915
25.795
25.745
25.515
25.245
25.305
25.255
25.345
25.2
25.265
25.185
25.115
25.055
24.985
25.135
25.015
24.955
24.835
24.765
24.595
24.455
24.56
24.685
24.825
24.745
24.645
24.91
25.275
25.505
25.925
25.755
25.975
26.115
25.735
25.895
26.025
26.225
26.285
26.225
26.395
26.145
26.285
26.485
26.345
26.315
26.295
26.415
26.485
26.615
26.725
26.775
26.805
26.815
26.825
26.655
26.845
26.955
26.965
26.965
26.975
26.925
26.965
27.085
27.135
27.165
27.135
27.265
27.275
27.205
26.685
26.895
26.925
26.995
27.06
27.095
27.065
27.215
27.315
27.085
27.045
27.225
27.185
27.195
27.235
27.045
27.155
27.085
27.015
26.975
26.975
26.865
27.065
26.995
27.055
27.105
27.155
27.295
27.425
27.255
27.345
27.33
27.345
27.055
27.095
27.255
26.705
26.645
26.555
26.925
26.915
27.105
27.065
27.115
27.055
27.095
26.925
26.995
27.045
27.075
27.175
27.315
27.295
27.275
27.295
27.075
27.165
27.035
27.015
27.075
27.065
26.905
26.965
26.975
26.665
26.195
26.365
26.395
26.535
26.605
27.015
26.905
26.91
27.115
27.16
27.365
27.325
27.085
26.885
26.905
26.825
26.945
26.915
26.975
26.855
26.945
26.895
26.785
26.755
26.795
26.675
25.975
26.235
26.225
25.995
26.095
26.155
26.075
26.085
25.905
26.055
25.985
25.805
25.865
26.11
26.205
26.265
26.405
26.455
26.485
26.495
26.485
26.315
26.045
26.085
26.095
26.145
26.28
26.21
26.275
26.335
26.215
26.135
26.185
26.495
26.675
27.005
26.875
26.795
26.855
26.895
27.135
27.145
26.655
26.585
26.675
26.625
26.535
26.175
26.085
26.425
26.285
26.225
26.195
26.365
26.295
26.295
26.725
26.835
27.035
26.965
26.985
27.015
26.985
26.865
26.905
26.875
26.735
26.715
26.725
26.735
26.625
26.525
26.435
26.735
26.775
26.815
26.885
26.485
26.325
26.445
26.435
26.455
26.485
26.255
26.025
25.925
25.895
25.795
25.685
25.545
25.535
25.41
25.235
25.415
25.345
25.435
25.375
25.315
25.245
25.045
25.015
24.965
25.015
25.045
25.175
24.925
24.865
24.675
24.765
24.915
24.815
24.785
24.685
24.51
24.525
24.515
24.665
24.515
24.565
24.445
24.515
24.515
24.375
24.795
24.915
24.855
24.785
24.885
24.815
24.775
24.805
24.915
24.905
24.925
24.865
24.925
24.985
25.315
25.405
25.425
25.495
25.385
25.455
25.385
25.555
25.375
25.275
25.315
25.345
25.315
25.345
25.605
25.375
25.265
25.285
25.235
25.255
25.245
25.695
25.705
25.765
25.695
25.755
25.665
25.685
25.845
25.715
25.695
25.675
25.735
25.705
25.715
25.685
25.395
25.455
25.495
25.535
25.545
25.615
25.535
25.495
25.625
25.595
25.545
25.555
25.535
25.595
25.735
25.845
25.795
25.825
25.855
25.765
25.455
25.325
25.435
25.435
25.435
25.415
25.435
25.825
25.955
25.895
25.985
25.965
25.975
25.755
25.795
25.705
25.615
25.665
25.675
25.675
25.685
25.685
25.675
25.675
25.685
25.695
25.695
25.695
25.735
26.085
26.115
25.955
25.995
25.935
25.935
26.015
25.905
25.795
25.815
25.765
25.675
25.485
25.955
26.035
25.985
25.985
26.035
26.005
25.995
26.145
25.995
25.685
25.485
25.515
25.615
25.635
25.765
25.645
25.705
25.745
25.735
25.795
25.795
25.835
25.785
25.945
25.965
25.965
25.975
25.965
25.985
26.055
26.055
26.095
26.075
26.085
26.075
26.145
25.965
25.955
25.965
25.865
25.895
25.775
25.995
25.955
25.915
25.985
25.995
25.965
26.005
26.005
26.025
26.115
26.055
26.075
25.965
26.005
