214.3699951171875
214.6199951171875
214.76409912109375
214.88999938964844
215.33999633789062
215.52999877929688
216.13999938964844
214.6750030517578
214.4949951171875
215.0500030517578
215.13999938964844
214.65989685058594
214.64999389648438
214.1999969482422
214.38999938964844
214.61000061035156
214.4600067138672
214.7823944091797
214.9600067138672
215.02000427246094
215.52999877929688
215.61239624023438
216.02670288085938
215.88259887695312
215.94000244140625
215.69970703125
215.94000244140625
215.50999450683594
216.02000427246094
216.35000610351562
217.3300018310547
217.36000061035156
217.4149932861328
218.1024932861328
217.11000061035156
218.9949951171875
218.80999755859375
218.4600067138672
218.52999877929688
218.7100067138672
218.72000122070312
219.02999877929688
219.59530639648438
219.4199981689453
219.02999877929688
219.13510131835938
218.8300018310547
218.5399932861328
218.4499969482422
219.64999389648438
219.89999389648438
220.4149932861328
220.57000732421875
220.7100067138672
220.49000549316406
220.9600067138672
220.5399932861328
220.4001007080078
220.78660583496094
221.0449981689453
220.49000549316406
219.9600067138672
220.10000610351562
220.82000732421875
220.74000549316406
220.8300018310547
220.39999389648438
220.66000366210938
219.83999633789062
220.1699981689453
221.49000549316406
221.09249877929688
221.14739990234375
221.23699951171875
221.6199951171875
221.6009063720703
222.3000030517578
222.94000244140625
222.33999633789062
222.75
222.74740600585938
222.77000427246094
222.8699951171875
223.41000366210938
223.17999267578125
223.57000732421875
223.67999267578125
223.25
222.99000549316406
223.47520446777344
223.33999633789062
224.8852996826172
224.5449981689453
224.4398956298828
224.88499450683594
224.52999877929688
223.83340454101562
223.86000061035156
223.98500061035156
223.30999755859375
223.9499969482422
223.77999877929688
224.27000427246094
224.50999450683594
224.52999877929688
224.66000366210938
224.5749969482422
223.27999877929688
223.0399932861328
221.91000366210938
222.91000366210938
222.69000244140625
218.779296875
218.03500366210938
218.97999572753906
219.02999877929688
219.17999267578125
218.4499969482422
218.0500030517578
220.25999450683594
221.11000061035156
221.52000427246094
221.2342071533203
221.55999755859375
221.94000244140625
221.4499969482422
221.41769409179688
222.0500030517578
222.3300018310547
222.52999877929688
222.6553955078125
222.3699951171875
221.72000122070312
221.11500549316406
220.69000244140625
220.4499969482422
220.33999633789062
221.0
221.85000610351562
222.58999633789062
220.80999755859375
219.8000030517578
220.39999389648438
219.72999572753906
219.52999877929688
218.92999267578125
218.97999572753906
222.83999633789062
222.3076934814453
222.30430603027344
221.83999633789062
222.0749969482422
222.60499572753906
222.3000030517578
225.9199981689453
226.52999877929688
227.05499267578125
226.8800048828125
227.2899932861328
227.7949981689453
227.4199981689453
227.72999572753906
227.7899932861328
227.94000244140625
227.60000610351562
227.85000610351562
228.3300018310547
228.25
228.8000030517578
229.86000061035156
229.91000366210938
229.8000030517578
229.89500427246094
229.60000610351562
230.1699981689453
229.3975067138672
230.14999389648438
230.3699951171875
230.07000732421875
228.8699951171875
228.9499969482422
229.16000366210938
230.40020751953125
230.64999389648438
230.4600067138672
230.67799377441406
230.8289031982422
231.5500030517578
231.9600067138672
233.69000244140625
233.66000366210938
233.00999450683594
233.30999755859375
232.22000122070312
231.88999938964844
231.97999572753906
233.1699981689453
233.91000366210938
234.0
233.91329956054688
233.86000061035156
234.0
234.2899932861328
233.4423065185547
234.27000427246094
234.44000244140625
234.36000061035156
234.48269653320312
234.19000244140625
233.94000244140625
234.32000732421875
234.6063995361328
234.0845947265625
233.88380432128906
234.0449981689453
233.9600067138672
234.55999755859375
233.75999450683594
233.6278076171875
233.80999755859375
234.39999389648438
234.80999755859375
234.90499877929688
234.72999572753906
236.6999969482422
237.1300048828125
237.10389709472656
237.1699981689453
237.25999450683594
237.10000610351562
236.97999572753906
236.4199981689453
234.02000427246094
232.83999633789062
233.9199981689453
234.2100067138672
234.4499969482422
234.72999572753906
232.0
231.95799255371094
231.5800018310547
230.69009399414062
229.85000610351562
229.6699981689453
230.3300018310547
222.82000732421875
222.58999633789062
221.38999938964844
221.52000427246094
222.2949981689453
222.8000030517578
221.3800048828125
220.61000061035156
219.0399932861328
219.2899932861328
218.30999755859375
215.3800048828125
215.9199981689453
215.4499969482422
219.14999389648438
219.85000610351562
217.47000122070312
217.5800018310547
216.36000061035156
216.83999633789062
216.42999267578125
209.25999450683594
210.98500061035156
212.7899932861328
212.1199951171875
211.00999450683594
208.6999969482422
205.55999755859375
199.36900329589844
203.3699951171875
204.3199005126953
203.72000122070312
202.07000732421875
201.3300018310547
206.69000244140625
206.95989990234375
211.1699981689453
211.73599243164062
210.99000549316406
211.02999877929688
212.2899932861328
216.52000427246094
217.08999633789062
212.69000244140625
214.0800018310547
211.625
209.58999633789062
212.24000549316406
209.6199951171875
214.24000549316406
213.8083038330078
213.88999938964844
215.67999267578125
216.0399932861328
216.75
218.19000244140625
214.2899932861328
216.0
213.4499969482422
212.5
211.3800048828125
210.44000244140625
211.5800018310547
207.72000122070312
206.49000549316406
204.75729370117188
206.25999450683594
204.7949981689453
204.32000732421875
208.08999633789062
197.5699005126953
198.41000366210938
199.17999267578125
197.5800018310547
195.0500030517578
196.61000061035156
193.6300048828125
200.0399932861328
194.91000366210938
196.9600067138672
198.22000122070312
197.4600067138672
201.13009643554688
204.27999877929688
198.6300048828125
197.16000366210938
198.0500030517578
196.7100067138672
194.66000366210938
194.2100067138672
195.27000427246094
184.0399932861328
182.24000549316406
181.11000061035156
185.40989685058594
181.46620178222656
179.33999633789062
177.1999969482422
185.24000549316406
180.5800018310547
180.36270141601562
184.5
181.9600067138672
184.52000427246094
194.0
177.3300018310547
184.2310028076172
181.13999938964844
179.3800048828125
177.80999755859375
177.0800018310547
169.69000244140625
174.6219940185547
178.99000549316406
180.52000427246094
177.96499633789062
181.94500732421875
179.13999938964844
182.00999450683594
177.8300018310547
174.1199951171875
174.91000366210938
170.11000061035156
167.72000122070312
169.1197052001953
176.35000610351562
179.6383056640625
181.6999969482422
178.5800018310547
179.5500030517578
181.02000427246094
181.4499969482422
177.74000549316406
181.25799560546875
179.39999389648438
175.2100067138672
177.125
175.49000549316406
174.5399932861328
170.66000366210938
171.0
166.47500610351562
168.63999938964844
171.13949584960938
170.41000366210938
167.8000030517578
170.61000061035156
181.05499267578125
180.88999938964844
182.97500610351562
180.74000549316406
179.8699951171875
182.59500122070312
183.7899932861328
181.66000366210938
183.1699981689453
185.39999389648438
187.5334930419922
187.3448944091797
187.0500030517578
182.11000061035156
187.0
188.38999938964844
188.8800048828125
187.61000061035156
188.77000427246094
189.63999938964844
192.1699981689453
185.847900390625
186.7899932861328
185.91000366210938
186.4499969482422
188.1031951904297
189.83999633789062
184.9499969482422
189.1199951171875
190.97999572753906
191.02000427246094
191.22500610351562
191.1300048828125
191.0500030517578
192.11000061035156
194.32000732421875
194.3470001220703
192.22999572753906
191.3300018310547
192.1699981689453
189.5
190.4340057373047
186.00999450683594
186.22999572753906
184.5
183.89999389648438
183.52499389648438
181.63999938964844
182.38800048828125
183.75
184.25999450683594
184.94000244140625
183.30999755859375
182.85000610351562
184.5
186.00999450683594
184.8000030517578
183.7899932861328
182.77999877929688
182.47999572753906
182.52999877929688
182.58999633789062
183.5
191.6300048828125
192.34500122070312
193.38999938964844
193.52000427246094
193.43499755859375
194.69000244140625
196.55999755859375
198.42999267578125
199.11000061035156
201.02000427246094
200.3800048828125
198.5500030517578
196.6300048828125
196.19000244140625
197.72999572753906
199.36000061035156
199.07179260253906
199.32000732421875
199.81500244140625
200.33999633789062
200.2899932861328
200.39999389648438
200.33999633789062
201.0301055908203
202.0050048828125
200.2899932861328
200.2100067138672
200.80999755859375
199.71499633789062
200.28500366210938
200.64999389648438
200.22000122070312
200.97999572753906
202.14990234375
203.0301971435547
209.94009399414062
209.02000427246094
210.68499755859375
211.14950561523438
211.95989990234375
211.72000122070312
211.85000610351562
208.17999267578125
208.63499450683594
208.80990600585938
209.3300018310547
210.33999633789062
209.97999572753906
209.4499969482422
211.41990661621094
213.63499450683594
211.64999389648438
211.67999267578125
211.97000122070312
212.5399932861328
213.33999633789062
214.60000610351562
212.9600067138672
213.08999633789062
213.16000366210938
212.92660522460938
213.7989044189453
215.22999572753906
214.5
215.22999572753906
215.13999938964844
214.68780517578125
213.77499389648438
213.58999633789062
212.64999389648438
208.39999389648438
204.2899932861328
204.7100067138672
206.3000030517578
207.3101043701172
206.13999938964844
204.77000427246094
209.25
209.61000061035156
209.91000366210938
210.75
211.17999267578125
211.56500244140625
211.0800018310547
213.63999938964844
213.9499969482422
213.8000030517578
211.52000427246094
211.61000061035156
211.09500122070312
210.5500030517578
210.7899932861328
210.74960327148438
211.77430725097656
211.82000732421875
212.82569885253906
213.5850067138672
214.05999755859375
215.9600067138672
216.19000244140625
215.5
215.0
214.9949951171875
215.375
215.33999633789062
214.1699981689453
213.19000244140625
212.3000030517578
213.0449981689453
213.60989379882812
212.92999267578125
211.50999450683594
217.9080047607422
217.77000427246094
218.40699768066406
218.39500427246094
218.41400146484375
219.7700958251953
218.75
219.69000244140625
218.92999267578125
217.72000122070312
218.07000732421875
218.16009521484375
218.8968963623047
219.4499969482422
215.50999450683594
214.3800048828125
212.50999450683594
212.19500732421875
213.10000610351562
212.89999389648438
212.63999938964844
213.3699951171875
213.44000244140625
213.86000061035156
212.82000732421875
213.5399932861328
214.77999877929688
215.22000122070312
218.32000732421875
218.9700927734375
219.10000610351562
219.3249053955078
220.02000427246094
218.41000366210938
217.66000366210938
219.4499053955078
220.0850067138672
220.14999389648438
220.49000549316406
220.1197052001953
220.22000122070312
218.9600067138672
221.34500122070312
221.44000244140625
222.3300018310547
222.42120361328125
221.88999938964844
221.8000030517578
221.89999389648438
224.11000061035156
224.0
224.60000610351562
224.21499633789062
223.99000549316406
224.36500549316406
224.7899932861328
225.4134979248047
225.97999572753906
226.42999267578125
227.16000366210938
227.02999877929688
227.36500549316406
226.64999389648438
226.5800018310547
227.35000610351562
227.47000122070312
226.1699981689453
226.3800048828125
224.88999938964844
222.1300048828125
224.0
221.66000366210938
218.55999755859375
218.33999633789062
218.25999450683594
217.78500366210938
219.35000610351562
216.08999633789062
217.86000061035156
218.03880310058594
219.61000061035156
219.3300018310547
220.6199951171875
221.85000610351562
220.2100067138672
219.30999755859375
220.8300018310547
221.72000122070312
222.3699951171875
222.5500030517578
223.23500061035156
226.77000427246094
227.6750030517578
227.64999389648438
228.47500610351562
227.89500427246094
227.7899932861328
227.5
228.99000549316406
229.44009399414062
228.97000122070312
229.4600067138672
229.38999938964844
228.85000610351562
226.74000549316406
230.74000549316406
231.60000610351562
230.9600067138672
230.5800018310547
230.4600067138672
231.33999633789062
231.39999389648438
230.58999633789062
228.99000549316406
229.8800048828125
229.6699981689453
229.86000061035156
229.42999267578125
228.8699951171875
228.85000610351562
228.2050018310547
228.6699981689453
229.5
229.55999755859375
229.08999633789062
229.60000610351562
232.4499969482422
231.0
230.6999969482422
231.47500610351562
230.85000610351562
230.02999877929688
229.14999389648438
226.7899932861328
225.86500549316406
226.7899932861328
227.8498992919922
228.75
229.5449981689453
230.27999877929688
231.20089721679688
231.57000732421875
232.27000427246094
233.30999755859375
232.38999938964844
231.0399932861328
229.82000732421875
229.58999633789062
229.82000732421875
230.0531005859375
230.3800048828125
231.51669311523438
232.1699981689453
233.57000732421875
233.47999572753906
233.0800018310547
233.6699981689453
234.35499572753906
234.0
234.22000122070312
234.17999267578125
234.47000122070312
232.5800018310547
233.4499969482422
234.1999969482422
234.44000244140625
234.33999633789062
235.64999389648438
236.1999969482422
236.36900329589844
235.82000732421875
236.35000610351562
236.52999877929688
237.0800018310547
236.67999267578125
237.3914031982422
235.5500030517578
235.86000061035156
235.02999877929688
235.68499755859375
234.36000061035156
234.97999572753906
238.17999267578125
239.39999389648438
239.8000030517578
240.1230010986328
239.9499969482422
240.17999267578125
239.5500030517578
238.6199951171875
239.7100067138672
239.22999572753906
239.86500549316406
240.9290008544922
240.68499755859375
241.5800018310547
241.67999267578125
243.16000366210938
243.27000427246094
243.84500122070312
243.28500366210938
243.9499969482422
243.17999267578125
244.94000244140625
245.53500366210938
245.82000732421875
245.60000610351562
247.52000427246094
247.7100067138672
246.2100067138672
242.39999389648438
241.6199951171875
238.6300048828125
238.02000427246094
236.9600067138672
234.6300048828125
234.0050048828125
238.0800018310547
236.47999572753906
234.4499969482422
233.56619262695312
233.8699951171875
235.77000427246094
234.0800018310547
234.75999450683594
236.0
236.60000610351562
239.14999389648438
238.07000732421875
238.64999389648438
243.97999572753906
242.2100067138672
242.4600067138672
243.25999450683594
242.77999877929688
242.13999938964844
242.9600067138672
243.25999450683594
244.0749969482422
244.4149932861328
245.32000732421875
245.0836944580078
243.61880493164062
243.5500030517578
243.25
244.12930297851562
243.82000732421875
243.86000061035156
243.5500030517578
243.41000366210938
244.25999450683594
246.77000427246094
246.1699981689453
243.7949981689453
243.7899932861328
242.7899932861328
244.46499633789062
244.14999389648438
245.11000061035156
245.1699981689453
246.1300048828125
246.10499572753906
246.32000732421875
245.85000610351562
246.77999877929688
249.19000244140625
250.11000061035156
250.36000061035156
250.85879516601562
250.45069885253906
249.11000061035156
248.72999572753906
246.97000122070312
244.4600067138672
243.75990295410156
243.7100067138672
244.1197967529297
244.1699981689453
243.75999450683594
243.9199981689453
243.77000427246094
244.49000549316406
244.125
243.72000122070312
245.4499969482422
246.05999755859375
242.27999877929688
242.2899932861328
241.83999633789062
242.4499969482422
241.42999267578125
241.0500030517578
240.0800018310547
240.08999633789062
241.27000427246094
241.94000244140625
241.73500061035156
241.77999877929688
241.38499450683594
242.77999877929688
244.58999633789062
245.6999969482422
246.25
245.61000061035156
245.94000244140625
246.51499938964844
247.25999450683594
249.02999877929688
248.9770050048828
250.04299926757812
250.05999755859375
250.44000244140625
251.0500946044922
250.4499969482422
252.85499572753906
252.2100067138672
253.4499969482422
253.60000610351562
253.58999633789062
253.11000061035156
252.10000610351562
256.9700012207031
258.70001220703125
257.7799987792969
257.92999267578125
257.1600036621094
257.760009765625
258.3699951171875
260.0
260.8599853515625
259.2900085449219
259.0899963378906
258.3222961425781
257.82000732421875
256.57000732421875
258.67999267578125
257.3360900878906
258.64990234375
258.4740905761719
258.4599914550781
259.3699951171875
259.9599914550781
261.3223876953125
258.7200012207031
260.0
261.0799865722656
261.70001220703125
261.3699951171875
262.05999755859375
261.489990234375
261.6300048828125
261.56988525390625
262.67999267578125
262.4992980957031
263.65008544921875
264.0400085449219
268.35101318359375
269.6499938964844
269.0899963378906
268.57000732421875
264.17999267578125
261.1023864746094
258.510009765625
255.44580078125
257.125
257.8599853515625
257.3064880371094
259.1400146484375
258.6700134277344
260.4100036621094
261.95001220703125
260.3900146484375
259.0299987792969
259.989990234375
261.0
260.6300048828125
260.7799987792969
257.30999755859375
256.5
257.0199890136719
258.875
259.1600036621094
259.260009765625
258.9800109863281
257.510009765625
258.9949951171875
258.9599914550781
258.9599914550781
259.489990234375
259.8999938964844
259.3800048828125
262.6499938964844
263.20001220703125
263.6499938964844
264.4599914550781
265.239990234375
266.57000732421875
266.80999755859375
265.9200134277344
265.4700012207031
264.89990234375
265.2799987792969
266.4100036621094
264.2699890136719
264.05999755859375
264.6199951171875
263.8699951171875
264.6300048828125
264.0199890136719
263.70001220703125
264.0299987792969
264.9200134277344
263.8450012207031
263.82000732421875
261.45001220703125
260.32000732421875
258.0299987792969
257.67999267578125
257.94000244140625
254.88999938964844
256.739990234375
255.4499969482422
254.5399932861328
256.4599914550781
254.88009643554688
255.4499969482422
258.19000244140625
257.1000061035156
257.80999755859375
258.92999267578125
259.70001220703125
260.3800048828125
260.1099853515625
258.9700012207031
259.1199951171875
259.0299987792969
259.3399963378906
258.8699951171875
257.57000732421875
256.75
259.0899963378906
259.57000732421875
258.92181396484375
259.2349853515625
259.4800109863281
259.8800048828125
259.8299865722656
257.5799865722656
258.94989013671875
260.6499938964844
261.1000061035156
260.7900085449219
261.6499938964844
261.1600036621094
261.9800109863281
263.7850036621094
262.6199951171875
262.5799865722656
262.19000244140625
264.4700012207031
265.82000732421875
268.8999938964844
269.3299865722656
269.5249938964844
269.3999938964844
269.7900085449219
269.3399963378906
269.30999755859375
269.739990234375
269.1000061035156
269.19000244140625
269.54998779296875
268.8999938964844
269.260009765625
270.42999267578125
271.239990234375
270.8949890136719
270.6549987792969
271.0299987792969
271.2099914550781
270.8999938964844
271.1099853515625
271.6300048828125
271.2200012207031
272.07000732421875
272.6698913574219
273.95001220703125
274.6300048828125
274.5849914550781
273.9100036621094
273.3299865722656
273.1499938964844
270.9599914550781
269.44000244140625
270.45001220703125
271.489990234375
269.9100036621094
268.6499938964844
268.6700134277344
270.6650085449219
270.08990478515625
269.6650085449219
270.2900085449219
268.3800048828125
269.9100036621094
269.9800109863281
269.9599914550781
268.15380859375
267.1400146484375
265.19000244140625
270.6199951171875
271.19000244140625
272.19000244140625
271.2900085449219
272.489990234375
272.1600036621094
271.9599914550781
273.8500061035156
274.19000244140625
274.3500061035156
273.38800048828125
272.489990234375
272.9100036621094
272.4798889160156
270.95001220703125
271.99591064453125
272.0199890136719
272.3800048828125
271.92999267578125
271.5
272.2200012207031
274.635009765625
274.760009765625
274.5299987792969
275.0199890136719
275.29998779296875
275.4949951171875
275.2699890136719
275.1600036621094
276.8500061035156
277.3100891113281
277.5299987792969
277.739990234375
278.1199951171875
277.9620056152344
277.7149963378906
278.2860107421875
278.6099853515625
278.57000732421875
276.6300048828125
276.69000244140625
276.1400146484375
277.260009765625
278.0400085449219
278.2900085449219
278.5
279.2650146484375
279.6449890136719
279.8800048828125
281.1217041015625
281.5
281.5
281.19000244140625
281.5299987792969
281.989990234375
281.8399963378906
283.7900085449219
281.989990234375
283.3288879394531
283.19000244140625
282.8500061035156
282.79998779296875
283.6099853515625
283.3349914550781
284.5799865722656
284.2701110839844
284.8197021484375
285.1000061035156
285.69000244140625
285.80999755859375
288.010009765625
289.30999755859375
291.3016052246094
290.8800048828125
291.8900146484375
291.5400085449219
291.9100036621094
292.6600036621094
292.80999755859375
291.6199951171875
290.8599853515625
292.260009765625
292.1098937988281
290.989990234375
292.8599853515625
292.67999267578125
292.2099914550781
291.07000732421875
291.9054870605469
292.2699890136719
292.5199890136719
293.9700012207031
293.8999938964844
295.010009765625
295.67999267578125
296.1400146484375
296.07000732421875
294.989990234375
299.30999755859375
298.2799987792969
298.63580322265625
298.95989990234375
299.4700012207031
299.2300109863281
299.8900146484375
301.1400146484375
299.2699890136719
300.4200134277344
302.1499938964844
301.9700012207031
302.7358093261719
302.7300109863281
294.2099914550781
289.2300109863281
288.70001220703125
289.0950012207031
287.6476135253906
284.5299987792969
287.2300109863281
277.07000732421875
275.3599853515625
281.25
278.25
281.2900085449219
286.2300109863281
283.4999084472656
277.4599914550781
275.2699890136719
273.8299865722656
274.20001220703125
272.79998779296875
272.20001220703125
270.0
276.8599853515625
277.3699951171875
278.239990234375
279.0400085449219
278.0299987792969
279.64990234375
277.7900085449219
280.9849853515625
280.1199951171875
277.92999267578125
277.3804016113281
271.91448974609375
271.8500061035156
272.19000244140625
273.277587890625
272.6600036621094
271.45001220703125
267.6600036621094
268.510009765625
270.8399963378906
270.45001220703125
277.07000732421875
276.7900085449219
275.6300964355469
274.20001220703125
274.6099853515625
274.79998779296875
275.1099853515625
278.989990234375
279.4200134277344
279.8900146484375
279.9599914550781
279.1554870605469
278.7099914550781
279.04998779296875
278.79998779296875
278.8450012207031
277.8800048828125
276.7850036621094
278.5400085449219
275.510009765625
274.44000244140625
269.6300048828125
271.17999267578125
267.8699951171875
268.45001220703125
268.1700134277344
268.1099853515625
270.3399963378906
269.89898681640625
267.5899963378906
266.5
263.3500061035156
265.4700927734375
266.8500061035156
266.7099914550781
261.2449951171875
261.9100036621094
264.5400085449219
264.99798583984375
263.74310302734375
265.2550048828125
267.5400085449219
269.3900146484375
268.1600036621094
269.6011047363281
270.1600036621094
271.30999755859375
272.1499938964844
272.45001220703125
270.2200012207031
269.5979919433594
268.5150146484375
268.5899963378906
265.75
264.82000732421875
264.07000732421875
264.67999267578125
266.1499938964844
266.9700012207031
267.9599914550781
266.19000244140625
264.2250061035156
265.4200134277344
266.8900146484375
268.7099914550781
268.30010986328125
268.9800109863281
270.4599914550781
271.8900146484375
271.6400146484375
275.5400085449219
275.3599853515625
274.32000732421875
275.75
276.010009765625
276.739990234375
277.0299987792969
277.0
276.81500244140625
276.17999267578125
276.2799987792969
276.760009765625
276.17999267578125
275.8599853515625
279.3900146484375
279.7799987792969
280.3299865722656
279.19000244140625
279.9100036621094
277.55499267578125
278.07000732421875
280.5899963378906
281.3800048828125
281.07000732421875
281.55010986328125
281.6199951171875
281.67999267578125
282.25
279.7200012207031
277.4960021972656
276.42999267578125
276.07598876953125
275.70001220703125
275.3586120605469
274.3599853515625
278.30999755859375
278.8800048828125
279.260009765625
278.989990234375
278.1000061035156
280.2799987792969
280.32000732421875
280.1199951171875
278.1499938964844
278.8599853515625
279.260009765625
280.0299987792969
276.3445129394531
275.1499938964844
277.6099853515625
278.8299865722656
278.55419921875
279.8399963378906
280.489990234375
280.30999755859375
280.1099853515625
280.70001220703125
281.2699890136719
281.7300109863281
281.1600036621094
281.3219909667969
281.3399963378906
281.4700012207031
283.75
284.510009765625
284.82000732421875
285.010009765625
284.9100036621094
285.4100036621094
285.7099914550781
290.67999267578125
292.8399963378906
294.7300109863281
295.8599853515625
297.3699951171875
295.4800109863281
294.5199890136719
295.0299987792969
296.385009765625
295.3500061035156
295.1300048828125
293.760009765625
295.8599853515625
294.42999267578125
293.94000244140625
294.0199890136719
291.07000732421875
291.05999755859375
291.9200134277344
292.7099914550781
292.0799865722656
287.67999267578125
288.32000732421875
287.6000061035156
287.552490234375
289.07000732421875
290.3699951171875
290.0199890136719
293.0899963378906
290.4200134277344
290.8299865722656
291.131591796875
291.1600036621094
290.3699951171875
288.45001220703125
289.44000244140625
287.8500061035156
287.0400085449219
287.4014892578125
286.55999755859375
283.510009765625
283.6700134277344
284.909912109375
284.1400146484375
285.17999267578125
286.92999267578125
286.5519104003906
285.0899963378906
284.5
286.4849853515625
284.6300048828125
285.30999755859375
285.0
285.8500061035156
286.2471923828125
284.19000244140625
282.7200012207031
283.0899963378906
282.4971923828125
284.0079040527344
284.2099914550781
284.5199890136719
284.260009765625
283.19000244140625
282.8399963378906
282.57000732421875
283.5799865722656
284.0199890136719
283.989990234375
284.8900146484375
283.510009765625
280.30999755859375
280.2099914550781
277.34698486328125
279.21990966796875
279.5299987792969
280.4100036621094
280.57000732421875
281.95001220703125
282.0199890136719
282.4100036621094
282.375
282.70001220703125
282.6000061035156
273.97601318359375
273.7300109863281
274.0199890136719
273.2528076171875
274.17999267578125
274.20001220703125
271.6700134277344
275.614990234375
276.24261474609375
275.8299865722656
277.17999267578125
279.2699890136719
278.53009033203125
276.2300109863281
269.94000244140625
268.5199890136719
270.6199951171875
268.67999267578125
267.739990234375
267.739990234375
269.739990234375
272.42999267578125
270.19000244140625
270.2699890136719
268.3299865722656
268.3800048828125
269.25
270.0199890136719
275.71820068359375
275.87701416015625
276.2200012207031
275.2742919921875
274.4599914550781
275.5181884765625
274.6499938964844
286.8999938964844
286.6300048828125
288.2372131347656
287.5299987792969
287.54998779296875
286.3900146484375
286.8900146484375
293.1700134277344
294.1448059082031
292.5299987792969
293.82000732421875
294.6300048828125
294.70001220703125
294.3100891113281
292.5586853027344
293.5
293.54998779296875
294.91259765625
294.5199890136719
294.1099853515625
294.6700134277344
298.29998779296875
297.239990234375
295.5400085449219
294.9590148925781
292.83599853515625
291.8299865722656
288.45001220703125
282.07501220703125
284.3399963378906
285.15399169921875
283.510009765625
282.8699951171875
284.18499755859375
283.4800109863281
288.42498779296875
288.3599853515625
289.3800048828125
289.260009765625
289.3800048828125
289.0830993652344
289.8399963378906
290.94000244140625
290.6400146484375
289.3846130371094
287.8800048828125
288.4399108886719
287.8900146484375
288.4100036621094
289.52099609375
288.9700012207031
289.7149963378906
289.8699951171875
289.8299865722656
290.6499938964844
291.07000732421875
292.6099853515625
292.5899963378906
292.1199951171875
291.3699951171875
292.31201171875
292.05499267578125
293.0400085449219
292.5979919433594
292.2799987792969
292.8450012207031
293.5989990234375
293.0899963378906
292.1499938964844
292.1300048828125
291.6000061035156
291.8800048828125
292.9800109863281
292.3450012207031
291.635009765625
292.489990234375
290.0899963378906
290.5199890136719
291.4200134277344
291.2799987792969
291.19000244140625
291.6700134277344
292.21990966796875
292.2300109863281
292.3778991699219
292.7099914550781
292.54998779296875
292.55999755859375
292.4429931640625
291.32501220703125
290.3699951171875
289.8599853515625
288.6400146484375
289.6199951171875
290.283203125
289.80999755859375
290.8299865722656
290.3500061035156
290.5899963378906
293.0979919433594
293.3599853515625
293.760009765625
294.1000061035156
294.5899963378906
294.5199890136719
294.9800109863281
295.4599914550781
295.5400085449219
295.8900146484375
296.0126037597656
296.7099914550781
296.4200134277344
299.67999267578125
299.67999267578125
298.5989074707031
299.25
297.75
296.4599914550781
297.8399963378906
298.0599060058594
298.8500061035156
298.8399963378906
299.3800048828125
302.5398864746094
303.1600036621094
304.2900085449219
304.7099914550781
304.5400085449219
303.6000061035156
303.6600036621094
302.8599853515625
303.3200988769531
303.7900085449219
303.4801025390625
303.6199951171875
303.364990234375
303.8399963378906
305.3100891113281
304.6600036621094
304.7300109863281
304.7749938964844
304.3500061035156
305.04998779296875
304.2200012207031
304.29998779296875
305.1600036621094
305.1789855957031
305.27679443359375
304.7900085449219
305.0899963378906
305.6099853515625
307.0599060058594
307.3500061035156
307.0299987792969
306.4800109863281
306.760009765625
306.95001220703125
307.2699890136719
305.3999938964844
306.4200134277344
307.010009765625
307.79998779296875
308.5400085449219
308.3399963378906
308.2200012207031
307.6000061035156
307.32000732421875
306.1400146484375
303.260009765625
302.6299133300781
300.2699890136719
301.4200134277344
302.2699890136719
303.3500061035156
302.2349853515625
302.7300109863281
301.8301086425781
302.510009765625
302.42999267578125
301.19000244140625
299.6809997558594
299.0199890136719
299.885009765625
300.9573974609375
301.5
301.92999267578125
305.7699890136719
305.5415954589844
305.3418884277344
304.5799865722656
305.3200988769531
305.25
303.8399963378906
306.06689453125
304.6400146484375
305.5010070800781
305.94500732421875
306.3299865722656
306.95001220703125
307.25
307.6000061035156
308.1400146484375
308.44140625
308.1499938964844
308.0299987792969
309.4750061035156
309.0
310.6318054199219
310.36871337890625
310.1807861328125
310.3349914550781
310.47900390625
310.19000244140625
310.989990234375
310.1300048828125
309.55999755859375
310.1499938964844
309.8399963378906
309.20001220703125
308.25
309.8500061035156
304.67999267578125
305.6300048828125
307.5799865722656
308.70001220703125
309.139892578125
308.5799865722656
309.0199890136719
309.5758972167969
308.989990234375
308.4800109863281
309.25
309.6799011230469
309.1300048828125
309.7300109863281
309.0299987792969
308.7699890136719
309.5199890136719
309.9800109863281
309.70001220703125
309.2950134277344
308.1600036621094
309.69500732421875
308.7900085449219
309.1300048828125
309.3999938964844
311.0010070800781
312.3299865722656
312.6600036621094
312.8399963378906
312.97821044921875
312.8081970214844
312.6600036621094
313.1000061035156
313.6000061035156
312.8500061035156
313.14599609375
312.5899963378906
313.2445068359375
312.8999938964844
313.260009765625
313.20001220703125
313.4200134277344
313.3399963378906
313.20001220703125
312.75
312.8800048828125
312.989990234375
312.7699890136719
312.385009765625
312.4200134277344
312.5899963378906
312.8800048828125
313.6050109863281
313.8192138671875
310.0
307.0400085449219
308.4100036621094
308.2300109863281
308.32000732421875
309.2200012207031
310.6099853515625
310.2900085449219
309.80499267578125
310.19000244140625
311.6199951171875
310.9880065917969
311.7872009277344
309.6000061035156
311.2799987792969
311.3800048828125
310.70001220703125
309.239990234375
308.4849853515625
307.5400085449219
313.760009765625
314.3599853515625
313.8550109863281
314.26031494140625
314.6199951171875
315.5199890136719
315.04998779296875
315.8399963378906
317.54998779296875
317.9800109863281
316.6700134277344
317.45989990234375
318.2200012207031
319.1099853515625
316.6300048828125
316.3900146484375
316.739990234375
316.1310119628906
314.8299865722656
313.7900085449219
314.30999755859375
314.3533020019531
314.4800109863281
312.3500061035156
313.80999755859375
313.8900146484375
313.8599853515625
314.010009765625
315.1400146484375
316.1700134277344
315.9200134277344
316.32000732421875
316.69000244140625
315.909912109375
316.0
316.9200134277344
316.7799987792969
316.1700134277344
315.6199951171875
315.6400146484375
314.6886901855469
314.25
311.7300109863281
313.2749938964844
312.6238098144531
313.6700134277344
313.07501220703125
312.5098876953125
311.8999938964844
313.94000244140625
313.5899963378906
314.8299865722656
316.0010070800781
316.3550109863281
316.5199890136719
316.44000244140625
322.4198913574219
322.7099914550781
322.9599914550781
323.54998779296875
324.06500244140625
324.3500061035156
323.7650146484375
325.69000244140625
325.989990234375
325.0
325.9309997558594
326.3900146484375
326.62860107421875
326.510009765625
325.30999755859375
325.2699890136719
325.8894958496094
325.69500732421875
325.79998779296875
326.239990234375
325.4700012207031
329.38720703125
324.8500061035156
324.9549865722656
327.5400085449219
327.3599853515625
326.55999755859375
328.3699035644531
328.6400146484375
328.5320129394531
328.7799987792969
328.92999267578125
328.9599914550781
329.0710144042969
328.6000061035156
325.4100036621094
323.80999755859375
324.2349853515625
324.32000732421875
321.95001220703125
318.6300048828125
319.7699890136719
322.6050109863281
323.5199890136719
325.5010986328125
325.6700134277344
325.2799987792969
323.1199951171875
321.4700012207031
320.3399963378906
316.7250061035156
315.52801513671875
315.2799987792969
315.20001220703125
316.29998779296875
314.69000244140625
318.8500061035156
320.6300048828125
322.7200012207031
323.0082092285156
323.1099853515625
322.9049987792969
322.4800109863281
326.239990234375
327.32000732421875
328.0820007324219
327.5799865722656
328.32000732421875
328.54998779296875
327.760009765625
326.55999755859375
327.3299865722656
328.3900146484375
328.43719482421875
328.7200012207031
326.9700012207031
326.3299865722656
327.010009765625
327.7369079589844
328.30999755859375
329.04998779296875
328.9599914550781
329.45001220703125
330.32000732421875
330.19500732421875
330.1700134277344
331.4800109863281
331.8900146484375
331.6400146484375
330.7799987792969
331.4100036621094
332.6300048828125
332.43719482421875
332.6112976074219
332.5216979980469
332.1789855957031
332.625
333.5899963378906
334.29998779296875
333.3800048828125
333.8291015625
333.33990478515625
333.8299865722656
333.7349853515625
333.489990234375
331.760009765625
331.4028015136719
331.989990234375
332.45001220703125
333.19000244140625
333.0379943847656
332.7300109863281
334.04998779296875
334.4800109863281
332.7099914550781
333.9800109863281
333.1520080566406
334.0400085449219
334.5799865722656
333.6300048828125
334.989990234375
334.9200134277344
334.6449890136719
334.6300048828125
335.12750244140625
336.4549865722656
337.9100036621094
336.0
335.80999755859375
336.1159973144531
336.19989013671875
335.6400146484375
335.4997863769531
331.62908935546875
331.0
331.9800109863281
333.1400146484375
332.62200927734375
333.6112976074219
333.9599914550781
329.0150146484375
330.2420959472656
330.6199951171875
331.54998779296875
331.8987121582031
332.80999755859375
332.44000244140625
332.8599853515625
333.79998779296875
331.9100036621094
330.8479919433594
330.510009765625
331.4599914550781
331.0400085449219
325.6889953613281
325.010009765625
324.1449890136719
325.79998779296875
325.5400085449219
323.1400146484375
322.44000244140625
317.5700988769531
317.67999267578125
317.0199890136719
318.010009765625
319.010009765625
323.0105895996094
321.5199890136719
318.94000244140625
320.8699951171875
322.5799865722656
322.6000061035156
322.7499084472656
323.63720703125
324.1400146484375
320.6861877441406
319.4140930175781
315.6499938964844
315.4700012207031
317.30499267578125
312.760009765625
312.739990234375
311.1199951171875
315.29998779296875
318.05499267578125
318.1700134277344
315.7681884765625
316.0400085449219
314.3699951171875
320.2900085449219
321.3999938964844
322.0799865722656
321.82000732421875
323.0799865722656
323.54998779296875
323.6300048828125
320.7699890136719
320.7200012207031
320.77978515625
321.4599914550781
320.30999755859375
319.7300109863281
318.3727111816406
313.260009765625
316.07000732421875
313.614990234375
313.28839111328125
309.885009765625
310.1099853515625
309.17010498046875
307.1600036621094
309.82000732421875
307.3900146484375
304.69000244140625
303.9800109863281
303.8800048828125
304.0899963378906
301.2799987792969
298.25
303.6000061035156
307.07000732421875
307.0400085449219
308.55999755859375
308.739990234375
309.2550048828125
307.92999267578125
306.3299865722656
306.2300109863281
304.260009765625
300.94000244140625
299.9100036621094
310.8699951171875
310.7300109863281
311.7349853515625
312.7699890136719
312.29998779296875
313.2900085449219
311.8299865722656
312.0090026855469
313.0126037597656
311.7200012207031
312.20001220703125
311.5199890136719
311.4700012207031
310.9200134277344
315.7900085449219
318.2349853515625
318.7950134277344
319.09820556640625
319.0
319.0350036621094
318.1300048828125
312.2799987792969
313.0199890136719
314.6600036621094
314.54901123046875
314.17999267578125
314.7900085449219
315.4800109863281
315.42999267578125
314.9200134277344
315.6199951171875
316.0299987792969
317.44000244140625
317.1499938964844
318.8699951171875
323.5
323.79998779296875
321.67999267578125
322.57818603515625
319.8599853515625
320.9295959472656
320.6199951171875
318.4700012207031
317.42999267578125
317.55999755859375
317.4800109863281
319.260986328125
322.510009765625
321.989990234375
316.31500244140625
316.67498779296875
317.20001220703125
316.4700012207031
314.6199951171875
313.57000732421875
312.010009765625
311.8999938964844
312.5
313.614990234375
314.30999755859375
313.95001220703125
313.5899963378906
313.42999267578125
317.3800048828125
318.7799987792969
320.1600036621094
319.80999755859375
320.260009765625
319.29998779296875
318.67999267578125
319.489990234375
320.5849914550781
319.2799987792969
319.8399963378906
319.6300048828125
317.1600036621094
317.0199890136719
315.57000732421875
317.6199951171875
316.4100036621094
314.92999267578125
314.7049865722656
313.5400085449219
311.7699890136719
310.6300048828125
308.760009765625
311.2200012207031
310.4599914550781
308.6000061035156
311.3900146484375
311.32000732421875
312.6700134277344
311.3699951171875
312.8599853515625
313.489990234375
310.9549865722656
313.1918029785156
316.010009765625
312.9100036621094
314.010009765625
314.1499938964844
316.039306640625
315.17999267578125
315.8699951171875
315.8399963378906
312.65179443359375
313.9100036621094
313.4999084472656
313.8999938964844
313.31500244140625
314.42999267578125
314.4100036621094
318.739990234375
319.3699951171875
320.1050109863281
320.5325012207031
319.7200012207031
319.989990234375
319.0299987792969
324.3681945800781
323.9429931640625
324.130615234375
323.260009765625
324.1499938964844
323.8467102050781
324.55999755859375
329.4200134277344
329.7049865722656
330.6610107421875
331.0199890136719
331.3800048828125
330.9700012207031
331.0899963378906
331.2300109863281
332.2900085449219
331.8656005859375
330.4200134277344
331.6700134277344
331.46990966796875
330.7799987792969
331.9100036621094
331.37249755859375
330.69000244140625
330.8450012207031
332.1650085449219
331.19171142578125
331.6199951171875
334.07000732421875
334.6199951171875
334.7099914550781
334.57501220703125
335.0400085449219
334.6400146484375
335.1300048828125
334.3900146484375
334.5150146484375
335.3999938964844
335.7300109863281
335.72198486328125
336.2900085449219
337.1199951171875
335.8599853515625
336.0010070800781
336.2699890136719
336.614990234375
336.375
336.1499938964844
336.67999267578125
339.4200134277344
339.07000732421875
339.08819580078125
339.6300048828125
339.885009765625
341.0260009765625
340.6300048828125
339.32000732421875
338.3299865722656
338.57000732421875
338.5400085449219
337.6549987792969
337.07000732421875
336.4700012207031
340.92999267578125
340.4750061035156
340.6600036621094
341.30999755859375
341.5400085449219
340.8500061035156
341.5899963378906
341.1700134277344
341.0199890136719
341.9408874511719
341.4599914550781
341.7690124511719
341.92999267578125
342.0
339.5199890136719
339.3900146484375
337.7627868652344
338.0849914550781
338.54998779296875
337.9100036621094
338.8800048828125
338.3900146484375
335.2200012207031
336.19000244140625
335.0899963378906
335.6199951171875
336.0199890136719
336.30999755859375
336.79998779296875
337.54998779296875
337.6600036621094
337.760009765625
337.8900146484375
338.1400146484375
339.29998779296875
339.1099853515625
338.9551086425781
339.4599914550781
337.6409912109375
335.8599853515625
334.8599853515625
335.19000244140625
337.20001220703125
339.0299987792969
339.3599853515625
339.989990234375
339.9849853515625
340.3800048828125
339.4200134277344
340.15008544921875
340.7698059082031
340.5400085449219
340.6400146484375
341.385009765625
341.1600036621094
341.6300048828125
340.30499267578125
340.19000244140625
340.5899963378906
340.3500061035156
340.44500732421875
340.3599853515625
340.07000732421875
340.0400085449219
339.2300109863281
339.04998779296875
339.3949890136719
339.2749938964844
339.6499938964844
338.75
339.95001220703125
339.5199890136719
337.6597900390625
339.05999755859375
339.781005859375
340.0199890136719
340.2149963378906
339.989990234375
338.0899963378906
338.9200134277344
338.7099914550781
337.9200134277344
338.1199951171875
337.8800048828125
339.4599914550781
335.9800109863281
336.2627868652344
335.9309997558594
336.65008544921875
336.3699951171875
336.1319885253906
330.2101135253906
327.8949890136719
327.7200012207031
327.89898681640625
327.94000244140625
328.42718505859375
330.12188720703125
331.1099853515625
331.3399963378906
331.69000244140625
331.1214904785156
330.54998779296875
328.6000061035156
329.0
327.17999267578125
328.9800109863281
331.127197265625
329.8890075683594
328.55999755859375
329.7510070800781
331.5400085449219
335.8900146484375
336.25
335.04998779296875
333.7349853515625
334.135009765625
334.70330810546875
334.1600036621094
329.5
329.0032043457031
329.6099853515625
329.05999755859375
326.55999755859375
326.5799865722656
325.6199951171875
321.0899963378906
324.510009765625
324.20001220703125
325.5400085449219
326.05999755859375
325.6400146484375
325.30999755859375
319.5799865722656
318.7200012207031
317.5299987792969
317.7699890136719
317.54998779296875
317.010009765625
316.9700012207031
321.3299865722656
319.2650146484375
320.0199890136719
318.07000732421875
319.9599914550781
320.29998779296875
319.368408203125
324.010009765625
325.04998779296875
325.5199890136719
325.8699951171875
326.19000244140625
326.760009765625
326.3500061035156
323.7799987792969
323.3800048828125
323.010009765625
322.2900085449219
322.57000732421875
323.16009521484375
324.44000244140625
326.30999755859375
326.07000732421875
325.92999267578125
325.9100036621094
324.45001220703125
324.1499938964844
322.1499938964844
319.260009765625
320.0610046386719
320.8399963378906
321.4700012207031
322.3699951171875
322.1400146484375
322.6199951171875
327.239990234375
328.42999267578125
328.2799987792969
328.9200134277344
329.010009765625
329.7049865722656
328.8599853515625
328.7099914550781
327.70001220703125
327.3699951171875
327.5201110839844
327.4700012207031
327.8949890136719
326.9599914550781
332.398193359375
332.6499938964844
332.510009765625
332.8699951171875
333.2349853515625
333.2799987792969
332.5299987792969
333.30999755859375
332.3894958496094
332.6000061035156
332.9200134277344
332.4798889160156
332.80999755859375
332.9700012207031
333.9400939941406
334.0299987792969
334.385009765625
334.125
334.1199951171875
334.05999755859375
334.04998779296875
333.9200134277344
333.80999755859375
334.1090087890625
333.9800109863281
333.2349853515625
332.989990234375
332.8900146484375
333.9800109863281
334.6400146484375
335.260009765625
334.6000061035156
334.7200012207031
334.5899963378906
333.78009033203125
333.1700134277344
332.7909851074219
333.1300048828125
332.8500061035156
333.2749938964844
333.29998779296875
332.82000732421875
334.0257873535156
333.9700012207031
333.1700134277344
332.3699951171875
332.3699951171875
332.5899963378906
333.4200134277344
329.5899963378906
330.8699951171875
330.5299987792969
331.3900146484375
330.3190002441406
330.3599853515625
329.8699951171875
334.6300048828125
335.6000061035156
335.3900146484375
335.45001220703125
335.8299865722656
335.6499938964844
335.69000244140625
334.92999267578125
334.6400146484375
335.3999938964844
335.25
335.44610595703125
336.4800109863281
336.510009765625
337.1400146484375
335.7200012207031
336.510009765625
336.4193115234375
336.70001220703125
336.93499755859375
336.6400146484375
337.8399963378906
337.70001220703125
337.8515930175781
338.0950012207031
337.9750061035156
336.9549865722656
336.8599853515625
339.7300109863281
339.0299987792969
339.281005859375
339.77801513671875
339.90008544921875
340.0398864746094
340.3599853515625
340.82000732421875
340.6400146484375
340.17999267578125
340.31500244140625
340.7900085449219
340.5950012207031
341.19000244140625
341.4800109863281
342.2650146484375
342.5299987792969
342.59161376953125
342.7120056152344
343.1499938964844
344.489990234375
342.9798889160156
342.7300109863281
343.0299987792969
342.2699890136719
342.0799865722656
341.875
342.19000244140625
343.5199890136719
342.75
341.3699951171875
341.93499755859375
339.6600036621094
341.4200134277344
340.9599914550781
343.760009765625
345.45001220703125
343.3699951171875
345.5299987792969
345.8900146484375
346.05999755859375
345.3399963378906
344.18499755859375
341.9599914550781
343.7807922363281
343.3500061035156
343.489990234375
343.4599914550781
342.6199951171875
342.1401062011719
343.7699890136719
343.95001220703125
343.8999938964844
344.4606018066406
343.8699951171875
344.2998962402344
345.31719970703125
346.2799987792969
346.80999755859375
346.5094909667969
346.56500244140625
347.9100036621094
347.5299987792969
348.5596008300781
347.8299865722656
347.97900390625
348.1000061035156
347.7300109863281
348.3399963378906
347.6600036621094
351.0299987792969
350.8399963378906
351.07000732421875
350.04998779296875
350.32000732421875
349.6000061035156
349.8599853515625
350.1600036621094
349.8399963378906
349.1300048828125
349.4179992675781
349.4599914550781
349.5199890136719
349.489990234375
352.5
352.7200012207031
353.05999755859375
352.3800048828125
352.6400146484375
353.6300048828125
353.69000244140625
353.3500061035156
353.7300109863281
354.5299987792969
354.3599853515625
354.6000061035156
354.7699890136719
354.9599914550781
354.67498779296875
354.55999755859375
354.0450134277344
354.42999267578125
354.2550048828125
354.70001220703125
354.42999267578125
354.20001220703125
353.20001220703125
353.739990234375
353.4750061035156
354.22369384765625
354.2699890136719
354.5899963378906
356.9898986816406
356.7099914550781
357.510009765625
357.7900085449219
358.197998046875
358.3900146484375
358.6700134277344
359.92999267578125
359.239990234375
357.3999938964844
358.7200012207031
359.4800109863281
360.1025085449219
360.1600036621094
360.4700012207031
359.92999267578125
360.6199951171875
360.531005859375
361.0600891113281
360.7698974609375
360.8299865722656
356.92999267578125
356.95001220703125
358.1700134277344
359.2200012207031
358.3900146484375
358.1610107421875
358.8599853515625
358.760009765625
360.6700134277344
360.9599914550781
360.885009765625
360.8998107910156
361.0830078125
361.0
361.5235900878906
361.4200134277344
361.79998779296875
361.55999755859375
362.0797119140625
362.260009765625
362.4200134277344
364.4700012207031
365.3500061035156
365.0409851074219
363.2900085449219
363.2914123535156
362.54998779296875
362.3599853515625
364.4599914550781
363.4800109863281
363.739990234375
363.1409912109375
363.9599914550781
363.2799987792969
362.989990234375
360.82000732421875
361.1300048828125
360.135009765625
359.6499938964844
359.57000732421875
359.95001220703125
360.44000244140625
359.2900085449219
358.5199890136719
359.69000244140625
359.7300109863281
358.8299865722656
357.8699951171875
357.6000061035156
353.5899963378906
354.16009521484375
353.6700134277344
352.44000244140625
353.7200012207031
352.5
354.6499938964844
355.6400146484375
357.3500061035156
358.55999755859375
358.7897033691406
359.7699890136719
360.1050109863281
358.739990234375
359.5799865722656
360.1300048828125
360.0199890136719
360.04998779296875
360.19000244140625
360.6000061035156
361.4599914550781
363.33099365234375
363.0682067871094
362.6300048828125
363.31500244140625
363.6099853515625
363.8900146484375
363.94000244140625
365.55999755859375
367.0450134277344
367.2900085449219
368.1357116699219
368.2699890136719
367.9299011230469
368.07000732421875
367.8900146484375
368.20001220703125
368.2699890136719
368.4800109863281
368.1650085449219
368.6098937988281
368.4700012207031
365.29998779296875
362.5061950683594
362.1499938964844
360.7225036621094
362.4949951171875
363.5
364.4599914550781
366.9200134277344
366.010009765625
366.0799865722656
364.81500244140625
365.6400146484375
366.3599853515625
365.80999755859375
367.2099914550781
367.30999755859375
367.3349914550781
367.1600036621094
366.9949951171875
366.45001220703125
366.489990234375
364.25
364.1199951171875
364.45001220703125
364.68499755859375
364.2749938964844
364.3900146484375
364.5199890136719
365.875
366.69000244140625
365.2561950683594
365.69000244140625
365.3599853515625
364.6300964355469
364.5199890136719
364.0299987792969
362.95001220703125
365.32000732421875
366.0299987792969
366.3900146484375
366.5975036621094
366.7699890136719
366.1300048828125
366.29998779296875
367.114990234375
367.840087890625
367.9128112792969
367.5
367.3399963378906
368.7616882324219
369.3782043457031
369.30999755859375
369.2900085449219
369.4700012207031
369.1700134277344
369.7799987792969
368.510009765625
367.8599853515625
368.0450134277344
367.989990234375
367.9700012207031
367.9797058105469
368.07000732421875
368.67498779296875
368.489990234375
368.30999755859375
368.3800048828125
369.0169982910156
368.8399963378906
368.7001037597656
368.07000732421875
366.5199890136719
367.5199890136719
366.94000244140625
366.7799987792969
366.9486999511719
366.8349914550781
366.82000732421875
365.6300048828125
365.67999267578125
366.2200012207031
365.79901123046875
366.20001220703125
366.2250061035156
366.17999267578125
366.79998779296875
366.8900146484375
366.8299865722656
367.3500061035156
367.7200012207031
367.5899963378906
368.5198974609375
368.42999267578125
368.2900085449219
368.4941101074219
368.4200134277344
368.42999267578125
368.82000732421875
364.4800109863281
364.7099914550781
365.82000732421875
366.6863098144531
367.6199951171875
368.57000732421875
368.9700012207031
366.07000732421875
365.3399963378906
365.1000061035156
364.54998779296875
364.6700134277344
365.1000061035156
365.7099914550781
366.1553955078125
365.30999755859375
365.19000244140625
365.07000732421875
365.55999755859375
364.4549865722656
362.20001220703125
362.4800109863281
363.5899963378906
364.7900085449219
364.3399963378906
362.7699890136719
365.010009765625
363.9800109863281
367.45001220703125
366.9100036621094
367.05999755859375
367.2550048828125
367.1322021484375
367.70458984375
367.760009765625
371.6000061035156
372.3299865722656
373.3113098144531
373.2300109863281
373.510009765625
373.5249938964844
373.2300109863281
374.69000244140625
374.0498962402344
373.94989013671875
374.05999755859375
374.2850036621094
374.7200012207031
374.3800048828125
374.4901123046875
374.510009765625
374.4800109863281
374.2300109863281
374.3900146484375
374.6401062011719
374.57000732421875
372.94500732421875
373.4700012207031
374.07000732421875
373.4599914550781
373.3800048828125
372.739990234375
372.3999938964844
375.19000244140625
375.03131103515625
375.6199951171875
376.20001220703125
376.1099853515625
376.3800048828125
376.0899963378906
379.57501220703125
379.57000732421875
379.681396484375
380.260009765625
380.55999755859375
380.59820556640625
380.2900085449219
379.0899963378906
379.5
380.1099853515625
379.55999755859375
380.010009765625
379.6199951171875
379.8900146484375
382.07000732421875
382.1700134277344
382.26019287109375
382.32000732421875
381.8800048828125
381.32000732421875
380.5799865722656
381.1499938964844
381.5950012207031
380.70001220703125
380.1900939941406
379.5299987792969
379.9599914550781
380.4200134277344
380.92999267578125
381.3399963378906
381.5400085449219
381.6549987792969
381.5400085449219
381.6300048828125
381.5899963378906
381.0799865722656
381.3550109863281
382.5101013183594
382.5450134277344
382.3450012207031
382.260009765625
382.1099853515625
381.0
379.8900146484375
380.2900085449219
380.3399963378906
380.5
380.3999938964844
380.8399963378906
381.7300109863281
380.6600036621094
381.0292053222656
379.93011474609375
380.010009765625
380.010009765625
379.4200134277344
380.5400085449219
378.94000244140625
379.8500061035156
379.9100036621094
379.1099853515625
377.42999267578125
376.5
375.24090576171875
375.05999755859375
375.9400939941406
375.54998779296875
374.5
376.0249938964844
376.3599853515625
376.55010986328125
376.67999267578125
376.92999267578125
376.010009765625
375.05999755859375
374.4100036621094
375.17999267578125
373.8500061035156
374.4399108886719
375.30999755859375
376.6698913574219
377.25
378.0299987792969
378.010009765625
375.6700134277344
375.2200012207031
376.0199890136719
376.5299987792969
377.5
378.05010986328125
378.3399963378906
375.44000244140625
374.09820556640625
374.3800048828125
373.85009765625
373.0450134277344
373.30999755859375
373.82000732421875
366.5150146484375
366.5400085449219
364.1400146484375
364.1000061035156
361.7799987792969
362.5950012207031
365.82000732421875
366.69000244140625
366.7900085449219
367.67999267578125
366.1199951171875
365.739990234375
367.70001220703125
366.0899963378906
368.4649963378906
369.0
369.7349853515625
369.125
370.4700012207031
370.29998779296875
369.54998779296875
373.4599914550781
372.7300109863281
372.7900085449219
373.7825012207031
373.5899963378906
373.3699951171875
372.9100036621094
371.4100036621094
370.7500915527344
372.3699951171875
372.81988525390625
372.2900085449219
373.0924987792969
373.3299865722656
370.32000732421875
369.739990234375
369.64990234375
370.3399963378906
370.79998779296875
370.8399963378906
370.3900146484375
362.5799865722656
360.5299987792969
361.19000244140625
361.0400085449219
361.5299987792969
360.8599853515625
359.8500061035156
362.20001220703125
360.8999938964844
359.2300109863281
359.3900146484375
361.30999755859375
361.05999755859375
359.3599853515625
361.4700012207031
361.5199890136719
358.2900085449219
359.07000732421875
360.8800048828125
360.19000244140625
357.7300109863281
