1.000000
1.013463
1.033625
1.026805
1.023393
1.027512
1.029501
1.016763
1.017347
1.017113
1.024214
1.020345
1.023197
1.045200
1.048952
1.052207
1.051505
1.066001
1.041342
1.050131
1.059301
1.072206
1.060294
1.081085
1.072963
1.079325
1.088196
1.062147
1.071957
1.076042
1.091692
1.063364
1.054985
1.054139
1.056627
1.046357
1.057095
1.076005
1.076024
1.091114
1.098153
1.099131
1.104268
1.101848
1.077667
1.077158
1.073685
1.088170
1.081837
1.092264
1.101230
1.092253
1.115510
1.081344
1.109735
1.124382
1.132964
1.147752
1.143911
1.142852
1.153486
1.147044
1.147117
1.132993
1.113712
1.124267
1.126085
1.134991
1.152650
1.149503
1.156869
1.162503
1.156829
1.152700
1.160323
1.169498
1.169734
1.165221
1.181417
1.186962
1.188540
1.185904
1.156147
1.161827
1.152485
1.157384
1.159030
1.167955
1.167514
1.169566
1.158066
1.147757
1.136830
1.135758
1.135868
1.137847
1.148261
1.140152
1.160000
1.150039
1.161865
1.166607
1.160690
1.143336
1.171515
1.170854
1.189893
1.191272
1.195801
1.196309
1.196973
1.213268
1.213360
1.199252
1.207087
1.184568
1.168138
1.150621
1.138938
1.153752
1.163844
1.179226
1.173526
1.175231
1.175533
1.177030
1.191965
1.192647
1.180030
1.170546
1.160056
1.150978
1.127810
1.109969
1.113289
1.121097
1.144087
1.148927
1.150499
1.147709
1.150445
1.146908
1.168841
1.169863
1.188408
1.184007
1.187385
1.204565
1.211982
1.201878
1.192900
1.193391
1.194368
1.184048
1.187621
1.170308
1.161295
1.168213
1.164663
1.172918
1.156197
1.177258
1.171363
1.164638
1.166348
1.175368
1.164860
1.149666
1.163276
1.158263
1.171376
1.168859
1.157745
1.172268
1.165476
1.158132
1.175473
1.181459
1.195410
1.195225
1.190797
1.182698
1.193165
1.204453
1.212620
1.207201
1.229780
1.211382
1.237042
1.233830
1.233600
1.227829
1.242182
1.242953
1.231757
1.255479
1.245963
1.248766
1.254314
1.262225
1.271802
1.275702
1.277244
1.265097
1.276055
1.278011
1.269987
1.276907
1.286544
1.271278
1.275201
1.265929
1.262227
1.249183
1.236020
1.247076
1.236577
1.239491
1.233500
1.228945
1.252548
1.263818
1.253351
1.249885
1.250637
1.258441
1.257751
1.253971
1.251061
1.266512
1.268804
1.247692
1.240229
1.255136
1.253014
1.243021
1.247077
1.251165
1.264130
1.273932
1.281929
1.274783
1.283583
1.308886
1.328358
1.345466
1.368092
1.377895
1.371688
1.393517
1.392364
1.373376
1.382948
1.389866
1.378535
1.387794
1.375836
1.400131
1.374666
1.401883
1.408166
1.421719
1.444927
1.440253
1.472173
1.483617
1.492151
1.496625
1.468047
1.488723
1.502325
1.537951
1.520765
1.532653
1.531915
1.532796
1.530591
1.548230
1.555938
1.532587
1.523229
1.530213
1.569480
1.569896
1.552574
1.536252
1.547393
1.511387
1.513192
1.510303
1.513472
1.509855
1.499624
1.521982
1.507531
1.513002
1.512608
1.513842
1.512904
1.521615
1.526862
1.516116
1.523928
1.537881
1.536399
1.548765
1.539241
1.524304
1.518614
1.516736
1.524531
1.516372
1.528971
1.526941
1.537499
1.529638
1.523623
1.529347
1.515901
1.516855
1.512430
1.516097
1.481278
1.499802
1.508866
1.521540
1.516127
1.514700
1.479494
1.491066
1.495893
1.502478
1.513385
1.502099
1.477708
1.493909
1.524722
1.500945
1.513424
1.523543
1.522589
1.507715
1.518318
1.517732
1.494711
1.487726
1.469825
1.451022
1.464770
1.472937
1.494189
1.498814
1.496282
1.495982
1.507879
1.509827
1.505528
1.481434
1.473927
1.472520
1.483745
1.455443
1.461507
1.448441
1.443427
1.440460
1.432635
1.417215
1.398829
1.408615
1.419245
1.400316
1.416712
1.417713
1.413237
1.416193
1.420948
1.413860
1.417976
1.405122
1.395705
1.373337
1.374050
1.374548
1.372379
1.378072
1.379697
1.383504
1.389288
1.385322
1.404613
1.424634
1.452895
1.463084
1.469678
1.448624
1.437294
1.431176
1.477233
1.498404
1.492150
1.471384
1.485015
1.509456
1.500126
1.492611
1.483447
1.498636
1.527550
1.518207
1.527818
1.526507
1.513566
1.500561
1.486482
1.502002
1.512406
1.532599
1.537450
1.541966
1.542632
1.575621
1.573655
1.572734
1.561838
1.561218
1.574365
1.589743
1.582610
1.590401
1.621395
1.632530
1.608218
1.611273
1.581369
1.598306
1.576829
1.553717
1.556282
1.550296
1.552028
1.533483
1.541808
1.539836
1.520866
1.521713
1.529762
1.508149
1.532079
1.524444
1.520008
1.512733
1.544981
1.528893
1.520398
1.494921
1.492324
1.498097
1.540149
1.529764
1.517881
1.525301
1.520138
1.524103
1.514609
1.526728
1.532676
1.509916
1.492947
1.493471
1.499635
1.494915
1.520447
1.509242
1.483185
1.492041
1.508502
1.516189
1.511939
1.531817
1.512397
1.509486
1.503075
1.515157
1.527214
1.525066
1.510883
1.499952
1.506932
1.500451
1.509204
1.515614
1.493789
1.461254
1.456960
1.463929
1.485612
1.492347
1.505670
1.491571
1.492179
1.497371
1.475143
1.489410
1.510642
1.505440
1.498474
1.477980
1.498445
1.495227
1.500958
1.476630
1.481677
1.495922
1.505235
1.516317
1.539382
1.577118
1.572862
1.585003
1.582422
1.548839
1.563775
1.592204
1.596382
1.608035
1.619041
1.608750
1.626033
1.641242
1.653364
1.683406
1.704569
1.677332
1.664055
1.677217
1.692452
1.657417
1.653892
1.632764
1.636054
1.651318
1.620828
1.606608
1.597965
1.584672
1.592483
1.603452
1.618746
1.634878
1.637232
1.626254
1.608191
1.619215
1.627438
1.615875
1.615178
1.654799
1.654020
1.666228
1.682354
1.645967
1.648505
1.666652
1.642211
1.654275
1.676647
1.656484
1.663417
1.658576
1.656107
1.642270
1.654370
1.660734
1.631873
1.625084
1.599470
1.606253
1.574778
1.594547
1.606226
1.613749
1.612076
1.577221
1.575736
1.604651
1.603547
1.614381
1.595754
1.616066
1.624233
1.637963
1.631500
1.639359
1.634669
1.659549
1.669611
1.684569
1.657175
1.652245
1.667997
1.644824
1.636341
1.675910
1.662609
1.701464
1.707834
1.722160
1.723436
1.741041
1.733661
1.743484
1.731548
1.750450
1.785735
1.803459
1.782966
1.743808
1.758217
1.780154
1.785300
1.766432
1.756531
1.766259
1.772325
1.764067
1.744979
1.752415
1.773028
1.774568
1.777514
1.765777
1.769338
1.782601
1.777938
1.794687
1.793876
1.770995
1.816419
1.782390
1.759148
1.774175
1.779572
1.806230
1.786320
1.768230
1.785061
1.797519
1.817208
1.810496
1.800375
1.815150
1.813424
1.822133
1.798426
1.812071
1.810101
1.789722
1.783681
1.794574
1.827796
1.857088
1.830882
1.803399
1.810078
1.829480
1.843764
1.851437
1.821366
1.807595
1.786699
1.789520
1.785150
1.780950
1.798391
1.784727
1.783667
1.813940
1.829547
1.863694
1.843763
1.820260
1.825961
1.850192
1.847998
1.817356
1.773369
1.761676
1.763575
1.796603
1.779583
1.778389
1.795746
1.772947
1.785069
1.775617
1.781087
1.754280
1.750741
1.751077
1.737134
1.733423
1.777924
1.762789
1.793215
1.795599
1.809345
1.795676
1.793359
1.782539
1.742902
1.762598
1.761887
1.773744
1.790087
1.761966
1.748654
1.742384
1.757573
1.771975
1.771406
1.782719
1.776251
1.791471
1.789843
1.746432
1.762205
1.750457
1.740733
1.754133
1.765348
1.772754
1.752607
1.721428
1.751207
1.733489
1.744641
1.755205
1.728029
1.696983
1.671625
1.686934
1.668431
1.662996
1.635157
1.626826
1.620134
1.636540
1.658149
1.658564
1.638189
1.629651
1.603080
1.607344
1.632728
1.639751
1.647719
1.654825
1.655949
1.670071
1.668649
1.686022
1.702096
1.708902
1.716688
1.719366
1.748889
1.738292
1.730493
1.721759
1.715309
1.726692
1.735829
1.699331
1.684193
1.680736
1.691475
1.690956
1.678747
1.650535
1.659148
1.670149
1.657376
1.668038
1.673219
1.688195
1.684910
1.712067
1.727377
1.706454
1.738982
1.750897
1.746902
1.730038
1.751575
1.730710
1.754534
1.723256
1.735914
1.738537
1.725575
1.706994
1.700035
1.699345
1.695281
1.677238
1.661073
1.664924
1.646874
1.630405
1.637307
1.620756
1.630166
1.605459
1.634926
1.623005
1.642934
1.648584
1.628261
1.614897
1.608566
1.612100
1.605117
1.603996
1.595353
1.601602
1.608979
1.587780
1.587039
1.576424
1.557077
1.579949
1.593616
1.580791
1.569812
1.590729
1.562396
1.568578
1.579037
1.599234
1.585896
1.589996
1.580112
1.594124
1.580129
1.561105
1.545358
1.563284
1.567951
1.516834
1.511219
1.506865
1.520020
1.521029
1.519331
1.504921
1.509423
1.500834
1.516468
1.510484
1.497243
1.494425
1.480273
1.496951
1.493392
1.467203
1.454138
1.455625
1.455623
1.462539
1.475833
1.460768
1.477157
1.472798
1.456268
1.440417
1.463030
1.463511
1.472632
1.509949
1.502981
1.512052
1.509739
1.522994
1.523715
1.523405
1.516522
1.509401
1.524388
1.516961
1.528626
1.528044
1.539636
1.539549
1.535685
1.549741
1.557455
1.552697
1.563797
1.591568
1.575882
1.582701
1.615586
1.621391
1.622253
1.596595
1.587969
1.585917
1.584699
1.584282
1.600963
1.582026
1.606117
1.588105
1.591478
1.607509
1.600616
1.573021
1.599979
1.595067
1.588955
1.597445
1.622183
1.639753
1.649227
1.642930
1.627914
1.630213
1.635822
1.625686
1.640280
1.643548
1.634952
1.645986
1.640163
1.650581
1.646837
1.654291
1.665965
1.673191
1.695165
1.699399
1.693185
1.697237
1.702219
1.700233
1.711138
1.710290
1.727724
1.733364
1.764616
1.767065
1.753730
1.744930
1.719935
1.720088
1.718603
1.726039
1.759120
1.764560
1.759591
1.804591
1.807144
1.799103
1.784040
1.751584
1.764416
1.782055
1.808667
1.780859
1.775396
1.743999
1.750019
1.721460
1.733555
1.721707
1.684507
1.683205
1.702921
1.730683
1.757128
1.772172
1.753666
1.751009
1.763634
1.749376
1.721870
1.733303
1.748268
1.729140
1.751576
1.710721
1.717275
1.724816
1.729981
1.727603
1.755349
1.755360
1.735396
1.751151
1.747851
1.728260
1.727214
1.741206
1.766084
1.751180
1.732400
1.705336
1.695677
1.697154
1.696210
1.679441
1.657089
1.617989
1.593366
1.565374
1.571935
1.568933
1.568056
1.546647
1.530584
1.519764
1.533673
1.534645
1.543768
1.544074
1.535358
1.554429
1.559052
1.554619
1.526962
1.523504
1.529687
1.520162
1.502681
1.500806
1.508158
1.511700
1.533949
1.533920
1.504801
1.510561
1.496224
1.503090
1.510293
1.517468
1.554912
1.562736
1.572388
1.561463
1.585496
1.611473
1.612583
1.614110
1.615823
1.595098
1.595860
1.622580
1.591236
1.601181
1.583525
1.580947
1.564709
1.566066
1.550667
1.543954
1.527721
1.529933
1.536923
1.547728
1.565664
1.560712
1.568403
1.576618
1.578799
1.594982
1.583283
1.583713
1.540882
1.532467
1.532270
1.529494
1.499287
1.497974
1.479190
1.458665
1.492987
1.489725
1.513046
1.524149
1.545146
1.541742
1.523873
1.531227
1.530103
1.527050
1.525232
1.531698
1.528912
1.537257
1.514079
1.522803
1.544101
1.526313
1.540824
1.528383
1.529678
1.533169
1.542386
1.559816
1.570690
1.578554
1.587740
1.583825
1.584004
1.582854
1.581135
1.595305
1.584517
1.569515
1.554159
1.545994
1.520166
1.527354
1.540622
1.547367
1.542287
1.551833
1.563825
1.531775
1.538519
1.540091
1.529446
1.528133
1.528093
1.530687
1.537117
1.564854
1.555018
1.579355
1.562229
1.552078
1.551214
1.554120
1.560258
1.528243
1.508553
1.563366
1.563687
1.581160
1.595070
1.590592
1.602068
1.616158
1.618398
1.601226
1.610348
1.613759
1.595475
1.633740
1.622954
1.635337
1.619233
1.636511
1.623778
1.635850
1.607887
1.578807
1.575063
1.580954
1.558742
1.573989
1.583388
1.618261
1.639494
1.645305
1.625295
1.620351
1.604165
1.615308
1.592147
1.577607
1.557412
1.545125
1.551881
1.542872
1.531808
1.536382
1.553333
1.556857
1.546964
1.543727
1.534395
1.527617
1.528176
1.526546
1.511319
1.525085
1.496905
1.507570
1.494513
1.489449
1.489536
1.485689
1.481677
1.467914
1.471007
1.466218
1.451554
1.446847
1.443052
1.441648
1.438041
1.424901
1.422857
1.414520
1.418505
1.408485
1.413736
1.413947
1.383234
1.388726
1.390362
1.373746
1.340677
1.336430
1.320700
1.307496
1.302014
1.306192
1.315921
1.310710
1.296039
1.304125
1.295013
1.275450
1.289439
1.315874
1.300284
1.289431
1.300159
1.307288
1.310763
1.339730
1.347721
1.373337
1.371902
1.362353
1.357066
1.346674
1.355910
1.363501
1.348878
1.336400
1.334501
1.319516
1.318470
1.325740
1.315797
1.284645
1.288138
1.266364
1.254625
1.265615
1.279797
1.268397
1.278689
1.279434
1.277921
1.279583
1.269825
1.264592
1.268846
1.266418
1.266354
1.263495
1.279321
1.275801
1.267500
1.243372
1.247431
1.276966
1.280288
1.283827
1.303635
1.307373
1.305668
1.309124
1.285051
1.308090
1.287744
1.308374
1.291131
1.303074
1.289438
1.320755
1.327674
1.331530
1.314706
1.324351
1.329500
1.299313
1.299547
1.300987
1.341536
1.333723
1.332107
1.328468
1.355671
1.353195
1.378452
1.377623
1.381035
1.399887
1.416578
1.417300
1.414831
1.414652
1.427844
1.399531
1.416609
1.412085
1.422345
1.414827
1.424980
1.416768
1.413409
1.401616
1.402148
1.411489
1.415017
1.449560
1.439601
1.433729
1.414046
1.413380
1.406674
1.390886
1.380238
1.373501
1.364870
1.373792
1.390241
1.383851
1.365232
1.376169
1.361211
1.388293
1.406978
1.384978
1.361348
1.378846
1.361555
1.349886
1.358583
1.351731
1.359718
1.347268
1.369892
1.351768
1.364596
1.361052
1.370161
1.368424
1.344502
1.330285
1.328190
1.343541
1.343355
1.354930
1.359370
1.356133
1.344051
1.330093
1.342265
1.345588
1.352150
1.354009
1.374872
1.379612
1.366593
1.354525
1.372056
1.377078
1.362040
1.348790
1.313673
1.314461
1.306753
1.289693
1.286956
1.265368
1.255753
1.267611
1.261769
1.275420
1.300476
1.285073
1.295618
1.300712
1.291856
1.310761
1.312396
1.311435
1.293671
1.294755
1.327062
1.338742
1.315765
1.310622
1.326088
1.325221
1.306343
1.304458
1.316646
1.319214
1.320006
1.331100
1.330785
1.330216
1.330271
1.340484
1.322569
1.348247
1.338710
1.334636
1.345543
1.332885
1.346924
1.339537
1.355177
1.340564
1.340613
1.350767
1.321309
1.312573
1.291064
1.296158
1.309416
1.302786
1.304257
1.295985
1.288218
1.311200
1.315132
1.322574
1.309750
1.321812
1.306510
1.296824
1.292316
1.283782
1.317526
1.320057
1.331092
1.326173
1.344137
1.339822
1.359339
1.356499
1.352080
1.385524
1.369063
1.355252
1.389493
1.362659
1.372882
1.387201
1.367178
1.363075
1.351249
1.357201
1.351542
1.330920
1.329451
1.327526
1.320288
1.327110
1.330617
1.331420
1.335086
1.338965
1.351623
1.338944
1.334618
1.327854
1.325321
1.338970
1.340895
1.319269
1.307671
1.309797
1.314897
1.320546
1.317198
1.322498
1.314839
1.301658
1.294126
1.294750
1.289266
1.285302
1.278234
1.267009
1.264949
1.262093
1.261608
1.256494
1.244995
1.241691
1.263234
1.273405
1.287976
1.289825
1.294627
1.294228
1.295242
1.286043
1.282320
1.284283
1.300424
1.306609
1.313913
1.341780
1.332010
1.322751
1.305582
1.312854
1.305172
1.318188
1.333144
1.311200
1.313690
1.293937
1.288204
1.275432
1.286414
1.302670
1.305758
1.319268
1.298764
1.293475
1.274521
1.278533
1.273570
1.283382
1.278720
1.288840
1.287254
1.283941
1.299070
1.307584
1.300177
1.313607
1.306017
1.290883
1.308247
1.321424
1.330769
1.335808
1.355009
1.345198
1.343990
1.329959
1.327580
1.332542
1.324697
1.321403
1.309771
1.319844
1.303898
1.282107
1.295789
1.277057
1.271293
1.287781
1.263612
1.252326
1.251414
1.235179
1.206578
1.203139
1.199779
1.198362
1.201647
1.217949
1.225842
1.215926
1.200468
1.191800
1.183230
1.186572
1.172976
1.184548
1.188396
1.203976
1.207148
1.210953
1.225377
1.231205
1.258930
1.241233
1.247768
1.249612
1.269186
1.265910
1.246100
1.258161
1.252410
1.231933
1.235725
1.261810
1.258667
1.277235
1.286212
1.275293
1.273186
1.274488
1.262644
1.261891
1.260525
1.268793
1.263835
1.282250
1.287993
1.288477
1.288397
1.291760
1.280196
1.298974
1.313461
1.301819
1.304296
1.308180
1.318854
1.323871
1.339775
1.344027
1.359081
1.348148
1.324455
1.323942
1.342516
1.330491
1.341162
1.318893
1.321775
1.343255
1.323144
1.361222
1.356381
1.355630
1.342078
1.340976
1.337110
1.345898
1.353433
1.365680
1.369214
1.392484
1.394340
1.388993
1.399570
1.387980
1.374593
1.352538
1.335633
1.326450
1.330589
1.323957
1.342127
1.333896
1.376958
1.395565
1.379310
1.388721
1.388959
1.374041
1.380168
1.399211
1.393216
1.420002
1.422921
1.417595
1.416635
1.406071
1.415901
1.394051
1.434623
1.435990
1.427984
1.416384
1.417982
1.408998
1.416244
1.395659
1.386630
1.395370
1.364493
1.348019
1.338215
1.348220
1.353117
1.354816
1.339523
1.350889
1.341003
1.321603
1.310954
1.288886
1.294200
1.280851
1.277543
1.278588
1.302002
1.317933
1.323834
1.323318
1.325132
1.328678
1.354679
1.385057
1.393670
1.394110
1.399218
1.394589
1.383829
1.389487
1.365959
1.360221
1.360383
1.367225
1.351671
1.365047
1.389933
1.399740
1.408037
1.398819
1.380565
1.372681
1.370027
1.373745
1.374987
1.370555
1.364088
1.353238
1.364276
1.400911
1.392533
1.415812
1.413501
1.391851
1.390685
1.364900
1.381616
1.398067
1.398773
1.393909
1.422777
1.412829
1.411261
1.427110
1.439050
1.445377
1.435700
1.418140
1.408157
1.411746
1.407371
1.399226
1.417985
1.434002
1.452641
1.480958
1.489126
1.461127
1.451982
1.450606
1.447175
1.456633
1.444791
1.439090
1.440339
1.446637
1.436994
1.414489
1.425221
1.430360
1.416012
1.415891
1.421362
1.421513
1.430334
1.382225
1.382687
1.409601
1.398901
1.396003
1.405597
1.388473
1.400045
1.399650
1.385580
1.389354
1.386802
1.383531
1.398656
1.377254
1.358111
1.377332
1.381011
1.378504
1.376121
1.375187
1.372330
1.375566
1.375659
1.361863
1.374076
1.390058
1.371000
1.379292
1.396095
1.405462
1.382520
1.387200
1.382767
1.364777
1.370798
1.363215
1.366313
1.378750
1.380352
1.366544
1.381191
1.378834
1.369007
1.370363
1.346050
1.344900
1.325764
1.322651
1.319191
1.328734
1.333572
1.328579
1.345124
1.348154
1.378331
1.379872
1.405775
1.389799
1.394162
1.401714
1.381011
1.368150
1.387047
1.395096
1.410925
1.396308
1.399294
1.406447
1.421922
1.403695
1.424562
1.421511
1.430422
1.426023
1.427642
1.439056
1.456388
1.462451
1.465452
1.456820
1.455680
1.466728
1.461108
1.442336
1.442207
1.476941
1.455673
1.466655
1.456550
1.441904
1.457355
1.432734
1.444701
1.409566
1.439975
1.439760
1.414621
1.430792
1.424473
1.422903
1.444383
1.444751
1.452344
1.460502
1.482445
1.481576
1.477011
1.469031
1.504120
1.517544
1.536081
1.544421
1.551227
1.533744
1.555292
1.558314
1.548262
1.555090
1.544151
1.541387
1.533052
1.490623
1.496554
1.472624
1.479733
1.505261
1.512834
1.492727
1.485138
1.480274
1.476313
1.503668
1.506785
1.517746
1.518793
1.528236
1.524464
1.540592
1.533235
1.515439
1.498064
1.497355
1.515196
1.539339
1.520296
1.511323
1.516122
1.518929
1.506937
1.521194
1.522263
1.528930
1.518041
1.540094
1.546275
1.549926
1.543945
1.554996
1.550819
1.548957
1.531580
1.522472
1.509595
1.531173
1.525710
1.543817
1.522663
1.522876
1.537451
1.523778
1.513907
1.525924
1.548984
1.586271
1.576268
1.590696
1.587293
1.582775
1.576914
1.585643
1.564711
1.557447
1.538673
1.518199
1.514322
1.522750
1.525525
1.527730
1.524745
1.519024
1.530629
1.536713
1.529030
1.528324
1.525586
1.517974
1.541272
1.512147
1.535906
1.520436
1.518740
1.520381
1.530117
1.507821
1.493323
1.510095
1.490039
1.498939
1.498367
1.515244
1.509915
1.487913
1.457355
1.454890
1.480550
1.475705
1.483590
1.476517
1.483165
1.503463
1.515360
1.534892
1.536757
1.533718
1.568818
1.580337
1.586795
1.574540
1.576677
1.571147
1.583394
1.584534
1.583781
1.589303
1.595581
1.587341
1.595614
1.564555
1.565154
1.576475
1.556337
1.553823
1.575406
1.592972
1.571291
1.537260
1.552151
1.534508
1.571405
1.571298
1.559331
1.573485
1.571930
1.591693
1.539703
1.541156
1.523184
1.524055
1.521132
1.524262
1.546442
1.554163
1.562532
1.557781
1.561290
1.552807
1.604120
1.579757
1.557579
1.559026
1.570230
1.597596
1.605564
1.619216
1.647558
1.643892
1.636844
1.629662
1.629778
1.612695
1.631428
1.599252
1.573698
1.578962
1.575558
1.570194
1.554326
1.547127
1.548544
1.537600
1.533984
1.555237
1.540158
1.558064
1.553807
1.548329
1.543684
1.551817
1.559406
1.573621
1.563721
1.561220
1.571797
1.579918
1.590568
1.570508
1.564477
1.590776
1.619236
1.622054
1.640652
1.662494
1.685537
1.695830
1.687970
1.716134
1.703869
1.695992
1.683063
1.702866
1.705641
1.699786
1.735388
1.768490
1.765041
1.770417
1.752991
1.749891
1.761868
1.762390
1.742691
1.758782
1.745524
1.757351
1.768293
1.771222
1.771541
1.803814
1.817550
1.813254
1.798663
1.831767
1.826400
1.836403
1.845566
1.850990
1.881709
1.852434
1.828462
1.838008
1.806270
1.805223
1.778458
1.766851
1.821580
1.813335
1.797382
1.825634
1.865538
1.870974
1.839640
1.839622
1.852212
1.881480
1.871044
1.855105
1.833041
1.858345
1.825342
1.845414
1.867392
1.891579
1.905246
1.889833
1.930383
1.972925
1.968047
1.959048
1.925938
1.919892
1.923203
1.948820
1.934348
1.920811
1.929787
1.939683
1.942119
1.996428
2.007619
1.996663
1.985786
1.998496
2.006091
2.034122
1.997697
1.985492
2.006776
1.999342
2.039513
2.040473
2.065366
2.029914
2.024858
2.032841
2.034283
2.059940
2.073884
2.069644
2.085169
2.102427
2.093152
2.073988
2.044098
2.021449
2.009165
2.012455
2.010252
2.000847
2.014636
2.047120
2.063087
2.054102
2.034444
2.029223
2.050300
2.058076
2.060967
2.067468
2.057976
2.054200
2.070883
2.055308
2.037200
2.042827
2.041359
2.015143
1.984147
2.009697
2.005508
1.968768
1.954292
1.924870
1.932615
1.922464
1.904175
1.922635
1.924772
1.931496
1.953044
1.948388
1.974155
1.984137
1.946372
1.964817
1.965788
1.959956
1.967437
1.985250
1.964291
1.969619
1.937708
1.938759
1.929768
1.958722
1.938999
1.947252
1.939584
1.968682
2.021662
2.031932
2.003852
2.004894
2.000090
1.999326
2.001517
2.000389
2.009574
2.027516
2.036731
2.006798
1.975982
1.986206
1.965777
1.988396
1.988585
1.991672
1.972509
1.981939
1.948264
1.923966
1.929785
1.946088
1.939082
1.953077
1.955464
1.976547
1.972154
1.967823
1.948596
1.929365
1.933946
1.933511
1.924045
1.898084
1.926945
1.940801
1.937678
1.925066
1.880097
1.869808
1.884734
1.871908
1.878008
1.929858
1.923701
1.932737
1.954522
1.918955
1.922068
1.938831
1.966469
1.997731
1.998689
1.979222
1.975665
1.992024
1.966921
1.945284
1.916498
1.915758
1.929463
1.903332
1.919162
1.902100
1.915039
1.904263
1.929922
1.937437
1.936878
1.958078
1.976125
1.984109
1.975792
1.936041
1.923323
1.940883
1.913667
1.925656
1.935631
1.941180
1.967495
1.927596
1.954375
1.937879
1.968842
1.973206
1.957820
1.971721
1.975330
1.975392
1.981676
1.971621
1.976772
1.960743
1.964512
1.982541
1.967250
1.954260
1.942369
1.961637
1.960156
1.957429
1.957139
1.985729
2.012028
2.025133
2.030604
2.039144
2.055020
2.061798
2.055932
2.043100
2.048866
2.022433
2.031817
1.986616
1.989234
1.996162
2.017160
1.992679
1.982864
2.025528
2.033562
1.994685
2.005614
2.043274
2.052084
2.059139
2.094245
2.093899
2.094779
2.077542
2.060956
2.062110
2.048928
2.051215
2.051849
2.036432
2.017101
1.995929
1.991861
1.960824
1.970460
1.912229
1.937602
1.928862
1.939730
1.928070
1.920119
1.923176
1.918755
1.924931
1.953086
1.937307
1.945231
1.940042
1.915778
1.915013
1.933326
1.957340
1.952319
1.966882
1.964218
1.954489
1.918339
1.924768
1.926741
1.948458
1.957408
1.947561
1.927478
1.954840
1.961520
1.965735
1.944637
1.922533
1.900835
1.896536
1.895152
1.900690
1.885254
1.851588
1.844454
1.828353
1.833920
1.823114
1.829270
1.794512
1.813057
1.819466
1.836108
1.817493
1.792700
1.774368
1.744748
1.768416
1.716276
1.725308
1.692295
1.680176
1.685645
1.696476
1.702698
1.698090
1.721735
1.702974
1.717442
1.696851
1.701749
1.681703
1.658523
1.622595
1.630755
1.620200
1.617823
1.616217
1.648958
1.622848
1.637308
1.653548
1.641636
1.634546
1.655839
1.638637
1.637726
1.626467
1.645599
1.663731
1.673352
1.677200
1.680335
1.685122
1.692980
1.670237
1.657581
1.679721
1.696313
1.719733
1.721934
1.719535
1.745651
1.729248
1.716110
1.723484
1.748381
1.754019
1.778639
1.762434
1.759658
1.768906
1.786174
1.827616
1.813389
1.833641
1.851115
1.865984
1.853745
1.867511
1.855348
1.829845
1.829499
1.836010
1.819649
1.818359
1.807771
1.803690
1.820933
1.826024
1.880271
1.889764
1.883960
1.884560
1.879097
1.873184
1.887437
1.878064
1.910910
1.939964
1.941277
1.933368
1.951008
1.959133
1.949707
1.933788
1.922815
1.945866
1.926474
1.948752
1.952804
1.942696
1.963047
1.978558
1.972428
1.942614
1.918769
1.931445
1.924754
1.929134
1.911658
1.912000
1.918935
1.946948
1.964724
1.984483
1.976815
1.990331
1.963114
1.950463
1.913252
1.928379
1.923701
1.945263
1.926224
1.951482
1.959498
1.966488
1.984674
2.022564
2.026688
2.036983
2.018708
2.022486
2.035511
2.046664
2.014384
2.007685
2.019414
2.002252
1.985401
2.003115
2.003445
2.007685
2.043270
2.045268
2.048402
2.020827
1.993265
1.984930
1.999815
1.964555
1.964476
1.939690
1.939664
1.940715
1.956737
1.950623
1.950771
1.936593
1.933920
1.918141
1.941004
1.937740
1.926997
1.938101
1.939045
1.948468
1.939323
1.954394
1.943951
1.920331
1.920985
1.925992
1.926629
1.932917
1.968625
1.945498
1.935349
1.960988
1.947578
1.956544
1.978941
1.965089
1.964403
1.974626
1.964555
1.952239
1.967036
1.939422
1.934188
1.935876
1.927201
1.924346
1.937136
1.921280
1.946452
1.926794
1.936878
1.927356
1.929042
1.937755
1.952835
1.943774
1.972465
1.991091
2.031695
2.036090
2.027434
2.075262
2.073739
2.080607
2.084199
2.086005
2.121412
2.119257
2.068622
2.054729
2.026048
2.066454
2.083715
2.091123
2.108674
2.096364
2.100333
2.128466
2.116204
2.109864
2.102050
2.067660
2.053965
2.088478
2.064809
2.032923
2.049816
2.065094
2.074464
2.059777
2.068799
2.067299
2.070162
2.063613
2.073485
2.056969
2.092491
2.089376
2.112058
2.144620
2.155694
2.129104
2.120100
2.173067
2.141947
2.145007
2.130609
2.126162
2.149689
2.148240
2.137423
2.163860
2.166641
2.161283
2.193626
2.220178
2.226060
2.239575
2.251947
2.268265
2.293948
2.311523
2.313765
2.314263
2.303955
2.298279
2.321162
2.299694
2.255341
2.240413
2.242176
2.255104
2.299896
2.276053
2.261065
2.272614
2.269259
2.282835
2.327576
2.338688
2.355727
2.365092
2.373902
2.356572
2.383988
2.345506
2.345231
2.283528
2.267339
2.275320
2.241285
2.240265
2.241003
2.281951
2.294228
2.250813
2.307012
2.276536
2.302699
2.314276
2.356681
2.345893
2.329257
2.308851
2.288734
2.279785
2.309021
2.293169
2.280950
2.257565
2.250294
2.247338
2.233449
2.251598
2.204313
2.191005
2.192928
2.183316
2.165288
2.195711
2.166101
2.177383
2.160980
2.155069
2.159592
2.158246
2.163041
2.163194
2.163216
2.201099
2.227783
2.277083
2.221015
2.247631
2.252126
2.219193
2.191630
2.155678
2.152378
2.157469
2.160802
2.194539
2.185899
2.203071
2.186521
2.208660
2.187026
2.187230
2.111675
2.117926
2.070751
2.107134
2.108745
2.145003
2.155283
2.169993
2.150502
2.134746
2.104382
2.109052
2.124387
2.174336
2.156012
2.189547
2.205081
2.202342
2.213836
2.212895
2.230763
2.208366
2.169699
2.151263
2.156273
2.114719
2.131804
2.147361
2.141074
2.181872
2.179875
2.208690
2.255260
2.251540
2.264842
2.319265
2.315314
2.284694
2.290969
2.278043
2.293585
2.271477
2.237048
2.230613
2.230975
2.271140
2.266778
2.317026
2.295156
2.313887
2.323487
2.302295
2.316342
2.264213
2.279390
2.257747
2.271988
2.301926
2.292938
2.312765
2.258907
2.213347
2.231765
2.238188
2.231385
2.231912
2.226161
2.205904
2.173468
2.222919
2.257861
2.250320
2.246426
2.273476
2.237056
2.204702
2.195884
2.202834
2.228942
2.220656
2.263671
2.273481
2.299904
2.371373
2.361575
2.342130
2.362866
2.318468
2.280632
2.287820
2.267449
2.307682
2.298111
2.280107
2.217182
2.161651
2.175995
2.188989
2.122207
2.152672
2.128966
2.109142
2.117850
2.092001
2.072704
2.059232
2.081210
2.045823
2.022677
2.002377
1.989216
1.991286
1.985958
1.986519
1.981280
2.010003
2.016804
1.986336
1.949450
1.964443
1.976379
1.982787
1.971854
1.974875
1.984878
1.966792
1.978096
1.974313
1.922808
1.916707
1.954434
1.930083
1.927427
1.968716
2.001627
2.005742
2.030930
2.066417
2.072240
2.045099
2.030244
2.031447
2.015492
2.024702
2.060724
2.065212
2.030928
2.035779
2.045351
2.003657
1.998706
1.996919
1.967834
1.962361
1.957397
1.952229
1.938474
1.917014
1.901643
1.917948
1.939166
1.921176
1.852568
1.847428
1.870331
1.907757
1.890774
1.910886
1.930650
1.926953
1.933466
1.886832
1.898443
1.954994
1.952520
1.959096
1.959258
2.003880
1.990254
2.001696
2.000843
1.989862
2.007375
2.014235
2.038522
2.049019
2.077629
2.098321
2.094716
2.115263
2.149776
2.178647
2.201531
2.179804
2.207466
2.204444
2.230274
2.226247
2.195362
2.224420
2.233971
2.209155
2.226518
2.248097
2.242160
2.241401
2.277108
2.291895
2.267394
2.275814
2.265829
2.242193
2.255409
2.264433
2.238214
2.234825
2.266447
2.271568
2.263212
2.255829
2.245550
2.256447
2.232841
2.281695
2.296312
2.291865
2.280920
2.279971
2.300401
2.274118
2.282111
2.253207
2.269218
2.280406
2.314767
2.339561
2.320693
2.323447
2.320556
2.313052
2.305972
2.311973
2.344397
2.334779
2.360706
2.360600
2.338489
2.335999
2.327308
2.305610
2.269681
2.253941
2.209123
2.202053
2.190682
2.180910
2.163246
2.123056
2.152053
2.108296
2.094589
2.090362
2.097032
2.124120
2.152793
2.099242
2.101908
2.060286
2.055248
2.040744
2.056409
2.063203
2.105141
2.101062
2.085691
2.052701
2.037759
2.057341
2.087733
2.110337
2.117976
2.145451
2.136264
2.179427
2.185575
2.241510
2.230537
2.285377
2.265488
2.265440
2.253157
2.276760
2.277518
2.284132
2.302938
2.238504
2.239060
2.253154
2.214339
2.231718
2.217855
2.213580
2.210521
2.224420
2.218162
2.197836
2.212521
2.187656
2.187833
2.179470
2.226887
2.230628
2.245946
2.251433
2.227839
2.210175
2.204152
2.165219
2.166143
2.137710
2.097332
2.092820
2.107989
2.108195
2.109456
2.082312
2.071229
2.052864
2.042785
2.052044
2.070870
2.074551
2.078199
2.085945
2.082520
2.061946
2.070494
2.032942
2.015184
1.990005
2.008875
2.002139
1.982276
1.978256
1.961332
1.921212
1.917412
1.909697
1.929135
1.947394
1.945310
1.931500
1.930327
1.884879
1.904248
1.904839
1.900523
1.905927
1.899864
1.904281
1.888148
1.900136
1.931451
1.903390
1.865835
1.852950
1.858378
1.879922
1.892484
1.904222
1.902818
1.914566
1.927799
1.968566
1.940678
1.923035
1.931744
1.931086
1.928451
1.942841
1.944584
1.968716
1.968868
1.954613
1.930227
1.927436
1.912970
1.933419
1.907519
1.940988
1.960667
1.956436
1.955915
1.960810
1.943237
1.948584
1.944781
1.973749
1.985657
2.002742
1.999383
2.011073
1.981303
2.008836
2.017832
1.993699
1.978590
1.987792
2.002656
1.987899
1.983371
1.988492
2.010711
2.023162
2.029110
2.045551
2.064060
2.093086
2.067241
2.049487
2.043600
2.041297
2.018371
2.032205
2.038312
2.019757
1.973584
1.967811
1.956653
1.962388
1.983045
1.984305
1.995559
1.987692
1.981560
1.975881
2.004442
1.988992
1.998690
2.008401
2.019368
2.028512
2.029181
2.056610
2.074263
2.060308
2.050904
2.060788
2.068883
2.070512
2.077038
2.064671
2.056686
2.060964
2.063969
2.063229
2.042412
2.060066
2.070135
2.076190
2.081088
2.096305
2.076882
2.043694
2.062057
2.033879
2.061016
2.037645
2.026454
2.033521
2.065610
2.080733
2.082776
2.096208
2.084932
2.109921
2.139387
2.146971
2.127201
2.090168
2.075321
2.060178
2.047323
2.087585
2.062124
2.014474
2.010206
2.011710
2.034062
2.060732
2.052967
2.052738
2.054124
2.075216
2.087605
2.075690
2.098617
2.088357
2.120441
2.125698
2.104858
2.103618
2.146946
2.162879
2.153199
2.148311
2.146053
2.153003
2.141298
2.149359
2.162212
2.153890
2.153176
2.138181
2.125055
2.138293
2.166913
2.155171
2.188316
2.179750
2.183530
2.199028
2.192979
2.192138
2.219429
2.276661
2.288285
2.295155
2.318501
2.337199
2.327372
2.313549
2.336364
2.334140
2.327583
2.326269
2.332939
2.362290
2.364039
2.362150
2.331316
2.376408
2.381015
2.420233
2.431036
2.435475
2.411023
2.397531
2.382607
2.352815
2.389797
2.366537
2.352664
2.306247
2.316418
2.329336
2.403707
2.407391
2.415466
2.417446
2.434235
2.413820
2.405812
2.405430
2.415989
2.404105
2.420546
2.457259
2.389457
2.366819
2.365496
2.362965
2.334085
2.351740
2.375189
2.336630
2.337472
2.375715
2.332626
2.326409
2.359014
2.383254
2.364245
2.365901
2.365347
2.364529
2.325926
2.319333
2.304948
2.322790
2.323622
2.338268
2.323224
2.311492
2.321326
2.321861
2.320732
2.288204
2.287841
2.269517
2.240450
2.193604
2.177964
2.170601
2.167011
2.136356
2.119276
2.128197
2.139456
2.188503
2.216877
2.210219
2.207934
2.232865
2.253159
2.272913
2.290477
2.283219
2.265039
2.267409
2.291413
2.274022
2.287687
2.284950
2.269514
2.295938
2.293879
2.290874
2.316857
2.319042
2.338236
2.324564
2.350346
2.345124
2.347168
2.323052
2.336948
2.306953
2.290074
2.304026
2.307630
2.307840
2.329859
2.336373
2.313670
2.343500
2.322766
2.309413
2.260186
2.282385
2.269732
2.246168
2.272860
2.270214
2.303296
2.287987
2.292916
2.301518
2.279979
2.273589
2.243237
2.209667
2.225810
2.254795
2.251668
2.248010
2.268621
2.266998
2.275251
2.274113
2.281804
2.264251
2.252817
2.244331
2.257126
2.235862
2.263566
2.255115
2.271016
2.258601
2.272948
2.266253
2.295551
2.313063
2.317834
2.312809
2.279140
2.305222
2.302261
2.272540
2.283275
2.259650
2.277973
2.296147
2.268073
2.276360
2.307013
2.296897
2.303253
2.311924
2.303770
2.321095
2.321171
2.336796
2.339960
2.338487
2.376018
2.387007
2.377349
2.406058
2.393914
2.418306
2.410710
2.446107
2.425827
2.471058
2.451930
2.426613
2.437012
2.447726
2.442747
2.414288
2.373746
2.376389
2.395573
2.393160
2.380027
2.402152
2.405002
2.395328
2.419926
2.416827
2.449463
2.461878
2.404803
2.360353
2.378687
2.396572
2.393822
2.419023
2.347983
2.336805
2.301742
2.305111
2.339913
2.379321
2.382825
2.394548
2.423520
2.412906
2.362999
2.371116
2.413235
2.375441
2.366786
2.369731
2.376697
2.372940
2.333140
2.303333
2.304189
2.324831
2.306893
2.316217
2.267575
2.283118
2.304664
2.278645
2.286441
2.302247
2.272157
2.253504
2.282674
2.270754
2.250397
2.216077
2.231676
2.219960
2.225161
2.233190
2.221649
2.225617
2.253290
2.242342
2.206835
2.238674
2.202777
2.221887
2.276457
2.307466
2.263210
2.268607
2.262381
2.281514
2.263885
2.247032
2.228109
2.201946
2.202542
2.217250
2.212996
2.209198
2.185026
2.160019
2.157931
2.137421
2.161340
2.177587
2.195206
2.164028
2.177099
2.184116
2.194996
2.202506
2.215000
2.171417
2.208478
2.235077
2.253539
2.266260
2.246644
2.282915
2.313356
2.286622
2.302595
2.299068
2.302418
2.309332
2.303878
2.320121
2.327988
2.360690
2.341090
2.336379
2.341986
2.345280
2.305874
2.336308
2.362962
2.368768
2.339587
2.323872
2.346895
2.372522
2.317707
2.334116
2.311160
2.353364
2.364509
2.385304
2.388539
2.390028
2.407347
2.395939
2.373314
2.349726
2.318572
2.330733
2.333926
2.274395
2.262002
2.253397
2.243732
2.217413
2.253220
2.276195
2.260241
2.245549
2.243561
2.250752
2.270558
2.278011
2.257943
2.244842
2.239761
2.244226
2.244296
2.271531
2.269878
2.293902
2.279613
2.268051
2.270935
2.253660
2.248414
2.239301
2.200462
2.214211
2.242965
2.227722
2.245114
2.250463
2.268705
2.256285
2.286256
2.302417
2.273336
2.327300
2.300508
2.274660
2.257204
2.241587
2.249253
2.240482
2.274164
2.302759
2.301630
2.301906
2.311197
2.299526
2.293303
2.277578
2.245628
2.190862
2.203243
2.235819
2.263761
2.284184
2.304072
2.313877
2.331188
2.335262
2.334930
2.318482
2.331528
2.326206
2.351112
2.336117
2.352475
2.337604
2.346199
2.377701
2.386513
2.376128
2.368147
2.392020
2.397003
2.414920
2.399076
2.372246
2.344730
2.286656
2.309003
2.309410
2.290110
2.251852
2.303898
2.327943
2.341242
2.289088
2.298864
2.318940
2.312681
2.310498
2.341025
2.393093
2.400172
2.397722
2.372870
2.374377
2.369818
2.361062
2.361330
2.328688
2.339531
2.312011
2.350121
2.366683
2.348697
2.336277
2.290010
2.295980
2.286287
2.266175
2.244792
2.249019
2.270721
2.257946
2.257232
2.303844
2.333609
2.378426
2.375502
2.376745
2.396732
2.410254
2.418366
2.412548
2.414900
2.456518
2.449347
2.481308
2.475735
2.511207
2.511722
2.544328
2.570183
2.563334
2.570388
2.584716
2.593124
2.660216
2.653882
2.629141
2.648049
2.677613
2.675528
2.636814
2.655525
2.635545
2.647417
2.686153
2.717663
2.728049
2.741716
2.725867
2.717365
2.734596
2.754815
2.752305
2.748470
2.740042
2.735506
2.715534
2.713533
2.726289
2.708807
2.734780
2.760072
2.742826
2.734526
2.687181
2.699248
2.651487
2.678911
2.678552
2.735262
2.747028
2.752916
2.777300
2.786977
2.797788
2.859095
2.848899
2.890487
2.860356
2.852032
2.833140
2.828519
2.806213
2.794089
2.857600
2.902757
2.855686
2.817560
2.811989
2.808453
2.790201
2.776131
2.788693
2.789157
2.771453
2.774799
2.817967
2.802368
2.816421
2.830291
2.813312
2.843602
2.817885
2.796225
2.848885
2.861934
2.858359
2.863546
2.888031
2.909391
2.871990
2.896091
2.915540
2.930419
2.920861
2.936812
2.928746
2.944118
2.908749
2.893792
2.903732
2.947212
2.944405
2.931348
2.950296
2.959905
3.007884
3.039723
2.993356
3.055017
3.103573
3.134845
3.137225
3.140575
3.128472
3.163945
3.173938
3.190339
3.179308
3.203698
3.196549
3.222779
3.228707
3.219020
3.197337
3.229349
3.162577
3.164204
3.201932
3.184638
3.107187
3.112906
3.122253
3.136256
3.127079
3.139446
3.186025
3.176714
3.170649
3.194494
3.158010
3.109535
3.140042
3.108336
3.119433
3.162859
3.179044
3.215746
3.268605
3.299604
3.249615
3.248094
3.264315
3.212449
3.241788
3.260997
3.247141
3.237044
3.277642
3.290053
3.312721
3.272431
3.250945
3.282277
3.238820
3.196616
3.232294
3.221974
3.212254
3.178757
3.175776
3.186079
3.165062
3.154056
3.136238
3.226641
3.209309
3.193795
3.124646
3.181848
3.152196
3.113260
3.105647
3.112837
3.130810
3.092610
3.054130
3.065275
3.006531
3.083249
3.092668
3.103306
3.162431
3.157514
3.125576
3.124131
3.134190
3.145395
3.099171
3.138369
3.121486
3.174241
3.204037
3.209944
3.215901
3.294833
3.280342
3.257249
3.298906
3.291493
3.317994
3.342952
3.372888
3.411014
3.460099
3.470197
3.436406
3.413569
3.434152
3.379396
3.406835
3.360598
3.287889
3.307919
3.262841
3.244453
3.205353
3.194030
3.232012
3.194377
3.200942
3.258038
3.339676
3.345586
3.380447
3.435763
3.431265
3.437849
3.438442
3.460836
3.449059
3.421186
3.429504
3.433011
3.401968
3.412921
3.423573
3.348875
3.390627
3.372483
3.362504
3.341687
3.362316
3.368519
3.351353
3.356155
3.401307
3.409546
3.404090
3.431552
3.415312
3.420943
3.422946
3.440041
3.450294
3.458048
3.473347
3.410830
3.407942
3.417541
3.390633
3.386548
3.407002
3.400271
3.374095
3.284038
3.311574
3.275066
3.302084
3.260226
3.297846
3.284488
3.392530
3.415268
3.429171
3.507053
3.487235
3.528420
3.540926
3.566765
3.538023
3.536762
3.567555
3.677500
3.692322
3.647467
3.647172
3.658289
3.688427
3.674304
3.653191
3.645774
3.593585
3.624764
3.646065
3.677836
3.705022
3.690077
3.693915
3.722915
3.723605
3.706479
3.696911
3.705197
3.739231
3.702734
3.667381
3.671656
3.688697
3.701312
3.674119
3.603814
3.606557
3.660087
3.679545
3.724704
3.752720
3.710344
3.714093
3.679697
3.678938
3.687944
3.724246
3.707365
3.739055
3.734949
3.727328
3.779854
3.742509
3.811547
3.835889
3.835258
3.801268
3.831568
3.897788
3.843418
3.855877
3.841779
3.869846
3.860073
3.818755
3.813376
3.800530
3.742474
3.773614
3.747277
3.805846
3.831074
3.855836
3.817789
3.778922
3.719856
3.693751
3.670799
3.745226
3.716498
3.678624
3.733764
3.776181
3.730823
3.676798
3.708062
3.684188
3.694526
3.715568
3.716350
3.735793
3.723434
3.789751
3.808636
3.837797
3.740280
3.749900
3.781963
3.828167
3.832583
3.824578
3.831213
3.761438
3.757219
3.781975
3.772403
3.790319
3.752625
3.814628
3.855646
3.827136
3.896442
3.901419
3.958357
3.974045
3.950701
3.967259
4.015978
3.978821
3.925553
3.904169
3.905732
3.930921
3.962041
4.021698
4.087245
4.014319
3.999999
4.004416
3.979709
3.961588
3.959887
3.974324
4.041854
4.080713
4.130121
4.089157
4.039597
4.020263
3.941361
3.917685
3.982954
4.000565
3.934644
3.921152
3.895251
3.846481
3.888193
3.895754
3.902524
3.945413
3.946560
3.982211
3.942352
3.911772
3.983693
3.960879
3.982279
3.998055
3.974028
3.970044
3.957510
3.943282
3.941263
3.949782
3.902779
3.870413
3.868997
3.839141
3.864140
3.846696
3.858017
3.905826
3.937971
3.952342
4.000032
3.956816
3.944488
3.903552
3.821606
3.848242
3.873134
3.845086
3.865340
3.854729
3.873075
3.896014
3.869807
3.834012
3.878623
3.877971
3.893404
3.858407
3.816912
3.803785
3.813617
3.813276
3.844017
3.897551
3.899988
3.905050
3.933580
3.916375
4.003954
3.994176
3.974019
3.968693
3.939310
3.951653
3.957201
3.898323
3.902858
3.955044
3.872170
3.908775
3.926590
3.953292
4.024586
3.964811
4.007211
3.986600
3.967400
4.023847
4.082287
4.136861
4.200135
4.190610
4.207880
4.197716
4.183486
4.076023
4.154115
4.057494
4.090950
4.096531
4.085510
4.083414
4.074412
4.131237
4.161424
4.182372
4.228273
4.247220
4.175058
4.185689
4.131271
4.176974
4.139104
4.205085
4.184182
4.232601
4.242446
4.261060
4.277133
4.172317
4.133162
4.134416
4.154823
4.073720
4.066819
4.075922
4.075397
4.023251
4.025974
4.032631
4.071014
4.076733
4.161401
4.193920
4.202559
4.070203
4.096250
4.138555
4.194346
4.202765
4.139703
4.083021
4.079620
4.054166
4.086827
4.058646
4.064915
4.095874
4.092638
4.062765
4.047486
4.056118
4.076561
4.117154
4.083530
4.170992
4.239672
4.265170
4.232608
4.239781
4.203824
4.218149
4.220417
4.258725
4.306952
4.283471
4.248994
4.274739
4.281504
4.308586
4.257775
4.262053
4.238554
4.214826
4.245289
4.223834
4.262851
4.275916
4.301493
4.274855
4.272922
4.204786
4.115574
4.066939
4.047939
4.066683
4.033284
4.038989
4.041362
4.073420
4.036447
4.036849
4.024857
3.985646
4.039882
4.053070
3.995259
4.069033
4.059525
4.073502
4.063407
4.086738
4.112561
4.159996
4.182791
4.164605
4.235676
4.213458
4.212661
4.166544
4.148984
4.149660
4.170219
4.085885
4.087123
4.099833
4.170413
4.189297
4.196256
4.253989
4.182193
4.166012
4.283196
4.256074
4.184834
4.284645
4.167478
4.132433
4.126306
4.122262
4.104498
4.120350
4.188246
4.249592
4.274685
4.261796
4.268752
4.283334
4.172648
4.174742
4.226216
4.241206
4.247231
4.259644
4.207936
4.264310
4.277977
4.243572
4.321982
4.265462
4.241176
4.280698
4.263139
4.295316
4.377914
4.334232
4.344853
4.321669
4.326563
4.306718
4.241489
4.244087
4.201490
4.153103
4.142182
4.187750
4.159459
4.192231
4.185164
4.250478
4.206425
4.263391
4.298451
4.297430
4.322843
4.317005
4.361009
4.466078
4.423753
4.393864
4.323455
4.280907
4.258123
4.326855
4.296869
4.389304
4.345129
4.386909
4.334586
4.366322
4.396392
4.337313
4.310677
4.320871
4.345965
4.287762
4.283552
4.223420
4.293101
4.366473
4.377719
4.418896
4.389685
4.301218
4.311587
4.302172
4.308410
4.272819
4.326456
4.330134
4.364127
4.384864
4.423248
4.327853
4.349845
4.360188
4.266814
4.251418
4.356298
4.351787
4.391496
4.351328
4.247106
4.206216
4.229678
4.253118
4.268713
4.245081
4.176428
4.179159
4.207898
4.180595
4.117578
4.080607
4.194587
4.213065
4.227767
4.301807
4.302153
4.404505
4.412820
4.387404
4.432995
4.365701
4.341316
4.382145
4.428195
4.448674
4.419303
4.413343
4.340354
4.377628
4.384089
4.362014
4.351433
4.346894
4.303254
4.319348
4.358955
4.320567
4.320909
4.278478
4.314258
4.297167
4.265435
4.352207
4.354898
4.430557
4.469560
4.450989
4.451842
4.388836
4.382819
4.351388
4.431531
4.409954
4.421135
4.482424
4.496821
4.538952
4.561332
4.646331
4.587703
4.559002
4.586892
4.642010
4.628664
4.640566
4.613452
4.569033
4.544697
4.562020
4.607359
4.569722
4.537823
4.514247
4.526488
4.566276
4.501727
4.457526
4.427510
4.445403
4.385409
4.404750
4.369338
4.476715
4.483006
4.462144
4.462681
4.474724
4.485091
4.575552
4.588423
4.627112
4.530577
4.527248
4.534677
4.489727
4.487379
4.488626
4.484612
4.523968
4.505766
4.500788
4.540588
4.585782
4.586151
4.712547
4.712134
4.754364
4.741068
4.888602
4.865962
4.857201
4.832611
4.819646
4.836527
4.742051
4.719876
4.701771
4.741779
4.780987
4.796391
4.827228
4.888596
4.933282
5.007688
5.053605
5.142692
5.097507
5.090874
5.097152
5.060861
5.019696
4.987686
5.032159
4.959344
4.899232
4.954207
4.926740
4.909299
4.973379
5.049746
5.098455
5.081926
5.158262
5.153415
5.263665
5.270084
5.242537
5.202503
5.123689
5.132770
5.083210
5.195709
5.221088
5.212998
5.122380
5.157899
5.223915
5.263050
5.270891
5.274854
5.212969
5.236630
5.266702
5.197711
5.287675
5.270646
5.262761
5.286340
5.333197
5.371805
5.273704
5.281651
5.219171
5.227070
5.227195
5.302640
5.351462
5.326390
5.407019
5.421173
5.392789
5.388172
5.278141
5.259098
5.266061
5.259137
5.251957
5.257306
5.165382
5.157451
5.142125
5.118196
5.190232
5.292991
5.334571
5.377018
5.436160
5.410260
5.370387
5.338061
5.361916
5.374755
5.276168
5.244585
5.207178
5.141443
5.149563
5.173970
5.198169
5.316838
5.312534
5.207154
5.241136
5.208754
5.263951
5.297776
5.267298
5.301804
5.360608
5.325361
5.360702
5.278677
5.244598
5.248829
5.211884
5.190776
5.268310
5.217086
5.227977
5.244137
5.254460
5.262890
5.240319
5.218524
5.279655
5.243722
5.166438
5.235836
5.298207
5.326785
5.320906
5.298766
5.298327
5.292673
5.264911
5.231055
5.259057
5.359816
5.360631
5.413909
5.404815
5.433021
5.421797
5.415822
5.357869
5.347528
5.364259
5.394758
5.324775
5.330070
5.325920
5.249362
5.319620
5.329402
5.335625
5.513874
5.493681
5.547444
5.634384
5.597206
5.611551
5.618579
5.709756
5.790061
5.706774
5.696796
5.616847
5.657472
5.655726
5.643439
5.670098
5.638715
5.645752
5.684111
5.685391
5.654052
5.561854
5.485672
5.553720
5.508774
5.538591
5.540434
5.503332
5.491197
5.513077
5.496001
5.418533
5.421837
5.469299
5.508077
5.470942
5.424597
5.485912
5.530109
5.666058
5.720520
5.618867
5.636994
5.605385
5.526986
5.581195
5.564999
5.533920
5.519553
5.488097
5.474716
5.478070
5.430670
5.387511
5.416507
5.406041
5.395339
5.391213
5.470513
5.521158
5.486527
5.434699
5.481229
5.445930
5.434593
5.476709
5.424906
5.387133
5.395694
5.351750
5.371104
5.393964
5.444899
5.431099
5.402902
5.399195
5.411624
5.448976
5.424685
5.418055
5.378026
5.439479
5.429993
5.388556
5.359235
5.405043
5.446151
5.467835
5.508738
5.486296
5.424622
5.400881
5.390125
5.400310
5.333705
5.261914
5.292820
5.279962
5.312759
5.336807
5.412099
5.391788
5.253771
5.276184
5.296874
5.325429
5.317513
5.244370
5.198519
5.172359
5.211093
5.199817
5.125589
5.123978
5.126450
5.233703
5.208134
5.227541
5.274935
5.261415
5.264361
5.222132
5.156488
5.112399
5.172078
5.069354
5.080091
5.052804
5.124940
5.064378
5.046693
5.002629
4.951052
4.899860
4.946614
4.910922
4.923772
4.926438
4.955881
5.024856
4.995445
4.923858
4.977905
4.950703
4.963546
5.020369
5.023562
5.068499
5.083355
5.117781
5.098712
5.083772
5.080759
5.081818
5.112991
5.107846
5.097736
5.130435
5.167188
5.158566
5.154278
5.156083
5.114115
5.017737
4.977637
4.955690
4.957490
5.000291
4.983793
5.046140
5.053633
5.026517
4.960676
5.000971
4.982078
5.012046
5.044040
5.054872
5.066272
5.169600
5.201517
5.256347
5.164123
5.184203
5.232703
5.252043
5.317677
5.216436
5.255375
5.184926
5.233342
5.267852
5.280052
5.327711
5.268375
5.274217
5.239447
5.156055
5.147500
5.123280
5.181237
5.129387
5.060245
5.084445
5.103730
5.094681
5.110113
5.037292
5.015649
5.053640
5.123936
5.118758
5.137301
5.256032
5.323141
5.377876
5.362311
5.408560
5.398268
5.336529
5.319493
5.272669
5.276542
5.216581
5.246828
5.244704
5.245866
5.283142
5.310423
5.373768
5.277664
5.212211
5.149676
5.204497
5.210531
5.292001
5.277979
5.314422
5.323026
5.358757
5.321684
5.438051
5.332858
5.256545
5.224059
5.227515
5.174022
5.091916
5.113146
5.143297
5.062913
5.072605
5.127680
5.034772
5.107397
5.135010
5.204820
5.234091
5.260773
5.226468
5.221252
5.204648
5.094115
5.059610
4.968710
5.002563
5.015256
5.121030
5.126583
5.156415
5.143599
5.181994
5.165370
5.117203
5.114315
5.165664
5.200513
5.230826
5.189012
5.129523
5.136607
5.155489
5.174875
5.057723
5.056729
5.040530
5.029407
5.028103
5.011047
5.014717
5.069068
5.082048
5.039533
5.021945
4.961241
4.944546
5.001751
5.042587
5.080946
5.012755
4.967421
4.962776
5.026908
5.090885
5.124848
5.095553
5.115523
5.108286
5.100389
5.057183
5.043227
4.973972
4.928398
4.954832
4.992416
5.030349
5.076569
5.014722
5.106707
5.091999
5.075866
5.045710
5.040378
5.038282
4.990177
5.020741
5.099353
5.012778
4.997900
5.056047
5.025808
4.971724
4.973749
5.080910
5.081198
5.144107
5.177756
5.136344
5.157435
5.154405
5.222709
5.232519
5.228866
5.273037
5.281150
5.247552
5.185603
5.147202
5.027923
5.016323
5.024191
4.992714
4.954737
4.929758
4.903122
4.899429
4.921063
4.879858
4.945278
4.982537
5.042104
4.979609
5.023463
5.100089
5.106451
5.078613
5.134355
5.019742
4.981750
4.929738
4.967207
4.898957
4.914201
4.925828
5.045559
5.091492
5.094698
5.113510
5.109479
5.132989
5.238356
5.296554
5.340665
5.317639
5.290036
5.221337
5.205663
5.230664
5.252240
5.312029
5.293344
5.268852
5.274958
5.346482
5.350918
5.376166
5.309098
5.295839
5.252006
5.204077
5.210626
5.278578
5.283123
5.241395
5.424093
5.514834
5.578724
5.627121
5.711491
5.762206
5.762931
5.782226
5.904972
5.874889
5.877943
5.854569
5.858729
5.954203
5.984071
6.042140
6.173039
6.240805
6.186100
6.233103
6.342083
6.243824
6.313198
6.225315
6.218643
6.143223
6.112316
6.156889
6.139284
6.169185
6.216233
6.181845
6.156050
6.201100
6.121545
6.155997
6.189686
6.208039
6.293197
6.231203
6.207119
6.299407
6.383178
6.355619
6.373934
6.363925
6.347085
6.315183
6.326332
6.296006
6.226122
6.230740
6.192714
6.252567
6.246626
6.241695
6.240067
6.251568
6.162596
6.163568
6.254208
6.273918
6.262316
6.255321
6.156907
6.252072
6.239606
6.318758
6.250633
6.197870
6.212161
6.210616
6.162875
6.180908
6.115891
6.139721
6.045192
6.081439
6.041735
6.104124
6.138660
6.202778
6.200872
6.216107
6.301125
6.349612
6.293022
6.169802
6.220370
6.208190
6.094976
6.215837
6.214919
6.173339
6.233126
6.213234
6.198223
6.148640
6.193318
6.297023
6.298086
6.229699
6.255015
6.347755
6.479658
6.457030
6.487824
6.463436
6.507277
6.480061
6.411170
6.354055
6.386682
6.326617
6.305598
6.232862
6.042919
6.058493
6.083200
6.107151
6.145346
6.162448
6.059676
6.029444
6.041404
6.072795
6.015920
5.990169
6.114349
6.043160
6.009193
5.936205
5.943983
5.937005
5.869773
5.796349
5.823459
5.777256
5.824206
5.796225
5.816006
5.762323
5.789623
5.691167
5.836859
5.691933
5.659564
5.572919
5.638668
5.658413
5.683684
5.560393
5.541278
5.578398
5.604441
5.637265
5.639578
5.723804
5.734701
5.615443
5.699839
5.666279
5.687337
5.712704
5.685770
5.665371
5.659190
5.701284
5.671213
5.696031
5.644334
5.538442
5.544677
5.493320
5.508722
5.403735
5.489397
5.508668
5.537180
5.541206
5.569177
5.592324
5.633515
5.588533
5.561664
5.613551
5.543157
5.596444
5.620427
5.636501
5.600351
5.505559
5.472898
5.448669
5.480025
5.558392
5.617701
5.709635
5.690446
5.722619
5.539398
5.567156
5.529845
5.518354
5.548029
5.471490
5.453827
5.542016
5.546857
5.541978
5.518619
5.451066
5.405878
5.412763
5.380735
5.526489
5.511795
5.426091
5.422145
5.528709
5.480736
5.402532
5.407629
5.515098
5.420367
5.335048
5.218787
5.267390
5.290200
5.309265
5.284985
5.365039
5.331439
5.428900
5.428494
5.379574
5.390584
5.407086
5.338186
5.406100
5.398207
5.370144
5.304011
5.319496
5.360993
5.323291
5.288417
5.243244
5.273046
5.222456
5.284668
5.444977
5.428928
5.405666
5.368083
5.405444
5.402466
5.451657
5.419938
5.469334
5.552343
5.588432
5.571883
5.741386
5.836392
5.885074
5.831550
5.873375
5.794490
5.853222
5.778644
5.732863
5.706423
5.706734
5.737346
5.711352
5.694421
5.685687
5.655669
5.620030
5.677575
5.720778
5.721467
5.709339
5.683727
5.598353
5.567541
5.585420
5.598297
5.566229
5.460033
5.387106
5.339001
5.267923
5.167504
5.185276
5.174433
5.159142
5.207066
5.252589
5.134260
5.254844
5.186901
5.250652
5.202652
5.228308
5.183491
5.211278
5.093186
5.219408
5.238381
5.166652
5.140372
5.114045
5.068129
5.034793
5.043262
5.074370
5.000140
5.032630
5.055422
5.036220
5.116816
5.123069
5.138573
5.167497
5.142182
5.142335
5.140779
5.079451
5.139158
5.100898
5.100940
5.070787
5.079624
5.036922
5.113953
5.095396
5.067447
5.086649
5.148611
5.038334
5.022046
4.995670
4.969637
4.920333
4.903785
4.881399
4.918583
4.919813
4.977616
4.972578
4.920842
4.885464
4.867828
4.895896
4.841649
4.820882
4.852703
4.795203
4.842960
4.854018
4.765449
4.750031
4.739764
4.778400
4.749473
4.740493
4.675834
4.642340
4.659344
4.765414
4.787015
4.867061
4.823012
4.790804
4.732641
4.730709
4.704203
4.743360
4.686057
4.704561
4.722604
4.753661
4.841624
4.829245
4.830807
4.848804
4.825849
4.811809
4.752773
4.918411
4.945574
4.918272
4.912776
5.039537
5.066808
5.027959
5.035630
4.973632
4.958270
5.048656
5.021117
5.019337
5.040877
5.034008
5.033192
4.958477
4.954617
4.920039
4.895437
4.859428
4.796817
4.842904
4.865512
4.839222
4.839949
4.763324
4.827167
4.804622
4.793933
4.813014
4.795466
4.800184
4.777961
4.742906
4.694490
4.670172
4.698997
4.753271
4.688602
4.680328
4.657769
4.609809
4.596198
4.582705
4.531837
4.534580
4.581536
4.563991
4.513838
4.556208
4.568617
4.540552
4.531066
4.556575
4.552408
4.555118
4.464314
4.461830
4.497568
4.450263
4.419463
4.386640
4.420833
4.365687
4.411927
4.479392
4.426750
4.447167
4.457049
4.469918
4.441426
4.405249
4.430615
4.446546
4.395023
4.425847
4.402409
4.434090
4.389043
4.359499
4.384209
4.410996
4.527184
4.598227
4.607140
4.673355
4.666221
4.726406
4.677582
4.748305
4.817531
4.910340
4.941152
4.914416
4.932547
4.934344
4.952000
4.885173
4.866462
4.778357
4.795805
4.791552
4.750778
4.822742
4.808812
4.749045
4.725882
4.756940
4.779549
4.770846
4.808937
4.841215
4.843696
4.814487
4.786771
4.833805
4.775152
4.800005
4.790656
4.779316
4.775175
4.798260
4.796693
4.780309
4.848092
4.881968
4.839467
4.811263
4.798687
4.849887
4.842638
4.941069
4.972913
5.018684
5.107743
5.132528
5.149694
5.117382
5.091303
5.136207
5.083497
5.033999
5.059819
5.074518
5.016387
5.086566
5.180614
5.228546
5.277952
5.229351
5.211892
5.161491
5.231828
5.172050
5.178669
5.109460
5.152612
5.223832
5.217885
5.180835
5.119554
5.091877
5.137996
5.114630
5.170132
5.075622
4.993261
4.997026
5.041680
5.077464
5.071740
5.148259
5.060633
5.087466
5.085489
5.067725
5.015943
5.035930
4.987173
4.957576
4.961972
4.896306
4.878192
4.805954
4.925871
4.976068
5.023219
4.999433
4.983642
4.962330
4.926340
4.830762
4.829781
4.853762
4.847816
4.822679
4.746801
4.750219
4.739910
4.716131
4.728190
4.671981
4.690846
4.698234
4.758100
4.816559
4.812605
4.808311
4.780367
4.766045
4.772386
4.732119
4.727009
4.728612
4.749621
4.772587
4.796522
4.815354
4.864550
4.993596
4.815297
4.862791
4.803251
4.831401
4.838013
4.846059
4.921816
4.965455
5.003562
4.996508
4.931600
5.000314
5.036545
5.055498
5.056496
5.037228
4.999631
5.001756
5.015488
5.030061
5.010643
4.927455
4.919273
5.012953
4.973274
5.046681
5.152713
5.120355
5.131539
5.104389
4.979048
5.003703
5.043601
5.069869
5.073337
5.150559
5.151991
5.186066
5.193910
5.118540
5.175073
5.229502
5.190607
5.112956
5.090923
5.113239
5.152613
5.177944
5.201792
5.266077
5.231786
5.313772
5.358567
5.406377
5.354314
5.269625
5.282725
5.351604
5.444714
5.454578
5.463207
5.584219
5.664963
5.672954
5.670420
5.668781
5.667517
5.705857
5.695484
5.642458
5.685026
5.793465
5.829083
5.905995
5.858448
5.843807
5.850441
5.799182
5.746133
5.729119
5.763306
5.799712
5.889041
6.017290
6.093242
6.046533
6.080611
6.128377
6.118230
6.047367
6.065515
6.107885
6.138623
5.993707
5.946573
5.938853
5.924233
5.995189
6.161728
6.119202
6.211228
6.118636
6.110490
6.037486
6.091409
6.062665
6.070238
6.143040
6.099006
6.101859
6.048995
5.942223
6.084437
6.062961
6.108862
6.030214
6.034736
6.026975
6.007341
6.091724
6.113558
6.163851
6.131330
6.262586
6.320593
6.395828
6.453974
6.442003
6.394385
6.322150
6.285652
6.214406
6.190259
6.285703
6.235159
6.202685
6.214199
6.211628
6.157496
6.202534
6.207699
6.220561
6.214548
6.190910
6.193560
6.125292
6.169455
6.152936
6.270273
6.337119
6.307722
6.280223
6.334487
6.290044
6.207203
6.171139
6.164585
6.220255
6.219074
6.163851
6.189914
6.153897
6.061776
6.060051
6.054779
6.072550
6.096866
6.079494
6.013965
6.008056
6.021371
6.039901
6.159229
6.232216
6.211108
6.153622
6.183458
6.225240
6.124880
6.141088
6.153756
6.157446
6.102974
6.159088
6.173938
6.232578
6.129834
6.170007
6.067041
6.025365
5.994378
5.952656
5.967294
5.973822
5.951008
5.928216
5.923986
5.975907
5.980897
5.996702
6.000795
5.976655
5.956946
6.024157
5.980874
6.085483
6.044357
6.048025
5.982238
5.969502
5.958186
5.943265
5.970922
5.963475
6.093497
6.176356
6.234334
6.396778
6.323099
6.335204
6.312756
6.305064
6.305672
6.393681
6.408042
6.463926
6.408936
6.456918
6.484971
6.488012
6.449420
6.521692
6.532679
6.597898
6.510980
6.475986
6.471806
6.556117
6.576605
6.740632
6.834443
6.718766
6.794975
6.800342
6.801666
6.694687
6.644956
6.670744
6.656333
6.709669
6.692806
6.638357
6.581962
6.510228
6.529194
6.436406
6.406090
6.375807
6.361968
6.434787
6.290503
6.177363
6.166511
6.166278
6.084715
6.045733
5.931572
5.970608
5.947058
5.916757
5.802206
5.852065
5.864813
5.859941
5.910652
5.802834
5.767346
5.744808
5.803803
5.855292
5.992537
6.085970
6.155683
6.063780
6.115270
6.113504
6.065019
5.998563
6.013418
5.985265
5.994772
6.009472
5.870916
5.887335
5.878810
5.828700
5.863108
5.936460
5.946236
5.942747
5.944241
5.964111
6.060043
6.083417
6.089557
5.981541
6.010117
5.997805
6.070108
5.984826
6.054062
5.991459
5.910266
5.963769
5.909267
5.883517
5.917249
5.919471
5.999622
5.899727
5.878711
5.882801
5.777374
5.750757
5.686095
5.657975
5.692754
5.763276
5.730365
5.766566
5.809602
5.877422
5.842465
5.953506
5.860696
5.853038
5.971172
5.953952
5.927100
5.994389
5.959209
6.002048
5.878502
5.915466
5.886592
5.883030
5.919222
5.987280
5.998284
5.873921
5.932289
5.993400
5.998262
5.989120
6.058852
6.003803
6.118804
6.185494
6.219128
6.341985
6.357236
6.304359
6.194791
6.105702
6.091165
6.053362
5.985569
5.965677
5.925276
5.935961
5.944159
5.987931
6.024277
5.936169
5.840623
5.799791
5.810023
5.704575
5.682047
5.665019
5.649281
5.673828
5.715542
5.787594
5.752283
5.737854
5.685635
5.624319
5.694094
5.601886
5.544077
5.449795
5.414064
5.385587
5.453579
5.413602
5.510867
5.528174
5.478072
5.500713
5.496969
5.492637
5.597262
5.595236
5.549717
5.600335
5.642492
5.650677
5.628344
5.632482
5.656803
5.665080
5.686498
5.791081
5.760519
5.803085
5.849895
5.823640
5.809765
5.848225
5.749441
5.768040
5.736225
5.716457
5.788974
5.868424
5.924874
5.865737
5.886437
5.913811
5.914795
5.872598
5.899339
5.979749
5.920738
5.885595
5.972141
6.082103
6.067107
6.131475
6.187488
6.199042
6.161069
6.154800
6.197531
6.102345
6.143797
6.181742
6.157211
6.191200
6.159717
6.184808
6.165712
6.191227
6.247026
6.244902
6.100959
6.130951
6.249900
6.167914
6.123934
6.042379
6.139868
6.109019
6.092682
6.049254
6.023697
5.986718
6.037115
6.036494
6.003716
5.933164
5.863819
5.891921
5.867497
5.881661
5.909318
5.835417
5.891411
6.007484
5.957456
5.801912
5.802495
5.765353
5.831362
5.820781
5.730139
5.696018
5.737230
5.855385
5.885381
5.809589
5.879458
5.922829
5.933231
5.945884
6.084155
6.080708
6.074514
6.156962
6.159462
6.242822
6.107623
6.106200
5.990649
6.082715
6.044128
6.120263
6.142828
6.168552
6.126287
6.092644
6.090265
6.101695
6.172117
6.205163
6.240866
6.252739
6.239581
6.289136
6.344739
6.332550
6.316443
6.409917
6.429119
6.512381
6.463243
6.561148
6.631173
6.757587
6.822148
6.939597
6.866423
6.909309
6.792966
6.802551
6.830509
6.846448
6.721362
6.786485
6.855619
6.797699
6.847652
6.843179
6.913816
6.883005
6.936354
6.994975
7.003288
6.987820
6.942260
6.885225
6.811019
6.756313
6.755852
6.727165
6.645258
6.794065
6.782597
6.771042
6.798685
6.767508
6.645654
6.778355
6.816240
6.804304
6.786356
6.795537
6.756533
6.674583
6.718743
6.828718
6.770381
6.712301
6.708130
6.741614
6.629726
6.638456
6.543953
6.475135
6.452000
6.422266
6.515106
6.395760
6.494504
6.540687
6.506364
6.443667
6.403713
6.345412
6.348865
6.341529
6.259777
6.258718
6.223940
6.241768
6.239721
6.290474
6.309840
6.353911
6.409564
6.397815
6.436990
6.390093
6.283905
6.329215
6.403019
6.451298
6.459119
6.560937
6.576188
6.557057
6.510213
6.474955
6.415154
6.312557
6.394627
6.489475
6.516263
6.645128
6.729522
6.668865
6.570054
6.583213
6.597576
6.498487
6.566035
6.439916
6.330416
6.241957
6.223281
6.238236
6.252992
6.246648
6.327121
6.301278
6.391290
6.432168
6.425518
6.434469
6.454715
6.387322
6.285662
6.216442
6.112224
6.150977
6.169698
6.196194
6.220945
6.293532
6.243659
6.211064
6.335944
6.306099
6.333145
6.359551
6.384176
6.409523
6.517737
6.488674
6.493484
6.454092
6.447919
6.507318
6.546244
6.565716
6.668565
6.694822
6.758710
6.888869
6.846322
6.709482
6.691130
6.783387
6.888854
6.732374
6.711489
6.638774
6.560425
6.565937
6.670593
6.732316
6.698934
6.643418
6.737136
6.734704
6.856385
6.875616
6.923496
6.802127
6.918037
6.876169
6.829989
6.811850
6.817023
6.859338
6.829017
6.769154
6.689473
6.528167
6.513385
6.407156
6.378113
6.422216
6.401520
6.444437
6.404899
6.400546
6.402165
6.339698
6.275102
6.319321
6.361075
6.305940
6.451529
6.443316
6.477851
6.561272
6.482628
6.439987
6.498004
6.569068
6.406925
6.316680
6.312391
6.312250
6.246443
6.196265
6.259371
6.221340
6.303588
6.342327
6.270857
6.309100
6.400716
6.448320
6.354509
6.272879
6.215252
6.177367
6.233167
6.203202
6.192452
6.247066
6.238142
6.302614
6.245507
6.276064
6.274178
6.231521
6.315541
6.210591
6.301097
6.346780
6.355456
6.232323
6.335891
6.418072
6.438935
6.393574
6.411781
6.307970
6.271476
6.184266
6.187115
6.162517
6.083779
6.077743
6.185418
6.153078
6.203327
6.287704
6.338853
6.351425
6.409921
6.405847
6.488614
6.442715
6.467194
6.436969
6.413915
6.453690
6.373676
6.337652
6.406846
6.427722
6.464129
6.442606
6.425126
6.350467
6.422638
6.396122
6.367062
6.407553
6.363044
6.334046
6.428080
6.507209
6.581962
6.498782
6.506879
6.543437
6.610453
6.577087
6.562162
6.486857
6.488585
6.557014
6.490986
6.497272
6.474153
6.498723
6.516666
6.622629
6.655040
6.676730
6.633777
6.666760
6.691624
6.789905
6.902820
6.909141
7.000643
6.942382
6.931105
6.953168
6.933992
7.050498
7.123396
7.168709
7.238119
7.146357
7.207728
7.309290
7.343057
7.198507
7.136168
7.118839
7.109219
7.073998
7.108449
7.178231
7.185845
7.172268
7.110140
7.167980
6.991608
6.975925
6.936080
6.955724
6.816723
6.814708
6.790332
6.864540
6.870598
6.930711
6.949349
7.037568
7.063761
7.026686
7.014210
7.036801
6.914046
7.002759
7.042362
6.956614
7.044729
7.019003
6.881377
6.974577
7.058122
7.043958
6.904038
6.919293
6.877083
6.880686
6.809803
6.734654
6.677803
6.570910
6.741103
6.586176
6.604364
6.549574
6.560416
6.532308
6.539155
6.612172
6.596225
6.509306
6.546289
6.677853
6.699669
6.775617
6.814332
6.715469
6.809745
6.853153
6.837597
6.867954
6.843586
6.782115
6.896916
6.868653
6.832236
6.776978
6.792147
6.672163
6.705280
6.718579
6.684627
6.664326
6.609600
6.557711
6.618102
6.658988
6.791793
6.737278
6.726404
6.898875
6.764858
6.749760
6.761745
6.797091
6.704451
6.761287
6.679598
6.586608
6.523440
6.691857
6.799775
6.828618
6.866022
6.917950
6.985876
6.956478
6.973759
7.050648
7.120433
7.091616
7.086141
7.015043
7.126558
7.157924
7.163949
7.089610
7.067846
7.165407
7.280522
7.325003
7.293999
7.322352
7.235545
7.252307
7.046431
7.037504
6.951496
7.027204
7.199477
7.246936
7.294133
7.253226
7.227286
7.209385
7.091752
7.134305
7.214785
7.192180
7.247220
7.182093
7.100016
7.042966
7.048193
7.047327
7.065930
7.079098
7.055565
7.039764
7.072243
7.083468
7.091082
7.149513
7.116195
7.135308
7.049943
6.989892
6.922127
6.913509
6.837168
6.865389
6.804632
6.918680
6.913792
6.916263
6.884571
6.854351
6.837715
6.802046
6.831844
6.837354
6.786729
6.803081
6.775201
6.895865
6.856944
6.878531
6.857418
6.820056
6.799008
6.886969
6.915068
6.863386
6.826454
6.766626
6.866074
6.976043
7.010261
7.022426
6.844631
6.809100
6.809732
6.842609
6.733604
6.711098
6.730172
6.769596
6.730738
6.730581
6.804907
6.763717
6.776464
6.831367
6.800160
6.750545
6.900544
6.956488
7.045250
7.149611
7.116414
7.098113
7.119663
7.020861
7.045408
7.116751
7.129933
7.198250
7.304165
7.283607
7.278477
7.352343
7.349087
7.430526
7.447033
7.497464
7.555886
7.453074
7.524818
7.520913
7.518806
7.626933
7.551500
7.636807
7.580969
7.620741
7.665708
7.739684
7.585556
7.865781
7.816255
7.765758
7.731377
7.761295
7.652362
7.554861
7.602866
7.605721
7.568564
7.612169
7.667887
7.685994
7.871816
7.761200
7.855036
7.756315
7.644925
7.714788
7.833886
7.867317
7.874834
7.832579
7.813870
7.753773
7.810852
7.842005
7.944739
7.894013
7.984605
8.155729
8.187080
8.174365
8.239897
8.227462
8.120435
8.127154
8.143315
7.950442
7.907284
7.892218
7.991902
8.017964
8.071815
8.033955
8.128273
8.100106
8.017273
8.076468
8.142188
8.242346
8.125117
8.072015
8.109533
8.189049
8.159330
8.155012
8.097941
8.114091
8.140971
8.191475
8.285343
8.267321
8.421245
8.586166
8.566768
8.462847
8.375516
8.407125
8.563990
8.741282
8.835629
8.808851
8.618316
8.626313
8.711489
8.892248
8.742560
8.804565
8.825535
8.611997
8.643440
8.745491
8.744303
8.726548
8.857984
8.892803
8.883747
8.992450
9.127781
9.179265
9.214360
9.350223
9.239879
9.364374
9.444069
9.384509
9.298335
9.290108
9.384572
9.417181
9.357269
9.306773
9.332583
9.274005
9.073173
9.166746
9.237791
9.329629
9.489434
9.596386
9.530583
9.637926
9.675191
9.573911
9.636918
9.735924
9.736245
9.592282
9.504716
9.360693
9.341757
9.268779
9.222526
9.324315
9.269533
9.167990
9.279982
9.221354
9.220933
9.331169
9.342745
9.502599
9.730728
9.773017
9.730583
9.586726
9.641534
9.647393
9.619886
9.724951
9.467620
9.415958
9.386214
9.418423
9.676599
9.588289
9.670186
9.772171
9.698336
9.671917
9.582399
9.621451
9.555117
9.704238
9.844811
9.731906
9.845285
9.654890
9.582165
9.567060
9.684701
9.680280
9.720378
9.785304
9.806261
9.679756
9.672814
9.780833
9.738846
9.635830
9.721643
9.633977
9.697480
9.753815
9.428253
9.410261
9.333662
9.347322
9.198278
9.321673
9.337825
9.364869
9.342916
9.361465
9.209216
9.130595
9.153746
9.161976
9.193687
9.228233
9.215263
9.214796
9.202624
9.145965
9.055992
9.018997
9.135478
9.090403
9.231395
9.317747
9.340924
9.332112
9.401581
9.590199
9.478049
9.557897
9.459718
9.396733
9.331965
9.290439
9.035103
9.169014
9.211582
9.327197
9.448802
9.397579
9.196739
9.258438
9.191939
9.214829
9.184993
9.064892
9.216682
9.272352
9.337026
9.257998
9.228211
9.303288
9.359523
9.287509
9.295416
9.427766
9.418295
9.348242
9.455571
9.507445
9.425084
9.468003
9.475726
9.620710
9.677677
9.771356
9.710864
9.685090
9.770470
9.726687
9.574500
9.434372
9.518220
9.390357
9.435959
9.357396
9.441870
9.383422
9.229104
9.216985
9.094369
9.177955
9.226522
9.178512
9.168319
9.347995
9.307704
9.395269
9.457588
9.868715
9.971503
10.065276
10.072608
10.153636
10.150112
9.958871
9.859248
9.883388
10.022743
9.976035
9.891310
9.902534
9.933653
9.935551
9.859218
9.837160
9.890208
9.939093
9.841389
9.807819
9.846292
9.713505
9.745579
9.801522
9.978279
9.882905
9.920707
9.923019
9.770891
9.773176
9.890139
9.898627
9.875291
9.834002
9.838047
9.800626
9.698229
9.695094
9.738663
9.797809
9.694025
9.895121
9.952611
10.046589
9.999716
10.063647
10.037068
9.929919
9.808852
9.656053
9.704533
9.683785
9.728636
9.721326
9.812246
9.952760
9.998977
10.105227
10.230598
10.165272
10.118045
10.106668
10.101115
10.186078
10.268976
10.182261
10.246538
10.279939
10.418981
10.581583
10.540819
10.636170
10.646559
10.597982
10.743560
10.759325
10.867820
10.814637
10.806241
10.708395
10.783850
10.758990
10.822588
10.646009
10.826072
11.090968
11.078538
10.824547
10.771452
10.701138
10.679192
10.847307
10.757414
10.980011
11.208037
11.168808
11.132531
11.062751
11.187599
11.283995
11.219822
11.012562
10.956222
10.677615
10.755344
10.625430
10.659467
10.745407
10.738967
10.813635
10.816351
10.895852
10.834815
10.820855
10.775331
10.676312
10.560556
10.736949
10.659338
10.612685
10.575092
10.350883
10.361550
10.298082
10.273429
10.397513
10.394431
10.411201
10.523838
10.509370
10.575136
10.703781
10.607919
10.798481
10.760254
10.713661
10.682715
10.720348
11.009373
11.019549
10.793814
10.996814
10.816725
10.897400
10.842750
10.811398
10.739892
10.920565
10.862433
10.905346
10.874225
10.759896
10.695290
10.762588
10.752915
10.623291
10.598070
10.573849
10.653119
10.782882
10.756707
10.760590
10.836267
10.653625
10.696401
10.688741
10.656522
10.451198
10.332275
10.419942
10.654407
10.449475
10.526214
10.454698
10.423102
10.359995
10.282622
10.280842
10.471202
10.352415
10.473986
10.457946
10.563187
10.533162
10.308285
10.137950
10.049063
9.973025
10.002539
9.739526
9.636783
9.739513
9.735035
9.805608
9.814987
9.764332
9.685171
9.603491
9.553846
9.660375
9.665817
9.784865
9.786589
9.869798
9.889726
9.924031
9.773718
9.807314
9.772244
9.778459
9.841955
9.949525
10.078539
10.119891
10.067259
10.170295
10.181063
10.237247
10.132036
10.289498
10.271665
10.272034
10.298707
10.276559
10.401467
10.444247
10.518652
10.481221
10.274684
10.332314
10.273560
10.254224
10.376774
10.374739
10.537124
10.545892
10.698189
10.822088
10.770673
10.790414
10.706523
10.728447
10.839886
10.966194
10.944146
11.022636
11.144140
11.108791
11.145525
11.132356
11.128703
11.351484
11.346422
11.174928
11.161790
11.075661
11.063043
10.973431
11.084254
11.077294
11.010133
10.779718
10.879597
10.827364
10.753589
10.738419
10.533670
10.529270
10.440943
10.334719
10.241941
10.255488
10.392973
10.359703
10.342232
10.405306
10.375552
10.211381
10.276383
10.087384
10.071175
9.971455
9.979932
9.906413
9.962422
10.081693
9.952904
9.867751
9.756953
9.584496
9.699964
9.711488
9.653536
9.858776
9.869970
9.942088
9.889303
9.834428
9.711165
9.765878
9.680703
9.707175
9.712314
9.831233
9.779367
9.932922
9.865930
9.709063
9.658232
9.740262
9.721487
9.958315
9.995123
9.925052
9.927326
10.014327
9.880262
9.803183
9.920756
9.730980
9.669381
9.631630
9.512849
9.369980
9.320847
9.442288
9.426832
9.432999
9.324860
9.343191
9.424253
9.494820
9.359339
9.375261
9.494612
9.506045
9.418818
9.411885
9.521842
9.517500
9.538065
9.677672
9.702285
9.944878
10.052355
10.101127
10.042016
10.028397
10.036896
10.146316
10.261069
10.235739
10.205727
10.043112
10.056136
10.028127
10.141928
10.133416
10.150601
10.165253
9.945629
10.146063
10.072799
10.016222
10.020248
9.887296
9.821197
9.563945
9.618649
9.517695
9.624324
9.399828
9.449420
9.353612
9.379387
9.408985
9.602148
9.576796
9.667803
9.400960
9.522317
9.456922
9.284044
9.271874
9.285936
9.256440
9.286999
9.277298
9.403544
9.415596
9.466735
9.511377
9.516161
9.740056
9.837729
9.844766
9.739059
9.608517
9.541382
9.611740
9.517371
9.323767
9.300249
9.286940
9.510828
9.502415
9.424044
9.504062
9.401118
9.343533
9.266575
9.330139
9.338262
9.097855
9.181289
9.122903
9.164543
9.315236
9.434474
9.494261
9.558407
9.641129
9.490577
9.371656
9.471221
9.473356
9.667958
9.546907
9.499354
9.437461
9.435716
9.316783
9.286155
9.286026
9.457794
9.548233
9.579971
9.556014
9.681703
9.469163
9.343986
9.234226
9.041525
8.986509
9.052617
9.084990
9.002903
9.054002
9.096474
9.169083
9.144585
9.258089
9.155885
9.030890
8.979090
8.833504
8.700368
8.806846
8.870672
8.829355
8.807549
8.708156
8.860388
9.025349
9.005791
8.896476
8.922175
8.861308
8.835113
8.858329
8.916976
8.950906
9.038356
9.145983
8.846595
8.798695
8.694826
8.667738
8.702389
8.797113
8.918409
8.946239
8.876555
8.869905
8.949231
8.889516
8.845698
8.829784
8.885621
8.869418
8.842138
8.679246
8.673113
8.771117
8.815511
8.650313
8.617514
8.699619
8.673185
8.749842
8.859721
8.868390
8.938630
8.851092
8.850684
8.766751
8.811281
8.822559
8.690599
8.597282
8.667687
8.720879
8.586890
8.501881
8.473897
8.552270
8.570422
8.661798
8.590652
8.620832
8.588455
8.579229
8.527004
8.606765
8.550193
8.564840
8.457352
8.407157
8.381504
8.355382
8.385280
8.467864
8.514210
8.602097
8.600536
8.561396
8.380627
8.504042
8.453586
8.383644
8.343037
8.417830
8.337638
8.471721
8.630647
8.659642
8.695610
8.899915
8.788007
9.082325
9.035768
9.140730
9.138011
9.163689
9.073703
9.001446
8.957537
8.866027
8.785111
8.785325
8.804214
8.829706
8.866733
8.740485
8.807388
8.773113
8.715031
8.596168
8.548316
8.493083
8.580549
8.419614
8.430871
8.336645
8.319122
8.132179
8.060894
8.143918
8.143866
8.093655
8.167075
8.184164
8.201182
8.131706
8.162624
8.077654
8.160996
8.144382
8.208490
8.077607
8.033516
8.201645
8.384652
8.668209
8.585060
8.646552
8.639310
8.688943
8.822221
8.730041
8.696247
8.715971
8.799989
8.674277
8.573214
8.624008
8.655427
8.758039
8.794595
8.847095
8.972108
9.105835
9.247281
9.401171
9.441055
9.457159
9.396775
9.449067
9.696007
9.734442
9.640838
9.597274
9.378016
9.477343
9.459917
9.437235
9.450533
9.433492
9.419951
9.567361
9.517247
9.503888
9.506411
9.435033
9.471841
9.548612
9.505506
9.485717
9.580767
9.577600
9.587440
9.663828
9.789198
9.921956
9.802181
9.904037
9.965055
9.953608
9.985916
9.902231
9.900716
9.854397
9.860055
10.026931
10.005908
9.964893
9.895637
9.972267
9.766356
9.914506
9.899168
9.902129
9.842272
9.693602
9.754983
9.799074
10.048376
10.137777
10.074467
9.964099
9.927327
9.972738
10.052135
10.138543
10.075871
10.035968
10.142906
10.180027
10.210325
10.208834
10.214745
10.254801
10.230709
10.214138
10.338593
10.321235
10.504584
10.430196
10.596264
10.579621
10.472450
10.421536
10.641564
10.724045
10.702890
10.801453
10.921239
10.860583
10.809309
10.836623
10.803235
10.812545
10.796151
10.837071
10.607786
10.609667
10.549262
10.772320
10.772693
10.748773
10.632191
10.382729
10.461482
10.537787
10.586696
10.414054
10.386448
10.303313
10.423792
10.370153
10.251721
10.396293
10.406797
10.581608
10.479081
10.486070
10.369104
10.477085
10.386822
10.528838
10.515091
10.428335
10.397449
10.353693
10.414445
10.340024
10.439989
10.329642
10.219473
10.119059
10.046968
10.032094
10.109232
10.137900
10.157022
10.269630
10.390878
10.500624
10.568985
10.811030
10.602439
10.535357
10.731126
10.733715
10.537017
10.468502
10.472557
10.547782
10.381688
10.371158
10.321513
10.533335
10.465841
10.466797
10.436529
10.473888
10.569201
10.534251
10.552646
10.583760
10.855007
10.833198
10.904480
10.768107
10.777812
10.888167
10.813260
10.792362
10.992877
11.010497
11.021229
11.055104
11.015898
10.985592
10.812751
10.952871
11.181760
11.011051
10.938848
11.066110
11.026287
11.181413
11.362575
11.352483
11.369750
11.420319
11.388027
11.411070
11.506051
11.462387
11.506511
11.429557
11.314460
11.343477
11.508433
11.602137
11.369899
11.290638
11.236042
11.180034
11.176430
11.267594
11.443700
11.648925
11.606456
11.682874
11.643438
11.935018
11.939737
12.027768
12.131182
12.325295
12.334265
12.371686
12.594195
12.322699
12.257494
12.301547
12.295150
12.157446
12.302611
12.179126
12.145480
12.259204
12.266034
12.320734
12.430099
12.606731
12.702286
12.752186
12.577434
12.538000
12.627749
12.643727
12.814593
12.824385
12.749183
12.612233
12.692042
12.511870
12.549428
12.588357
12.430841
12.511273
12.517853
12.829025
12.995995
12.956708
12.750983
12.874059
12.695808
12.543353
12.219710
12.168151
12.332750
12.306647
12.391938
12.534254
12.687541
12.735107
12.550944
12.495781
12.436599
12.391026
12.419923
12.435532
12.363530
12.360730
12.494844
12.443593
12.568989
12.459958
12.590858
12.744573
12.725916
12.672073
12.713793
12.568884
12.485169
12.351733
12.310304
12.226000
12.218982
12.377160
12.446575
12.348859
12.143589
12.135068
12.245542
12.332474
12.462029
12.620697
12.423786
12.484265
12.471371
12.447386
12.264880
12.252559
12.114681
12.100881
12.031514
11.786937
11.917389
12.022250
12.049754
12.241565
12.101746
12.273252
12.196233
12.290479
12.193917
12.183821
12.199547
12.071313
12.041604
11.910906
12.011463
12.008137
11.949579
12.209320
12.266707
12.148649
12.223182
12.407492
12.355468
12.118606
12.033390
11.985741
11.976778
11.962527
11.871873
11.830260
11.648000
11.649472
11.634575
11.623762
11.410760
11.399133
11.254996
11.255250
11.218983
11.153558
11.106146
11.202210
11.351736
11.400400
11.561266
11.507357
11.550724
11.530436
11.506925
11.458326
11.569549
11.764246
11.890228
12.051293
11.996547
11.939395
12.020152
11.916727
11.709461
11.688724
11.781929
11.877828
11.959343
11.914192
11.827360
11.550829
11.618409
11.532461
11.620507
11.535749
11.575072
11.465877
11.290592
11.187661
11.261899
11.416153
11.305311
11.349773
11.218987
11.085278
11.068675
11.298574
11.224430
11.295316
11.342862
11.453211
11.594308
11.552973
11.599857
11.658173
11.708590
11.592254
11.677769
11.589217
11.329767
11.347490
11.465883
11.537112
11.775608
11.848457
11.759732
11.675361
11.647523
11.654615
11.661974
11.682514
11.762570
11.638866
11.722946
11.755908
11.570234
11.536287
11.542070
11.343295
11.228850
11.312685
11.339497
11.387823
11.357957
11.093892
11.071460
11.135085
11.122664
11.026240
11.046367
11.061293
10.910749
10.697063
10.470629
10.478154
10.410582
10.436830
10.184084
10.149381
10.007349
10.004938
10.016900
9.923704
9.930698
9.915372
9.953886
10.003176
10.084094
10.184325
10.293351
10.247272
10.226085
10.251266
10.477475
10.488577
10.496432
10.472643
10.603366
10.567911
10.590208
10.775852
10.727168
10.571592
10.463194
10.362604
10.375313
10.370250
10.601773
10.548652
10.485144
10.593086
10.509103
10.441590
10.599223
10.544167
10.408769
10.460266
10.415612
10.514473
10.573447
10.701878
10.892762
10.983001
11.102940
10.909696
10.976477
10.758390
10.835417
10.723216
10.563384
10.494951
10.494528
10.553551
10.526663
10.686424
10.580784
10.700803
10.782786
10.688396
10.530807
10.476842
10.394132
10.351812
10.416534
10.421229
10.467603
10.491854
10.389020
10.369683
10.470153
10.502248
10.416172
10.367267
10.187437
10.271148
10.256633
10.240606
10.102696
10.105971
10.123911
10.245266
10.246357
10.320866
10.262043
10.371802
10.483241
10.653642
10.590589
10.755639
10.842421
10.764960
10.860784
10.843473
10.702156
10.719867
10.674528
10.507483
10.527569
10.598879
10.518511
10.476132
10.556256
10.691946
10.594991
10.506306
10.262410
10.238906
10.150875
10.193863
10.103550
10.018017
10.122535
10.037542
10.078711
9.959635
9.886402
10.053053
10.182847
10.269235
10.463807
10.405984
10.458045
10.353675
10.417757
10.556536
10.577136
10.737097
10.518525
10.671681
10.534420
10.656888
10.635239
10.606199
10.677017
10.531451
10.519762
10.400178
10.453589
10.311052
10.342867
10.388869
10.583757
10.679491
10.641644
10.610831
10.654886
10.519339
10.423448
10.476525
10.677408
10.636876
10.541768
10.557133
10.616221
10.579049
10.694540
10.691682
10.751919
10.756685
10.826116
10.910881
10.937258
11.002579
11.060457
11.020265
11.024848
11.035378
11.086775
11.154699
11.260269
11.420357
11.321511
11.403012
11.438118
11.368965
11.436298
11.236797
11.227736
11.045243
10.922285
10.933155
10.951000
10.741590
10.502962
10.372478
10.465471
10.380173
10.368322
10.272492
10.290048
10.394128
10.413947
10.224939
10.305486
10.124990
10.257177
10.421313
10.584787
10.643087
10.619638
10.640965
10.620526
10.769843
10.855719
10.941657
10.894212
11.010499
11.100360
11.227943
11.112345
11.120233
11.116762
11.003572
11.115938
11.163897
11.212101
11.241959
11.179532
11.379988
11.368095
11.267962
11.286013
11.417075
11.421410
11.453816
11.395475
11.563144
11.539423
11.619123
11.748701
11.795392
11.862385
11.994476
11.990791
12.021338
11.976183
11.945475
11.910917
11.779088
12.035468
12.262005
12.250728
12.186788
12.294433
12.097133
11.976298
11.897326
11.843648
11.841471
11.678481
11.863607
11.739306
11.556545
11.485150
11.381821
11.306480
11.190007
11.029242
11.143326
11.133233
11.318575
11.350272
11.290520
11.154653
10.918495
10.849188
11.014273
10.969904
11.023403
10.905720
10.850031
10.843144
10.851415
10.864999
10.806792
10.831489
10.718542
10.842364
10.885934
10.776508
10.824717
10.665628
10.624903
10.817080
10.986271
11.070382
11.079063
11.174451
11.098574
11.274365
11.201886
11.040203
11.158639
11.157633
11.236700
11.439244
11.511096
11.454844
11.338406
11.325581
11.251411
11.404903
11.610929
11.605919
11.523665
11.752416
12.028482
11.859003
11.774655
11.729270
11.750594
11.727490
11.728891
11.805737
11.604227
11.586684
11.708171
11.619977
11.485044
11.613648
11.595883
11.462863
11.575529
11.704931
11.693877
11.607016
11.498234
11.716765
11.718760
11.716051
11.720229
11.778922
11.742299
11.735090
11.589931
11.723157
11.658069
11.667852
11.562118
11.651688
11.514103
11.425838
11.446678
11.483844
11.623047
11.519430
11.609008
11.762747
11.725303
11.606062
11.599690
11.560508
11.444332
11.311119
11.363225
11.304731
11.384407
11.289077
11.190527
11.033771
10.983698
11.102011
10.967673
10.909753
10.832563
10.875952
11.003413
11.151597
11.429471
11.621127
11.627707
11.626427
11.558472
11.548956
11.680310
11.722574
11.730811
11.834444
11.801226
11.907950
11.903587
11.931984
11.814653
11.655627
11.868947
11.808995
11.747951
11.620098
11.440912
11.414233
11.556344
11.641463
11.703864
11.755037
11.790628
11.940965
12.149700
12.125354
12.113429
12.151434
12.094152
12.157826
12.165038
12.401080
12.574740
12.866338
12.816309
12.851982
12.752742
12.726235
12.806157
12.742333
12.813014
12.959294
13.093302
13.233803
13.441162
13.612220
13.569386
13.756307
13.646252
13.635595
13.643167
13.583924
13.567011
13.218963
13.138547
13.229868
13.260780
13.136427
13.054934
12.924605
12.948221
12.995866
13.001776
13.006830
12.986752
13.027928
12.983444
13.113444
13.112688
13.045913
13.093710
13.030250
13.035635
13.084769
13.128125
13.003951
13.351081
13.375693
13.413130
13.587221
13.766313
13.855719
13.776940
13.904964
14.026147
13.926728
13.766739
13.783621
13.532846
13.574269
13.870893
13.959668
14.095858
14.154210
14.018466
14.088050
14.306059
14.700157
14.881070
14.596807
14.824654
14.884359
14.855514
14.858668
14.869283
14.699310
14.779216
14.719378
14.647724
14.745011
14.545136
14.523583
14.524039
14.627825
14.899684
14.752786
14.751599
14.669390
14.701915
14.595126
14.587111
14.488826
14.314140
14.419739
14.277375
14.273377
14.128147
14.203482
14.197736
14.243272
14.212998
14.386250
14.660664
14.792840
14.879002
14.975541
14.949172
14.587757
14.491037
14.605206
14.553877
14.622390
14.516875
14.326928
14.208862
14.085852
14.147124
14.031873
14.227961
14.249849
14.415224
14.546905
14.490754
14.641384
14.499360
15.031676
14.914084
15.016134
14.991741
14.881604
15.150054
15.180997
15.329985
15.522443
15.639126
15.352549
15.446696
15.304447
15.326307
15.574582
15.448636
15.249079
14.919089
14.960804
14.981855
14.694840
14.896448
14.998920
14.835443
14.804547
14.852686
14.738186
14.677583
14.758758
14.925366
15.106310
15.478688
15.426753
15.293431
15.231854
15.252182
14.978671
14.962559
15.294666
15.540644
15.340884
15.163965
15.449954
15.283462
15.235616
15.103152
15.159849
15.337116
15.179569
15.382263
15.379347
15.539303
15.537151
15.565372
15.497864
15.525918
15.424663
15.354976
15.459406
15.322786
15.330035
15.044113
15.089200
15.089498
14.920874
14.830777
14.886055
15.021101
14.781233
14.765922
14.799393
14.950383
15.031009
14.903583
15.188320
15.255083
15.315729
15.394585
15.086715
15.179941
15.179632
15.246134
15.404762
15.446852
15.567276
15.576614
15.964221
16.072239
16.012562
15.868856
16.100228
16.073933
16.114084
16.082838
16.254117
16.136739
16.404742
16.427942
16.107547
16.203503
16.143179
16.305208
16.342340
16.100707
16.356747
16.442579
16.418526
16.655172
16.586434
16.487004
16.555589
16.525879
16.742633
16.781370
16.605652
16.619742
16.658802
16.642113
16.586555
16.447093
16.725036
16.641591
16.741785
17.039193
16.893417
16.974247
17.185491
17.104353
17.308524
17.025717
16.901723
16.997642
17.229831
17.109639
16.785357
16.727792
16.754650
16.640622
16.388773
16.826333
16.743053
16.412907
16.428297
16.471741
16.268587
16.481213
16.343177
16.415147
16.467153
16.750365
16.781106
16.900696
16.957164
17.036626
17.116325
17.114207
17.056531
17.106464
17.314883
17.490932
17.447304
17.125466
16.934978
17.269380
17.477831
17.592767
17.792177
17.781402
17.722322
17.648408
18.070905
18.228367
18.575729
18.895877
19.334293
19.462050
19.749696
19.454620
19.306369
19.281015
19.469829
19.863373
19.920363
20.224136
20.053459
20.440938
20.504897
20.504012
20.608616
20.841490
20.746199
20.463977
20.181878
20.367152
20.326804
20.110428
19.836535
19.793772
19.572492
19.572155
19.311830
19.054997
18.789229
18.715965
18.555029
18.474985
18.455292
18.480509
18.526535
18.558972
18.500439
18.154975
18.488545
18.524282
18.378118
18.177140
18.021621
18.028430
17.904456
17.945653
18.196329
18.019454
18.208228
17.936812
17.742001
17.390642
17.362957
17.354510
17.621508
17.792239
17.852043
17.883141
17.812303
17.793497
17.895568
17.820584
17.696676
17.508838
17.538732
17.367241
17.262825
16.932936
17.076005
17.040093
17.222450
17.400677
17.568443
17.643173
17.753741
17.653967
17.638529
17.757326
17.723104
17.871090
17.924758
18.066159
18.220548
18.289201
18.251184
18.084749
17.798873
17.811204
17.698270
17.588072
17.584665
17.596330
17.542934
17.359725
17.302074
17.266012
17.196886
17.333865
17.373069
17.340290
17.462909
17.456322
17.537668
17.459424
17.185538
17.012685
16.883615
16.838611
16.869995
17.181887
17.159005
17.333852
17.492535
17.542897
17.545767
17.512708
17.444389
17.359903
17.182881
17.236470
17.116864
16.824518
16.693877
16.771008
16.642831
16.577677
16.541872
16.567694
16.438708
16.682651
16.777663
17.102152
17.468178
17.445324
17.446806
17.515880
17.672652
17.591484
17.741482
17.787910
17.775178
17.810250
18.021024
17.745945
17.517552
17.324063
17.300121
17.587944
17.509383
17.272927
17.414922
17.674045
17.666367
17.786096
17.824788
17.625632
17.698207
17.375587
17.499075
17.578022
17.702200
17.470866
17.464433
17.226056
17.279272
17.012524
16.751592
16.930020
17.092065
17.292759
17.517383
17.694426
17.437595
17.494840
17.608969
17.697162
17.715347
17.946159
18.088703
17.944684
18.073728
18.336819
18.344129
18.273920
18.487705
18.238592
18.331944
18.275172
18.093876
18.253473
18.587670
18.502512
18.440515
18.519384
18.399823
18.382374
18.303819
18.349417
18.020999
18.272518
18.454179
18.310221
18.398393
18.010380
17.891421
17.871729
17.796046
18.064734
18.310410
18.448260
18.297382
18.182653
17.804835
17.739226
17.780424
17.771285
18.058865
18.281641
18.570794
18.205825
18.211220
18.269082
18.273730
18.115085
18.361344
18.315726
18.281912
18.186486
18.208292
18.124697
18.349179
18.293593
18.381363
18.524857
18.717728
18.561625
18.335917
18.388256
18.547051
18.594509
18.625968
19.022984
19.021926
19.269367
18.980050
19.009172
18.863678
19.147703
19.013416
19.555868
19.190719
19.072821
19.245685
19.349440
18.976904
18.756327
18.895727
19.027493
18.950562
19.424809
19.472724
19.514703
19.676518
19.764237
19.753597
19.683978
19.755063
19.881771
19.759570
19.681864
19.914411
19.920806
20.050081
20.057266
19.829888
19.633075
19.635536
19.587628
19.838593
20.018228
19.812206
19.755443
19.747973
19.620490
19.511908
19.791426
19.906693
20.169785
20.143172
20.504013
20.859289
20.479663
20.065398
20.329779
20.319354
20.197830
20.165749
20.053779
20.317728
20.339570
20.441527
20.431545
20.548944
20.337114
20.429155
20.626703
20.937347
20.836559
21.111848
20.972655
21.163761
21.370264
21.248216
21.473114
21.752888
21.820017
21.652339
21.508349
21.509663
21.325858
21.100626
21.081321
21.137720
20.982186
21.043520
21.001697
21.074897
20.765988
20.527259
20.575001
20.742433
20.538417
20.630326
20.508165
20.768802
20.634296
20.709152
20.990662
21.159426
21.374485
21.450891
21.301839
21.252839
21.117256
21.399063
21.580690
21.500838
21.315494
21.251779
21.791714
22.009700
22.151880
22.253787
21.904980
21.979036
21.971477
22.209636
21.760373
21.624079
21.800589
21.921048
21.570864
21.544770
21.430477
21.132827
20.801965
20.760244
20.762425
20.672815
20.811800
20.512713
20.268017
20.287139
19.996462
19.816251
20.028811
19.868135
19.807403
20.150223
20.006620
19.856820
19.977654
20.179043
20.691314
20.654401
20.782111
21.050553
20.838199
20.776082
21.286024
20.815654
20.869556
20.928568
20.998989
20.519357
20.360921
20.240494
20.514761
20.363806
20.470244
20.494960
21.004549
21.116539
21.377920
21.203390
21.405678
21.314993
21.618072
21.422349
21.498800
21.581497
21.903740
21.624621
21.975583
22.086706
22.106069
21.868303
21.659959
21.712737
21.776948
21.622126
21.577816
21.532922
21.443478
21.647508
21.639108
21.434361
21.936897
22.121549
22.126535
22.170418
21.868275
21.935821
21.925734
22.208729
21.909251
21.908993
21.700491
21.518245
21.780926
21.551804
21.337569
21.100770
20.905256
21.352876
21.526048
21.396817
21.643412
21.766249
21.512531
21.505647
21.400271
21.310873
21.324134
21.436961
21.447210
21.781721
21.562415
21.814713
21.735801
21.851034
21.895376
21.407753
21.643096
21.372429
21.299880
21.246432
21.119994
21.177178
21.105200
21.145427
21.248598
21.379044
20.999258
20.935119
20.811953
20.891559
20.946111
20.643921
20.430202
20.662157
20.485420
20.962494
20.712106
20.858628
21.234803
20.893567
21.081711
21.051437
20.756813
20.796646
20.593268
20.170753
19.925701
20.229072
20.160059
20.463178
20.492079
20.503014
20.726648
20.749358
21.047930
20.968136
21.366034
21.040754
21.000871
20.954270
21.104432
21.307060
20.782870
20.694207
20.489347
20.592666
20.655944
20.623719
20.804278
20.871531
21.050703
21.444888
21.721335
21.506561
21.633576
21.929691
21.883942
21.776247
21.790091
21.804822
21.554635
21.478180
21.329544
21.249464
21.112552
20.988990
21.478214
21.875891
21.724760
21.546392
21.747952
21.640443
21.765658
21.566477
21.559209
21.665001
21.834652
22.115799
21.993932
22.174044
22.019783
22.236931
22.480845
22.406605
22.721137
22.431884
22.683710
22.865751
22.722399
22.547609
22.293579
22.127628
22.114416
22.025170
21.674639
21.755094
22.133453
22.238790
22.299455
22.237112
21.935323
21.701119
21.523551
21.508041
21.574612
21.589094
21.399216
21.292210
21.269926
21.261356
21.101943
21.164262
21.213595
21.113191
21.212318
21.558923
21.513378
21.278117
21.372322
21.567288
21.626504
21.645007
21.791267
21.768006
21.501646
21.819911
22.104952
22.245114
22.328246
23.057113
22.938412
23.074070
23.123577
23.111146
23.084150
23.371768
23.567334
23.512784
23.357516
23.374723
23.388909
23.427797
23.574477
23.572449
23.741773
23.836040
23.417512
23.795787
23.217154
22.838521
22.649656
22.761804
23.175920
23.194059
23.301233
23.336948
23.350307
23.995740
23.844767
23.800916
23.664942
23.883614
23.609152
23.519177
23.391481
23.148999
23.371675
22.838277
22.841948
22.754967
22.674838
22.632221
22.425771
22.725682
22.707638
22.612921
22.530098
22.898411
22.778320
22.597685
22.474120
22.204704
22.215722
22.137264
21.997612
21.712436
21.623188
21.353628
21.020823
21.155775
21.141510
21.184596
21.165045
21.366908
21.466381
21.444474
21.154947
21.275430
21.734646
21.552606
21.717985
21.965495
22.060497
21.623327
21.781540
22.144621
22.299686
22.733331
22.865202
23.265175
23.480888
23.653491
24.084930
24.046433
24.071883
24.057398
23.818104
23.573475
23.725653
23.365545
23.409950
23.784041
23.752466
23.604363
23.743976
23.549634
23.627419
23.355457
23.103573
23.385654
23.388947
23.045913
22.888557
23.298213
22.918561
22.559278
22.342839
22.230732
22.352036
22.156610
21.666641
21.607294
21.676701
21.558973
21.368665
21.467433
21.810004
22.096704
22.419811
22.404928
22.009595
21.933091
22.139796
21.993247
22.100776
22.129887
21.964346
21.984629
22.153380
22.704542
22.771574
22.805159
22.924736
23.185383
23.181358
23.184297
23.228733
23.357348
23.669278
23.956524
23.904490
23.840167
23.740020
23.883161
23.948203
24.466335
24.347085
23.977240
24.097040
24.057374
24.075785
23.993928
24.290066
24.542722
24.812320
24.932779
24.923192
25.285188
25.333654
25.101197
25.348587
25.596770
25.528096
25.677945
25.126533
24.957848
24.824807
24.630473
24.315734
24.468830
24.574717
24.218391
24.511942
24.744230
24.967970
24.898237
24.990377
25.127963
25.192807
25.398460
25.368704
25.308933
25.544862
24.976922
25.288141
25.443900
25.565245
25.476259
25.728998
25.678637
25.457690
25.052418
25.405816
25.177271
24.684298
24.405154
24.602060
24.494046
24.939677
24.657563
24.510395
24.568655
24.233391
23.833890
24.011782
23.580393
23.861703
24.118259
23.898963
24.018647
23.944609
23.960598
23.663976
23.547424
23.694714
23.353997
23.242772
22.871564
23.078906
23.123618
22.985753
22.952262
23.175572
23.643838
23.494116
23.395109
23.301824
23.577498
24.007832
23.758168
23.823659
23.645340
23.768777
23.508851
23.800895
23.534201
23.549949
23.284799
23.236749
23.458317
23.739252
23.855197
23.800998
24.157095
23.680417
23.445397
23.599149
23.907861
23.899069
23.986393
23.969503
23.747407
23.549154
23.757382
23.775876
23.695508
24.277153
24.340863
24.393271
24.208699
24.426467
24.296580
24.627935
24.651320
24.520406
24.076120
24.184352
23.872772
23.761247
23.902623
23.701068
23.790369
23.952512
24.123777
23.735553
23.649569
24.220559
24.200002
24.209944
24.031374
23.919030
23.654129
24.407813
24.469084
24.310712
24.637794
24.909164
25.421820
25.985787
26.262111
26.193148
26.523059
26.826600
27.084267
26.595581
26.858250
27.517101
27.283795
27.289559
27.100284
27.509618
27.916351
27.473238
27.775012
27.521487
27.603018
27.743550
27.532731
27.599333
27.874267
27.987906
28.756572
28.793379
28.544166
29.303581
29.055528
28.962243
28.970166
29.133075
29.250901
29.359146
28.842009
28.345598
28.326837
29.209298
29.343532
28.998075
29.326776
28.991659
29.181937
29.202289
28.899720
29.082779
29.335222
29.547083
29.267629
28.796424
29.058001
28.995391
29.666172
29.341936
29.097519
29.808903
30.184731
30.683343
30.555664
30.869897
31.411642
30.404634
30.381504
30.497814
30.509920
30.274736
30.320638
30.568455
30.925927
31.044731
31.205191
31.351668
31.736307
32.199461
31.798664
31.683852
31.962562
31.820604
31.621115
31.336269
31.446731
31.404653
31.285391
31.471991
31.724930
31.464745
31.510517
31.635354
31.685664
32.245301
32.281348
32.944865
33.119922
32.720985
32.515264
32.498340
33.152626
33.136628
32.841168
32.385861
32.099395
32.700110
32.518350
32.226358
31.942456
31.795089
31.522739
31.729416
31.774699
31.670177
31.524498
31.644517
31.923131
32.134416
31.898203
32.723000
32.946002
33.281052
33.372004
34.131088
33.723897
33.431254
33.111643
33.081833
33.160148
33.295961
33.410382
33.143686
33.052162
33.570131
33.500196
33.746266
33.207946
33.128921
33.157405
33.117849
33.376904
32.952670
32.849212
32.808857
33.463119
33.752909
34.056045
33.901428
33.538156
33.955257
33.719050
33.651508
33.307105
33.195367
33.481828
33.487760
33.564322
33.707544
34.470309
34.349246
34.250553
34.479938
34.116436
34.134850
34.785887
35.811692
35.411671
35.411796
35.900146
35.919184
35.457404
35.173397
35.760253
35.731310
35.430647
35.515328
35.370480
34.996644
34.982868
35.343289
35.500926
36.175610
35.976072
36.027388
36.048591
35.642286
35.532150
35.088332
34.579122
34.588844
34.561399
34.154847
34.107295
33.913979
34.155006
33.877037
34.146768
33.883544
33.703062
33.641208
32.722786
33.033926
33.819128
33.971017
33.838109
34.046339
34.293718
33.783667
33.617941
34.457489
34.495999
34.204459
34.409332
34.340865
34.702884
34.738263
34.507911
34.011169
