501
499.455
498.705
501.404
501.728
501.586
500.442
499.18
499.153
497.555
498.368
497.933
497.563
498.458
499.689
499.906
500.395
500.609
499.914
500.054
501.027
502.895
502.408
500.701
500.423
499.053
497.046
494.987
494.589
495.882
497.654
497.824
497.668
496.872
496.484
495.447
494.324
495.531
495.96
497.279
497.538
499.514
499.526
499.383
497.383
497.479
496.947
496.083
495.416
495.412
495.152
494.391
495.538
495.36
496.943
496.486
496.905
496.104
496.861
496.706
495.832
496.634
496.747
496.293
494.85
495.384
494.973
495.628
496.108
495.024
495.564
495.198
495.934
495.476
495.874
495.075
495.701
496.824
496.501
495.527
493.781
493.318
493.037
494.286
493.185
493.069
493.787
494.242
495.144
493.895
494.001
493.099
492.135
493.872
494.86
494.539
494.822
493.739
492.136
492.444
490.923
492.537
492.98
493.196
492.053
492.744
493.018
493.442
493.663
493.463
494.011
494.608
495.097
496.223
496.248
496.326
496.014
496.186
496.259
496.344
494.45
494.347
493.648
493.761
492.459
492.702
491.937
489.944
490.331
491.602
490.878
491.352
493.326
493.535
494.346
496.44
496.025
495.413
493.813
493.585
490.552
491.054
491.085
489.978
490.667
491.153
491.11
492.563
492.552
494.44
493.372
493.473
493.976
494.329
494.211
492.222
492.22
491.984
491.929
490.52
492.041
491.499
491.776
490.08
490.917
490.135
489.643
488.511
487.895
488.409
486.993
486.233
486.351
486.747
487.507
487.039
486.853
485.559
486.536
485.69
484.708
485.597
484.28
483.547
484.097
484.42
484.415
483.996
483.103
484.599
484.348
485.435
486.045
485.711
486.153
486.02
486.225
487.262
486.375
487.003
487.039
485.948
486.368
485.242
483.628
482.147
480.752
481.588
482.095
482.577
484.943
483.811
484.116
484.235
484.763
484.207
484.95
486.27
486.231
487.87
488.298
488.893
490.416
490.421
491.489
492.957
493.917
494.549
494.816
494.989
494.682
494.288
493.556
492.737
494.539
494.595
492.889
492.799
492.463
493.534
493.629
495.928
495.459
495.422
496.458
495.343
494.293
494.196
493.843
493.583
493.563
494.521
494.549
492.812
493.802
493.213
492.805
492.442
493.022
491.147
491.845
490.255
490.342
490.464
491.481
491.236
491.008
489.564
490.872
490.439
490.588
491.255
491.139
491.726
492.696
493.405
495.105
493.334
493.173
491.897
492.398
491.824
491.62
492.481
492.089
491.509
490.86
491.187
490.966
491.977
491.113
490.941
489.586
492.525
494.52
495.725
495.574
496.308
496.36
494.621
494.754
493.223
493.455
492.475
491.801
491.35
490.746
490.709
490.99
490.856
491.119
490.928
491.032
490.035
490.259
490.243
488.286
489.225
490.275
491.083
491.546
491.412
490
489.779
490.575
489.219
489.177
488.327
488.248
488.004
486.864
485.477
485.707
487.373
487.009
487.105
488.634
488.003
487.754
487.814
487.923
486.545
486.301
486.066
486.108
485.551
484.414
483.637
483.524
485.655
485.674
485.94
487.002
486.636
486.494
484.711
485.35
485.698
484.419
483.221
482.291
481.54
481.168
481.39
481.24
481.318
482.129
481.461
482.574
482.384
483.101
485.1
484.244
485.156
485.373
485.525
484.265
484.861
485.094
485.031
483.815
485.342
486.019
485.208
486.024
486.494
485.658
485.344
485.088
487.047
486.601
485.122
486.593
486.695
489.028
491.782
492.351
492.749
492.714
491.736
491.782
491.859
491.571
493.284
492.709
494.406
493.42
494.465
496.278
497.501
498.896
498.536
500.039
499.55
500.147
498.961
499.36
498.869
500.768
500.142
499.548
499.331
497.402
497.699
497.195
496.947
497.566
496.081
496.167
496.841
496.826
494.812
495.158
493.851
494.15
494.214
494.373
495.121
493.262
493.485
494.86
494.096
495.359
496.009
495.841
496.261
495.365
496.284
496.265
496.486
496.438
496.158
495.259
493.329
494.292
494.572
493.97
495.359
493.818
493.139
493.127
491.789
492.415
492.991
493.504
493.23
492.002
493.537
491.131
490.739
489.788
491.013
490.153
490.257
489.251
489.143
490.069
490.495
489.668
489.69
489.056
489.827
490.497
492.078
493.116
493.207
492.289
492.512
493.987
494.826
496.042
497.399
498.296
498.746
500.056
500.09
500.704
500.736
500.718
498.872
498.673
497.96
499.335
499.178
498.611
499.472
499.183
497.492
496.324
496.068
494.96
496.015
496.803
495.46
495.646
496.54
497.304
495.447
494.731
494.691
494.108
495.254
495.599
496.412
495.99
495.224
494.407
493.859
494.016
493.891
494.157
492.359
491.399
492.847
492.838
493.172
496.112
495.157
495.758
493.974
492.238
492.001
492.88
490.612
488.474
487.276
486.239
485.214
484.772
485.385
485.325
485.233
485.438
484.654
484.935
484.674
485.458
484.936
482.949
484.997
486.672
487.675
487.541
487.311
487.542
488.282
487.479
487.866
488.25
487.369
486.916
486.874
485.908
486.593
487.288
485.549
483.805
485.257
485.579
484.799
483.792
484.329
483.752
484.283
484.692
485.281
485.656
485.726
486.125
484.597
484.046
485.368
484.989
485.044
485.667
484.977
484.996
485.139
484.955
484.422
483.067
483.2
481.911
482.39
482.938
482.098
483.797
484.43
483.448
484.526
484.663
484.04
483.157
483.514
483.996
483.764
485.059
486.418
487.466
488.408
488.712
487.49
488.292
487.691
489.667
489.268
488.356
488.777
488.446
488.934
489.809
490.286
489.87
490.202
489.71
489.213
488.76
488.204
489.481
489.247
488.106
487.302
486.846
488.246
487.749
487.325
487.133
486.95
487.535
487.561
486.893
488.429
488.276
487.99
488.341
486.601
486.843
488.09
487.118
487.403
486.362
486.271
487.946
487.547
485.926
484.835
484.529
484.418
482.907
483.393
484.198
483.65
483.216
483.435
483.906
484.191
484.672
485.457
486.125
486.628
487.026
487.672
486.751
487.929
485.583
485.698
484.573
484.624
484.224
483.689
485.121
484.817
484.331
486.037
484.544
482.44
482.447
482.385
482.208
482.076
481.334
481.926
482.447
483.396
484.068
484.411
484.283
483.206
483.177
482.858
484.809
485.017
482.804
483.443
484.458
484.253
483.476
484.24
486.248
485.837
485.375
484.693
484.744
486.365
485.283
485.412
484.588
481.363
480.856
479.854
478.78
477.724
476.765
476.495
475.501
475.447
476.546
475.002
475.013
476.284
476.792
477.826
476.075
475.39
476.227
476.305
474.286
473.783
472.848
473.188
473.808
473.251
472.526
470.414
471.372
470.918
472.989
474.175
474.188
474.632
475.328
475.314
474.235
473.459
474.496
476.036
477.024
477.355
476.928
476.005
474.892
475.354
476.753
477.499
477.4
476.125
477.035
476.304
477.301
478.224
477.52
478.235
479.026
478.607
478.834
478.789
480.052
478.488
479.187
477.997
477.391
477.35
478.507
477.576
477.896
478.007
477.346
478.756
477.9
480.23
480.235
481.771
480.57
479.67
480.635
480.082
479.771
478.791
479.036
478.109
477.882
476.149
474.919
473.923
472.235
472.014
472.927
471.582
471.328
472.503
471.385
471.163
471.039
470.708
469.711
469.77
471.462
471.787
470.653
470.99
470.762
471.535
470.984
470.938
470.64
470.001
471.026
470.446
472.1
471.953
472.084
473.06
471.465
470.418
469.489
470.719
469.351
469.4
468.995
468.766
470.803
470.189
471.823
470.652
470.796
470.91
470.367
471.174
471.91
471.231
471.387
471.003
470.998
472.091
470.532
469.918
469.808
470.661
471.037
471.454
470.83
471.284
471.17
468.578
470.801
470.702
471.2
469.824
469.956
470.502
470.635
470.389
469.997
469.78
469.995
470.435
469.08
469.627
471.995
472.431
471.683
471.577
470.998
471.452
470.494
469.312
469.77
470.289
472.283
473.392
471.91
471.286
473.937
474.099
474.183
474.454
473.821
474.11
475.374
474.862
474.91
475.741
476.467
477.409
478.543
478.941
479.547
480.039
479.284
480.025
479.819
479.511
478.843
479.246
478.716
479.946
479.545
479.305
477.442
477.816
477.747
477.619
477.659
477.774
480.321
477.737
479.638
481.232
481.253
480.514
480.586
479.765
480.579
479.422
479.532
477.325
476.664
478.162
476.832
475.132
474.251
474.318
473.2
472.842
474.279
472.013
470.907
470.765
471.595
471.334
472.621
470.068
470.117
468.816
470.2
468.833
469.537
469.866
470.774
471.315
472.625
472.597
472.742
470.754
471.71
471.587
472.568
473.434
472.38
474.811
473.863
472.679
473.236
471.893
473.297
473.049
474.595
474.283
474.561
473.111
471.331
471.255
470.632
470.559
470.421
471.377
471.883
473.508
472.874
473.313
472.243
470.99
469.94
469.634
468.339
466.24
464.055
464.026
463.38
463.848
464.05
465.091
463.966
463.536
462.663
461.936
461.882
462.423
462.398
463.438
463.178
463.265
462.164
461.691
459.512
460.904
460.985
458.381
459.315
460.088
459.038
458.792
457.839
457.621
458.674
458.852
459.71
460.561
460.59
462.05
463.785
464.146
464.681
463.876
465.355
464.62
463.358
461.646
462.985
462.407
461.709
460.964
461.293
462.813
462.205
461.777
461.069
461.294
463.154
463.339
464.048
464.545
463.328
464.42
461.87
461.271
460.93
458.983
458.947
459.3
458.751
458.861
457.82
458.536
459.466
458.94
459.842
459.805
459.434
459.687
459.477
459.222
458.063
457.922
458.289
459.153
458.759
458.063
458.022
456.885
457.731
458.388
459.473
459.161
459.393
458.694
458.565
458.423
458.136
456.958
457.403
455.136
454.167
454.625
455.324
454.78
457.199
458.506
457.849
458.874
459.239
459.51
460.055
460.521
461.943
462.98
463.832
464.079
465.401
465.713
465.465
465.207
467.13
466.798
466.157
465.957
467.847
468.401
467.443
467.956
469.274
468.882
468.552
468.689
469.67
470.233
470.328
469.803
470.419
470.548
470.122
471.246
471.578
470.457
469.575
468.333
467.332
465.793
466.395
466.25
465.254
465.475
466.091
467.12
466.589
465.672
465.504
465.013
464.686
465.774
467.261
466.156
466.24
466.709
467.259
467.613
469.264
468.806
470.208
470.29
469.694
470.905
470.538
470.775
470.109
470.217
470.436
470.385
470.686
470.792
471.913
471.969
472.964
471.58
472.819
471.916
470.793
470.786
469.848
471.095
471.138
472.33
471.967
472.782
474.776
475.371
474.798
476.552
476.711
476.597
476.482
476.509
478.508
478.488
478.492
478.856
479.147
479.498
477.055
477.48
478.304
479.335
478.851
478.239
477.978
477.741
476.401
475.559
474.129
474.753
473.815
474.683
473.559
474.791
474.75
473.647
476.14
477.953
478.053
477.128
478.201
478.642
480.92
481.233
479.826
479.465
481.989
483.576
482.297
481.121
480.548
481.232
481.705
482.049
483.064
481.845
480.469
479.273
480.716
479.952
479.916
481.088
481.417
480.533
480.301
481.59
481.989
482.612
482.674
481.83
480.654
479.861
480.761
478.639
479.238
479.8
479.263
477.585
477.061
476.527
476.693
478.16
477.757
477.259
478.092
478.056
477.799
477.957
476.378
478.802
479.28
478.517
478.541
478.51
478.136
476.649
477.41
478.863
479.105
478.755
477.752
476.313
475.068
476.775
475.404
476.277
475.755
474.895
475.641
474.826
476.718
477.506
477.22
477.194
477.753
478.635
477.693
480.691
481.546
481.842
482.592
481.632
482.53
481.92
480.368
479.946
479.665
480.463
478.592
477.769
477.647
477.24
478.34
477.49
477.335
477.573
478.402
477.539
476.272
477.684
477.433
477.365
477.231
476.303
476.815
475.874
474.686
474.925
475.748
476.598
476.836
477.193
478.192
478.197
480.055
478.717
477.756
478.956
480.195
478.871
479.075
479.988
479.24
479.549
479.476
478.529
477.998
478.059
478.24
479.45
477.873
476.401
476.585
476.061
476.744
476.542
475.426
475.331
474.632
475.61
474.869
473.109
472.588
473.133
473.107
472.392
473.304
473.501
473.897
473.277
472.421
473.553
473.633
475.649
475.221
474.054
475.447
475.185
474.166
474.295
475.06
473.784
474.018
474.219
474.759
474.869
476.364
476.751
477.074
477.461
478.993
479.741
479.259
479.795
480.73
480.827
481.261
480.893
480.866
480.854
480.268
480.742
480.125
480.14
479.086
478.401
479.203
479.594
480.754
481.445
482.38
480.993
479.46
479.732
480.238
479.082
479.347
480.307
481.346
479.362
479.985
478.359
479.719
478.95
478.912
478.67
479.899
480.069
480.613
481.233
481.185
481.644
481.26
479.617
479.355
477.844
477.349
477.271
477.494
475.459
475.395
475.438
474.974
474.709
475.067
475.462
474.056
473.753
474.532
473.968
475.234
476.419
477.352
476.534
479.149
479.729
480.078
481.05
479.957
479.907
479.767
478.533
479.284
479.417
480.879
481.724
482.851
483.707
482.53
483.037
483.124
482.458
483.124
482.112
484.735
485.18
486.07
484.414
483.297
482.738
482.527
482.659
483.081
482.591
482.791
483.303
483.668
484.265
483.666
484.525
484.094
484.27
484.284
483.788
483.979
484.825
485.433
488.067
487.537
487.661
488.405
489.404
489.228
490.476
491.12
490.409
491.477
492.171
490.648
490.966
490.898
490.813
492.092
493.882
493.659
493.087
494.324
494.113
493.918
495.125
494.691
493.527
493.973
493.565
493.842
493.164
493.477
492.773
493.119
492.668
493.583
494.905
495.757
496.84
495.321
496.071
496.245
497.766
497.083
494.961
493.405
493.761
494.047
493.738
492.667
494.762
494.877
495.074
495.204
493.963
494.38
495.442
494.642
493.55
494.582
493.386
493.864
493.944
494.766
494.259
493.52
492.928
492.192
492.546
491.27
488.977
487.662
487.615
488.254
488.663
489.403
488.626
488.372
487.277
487.479
487.721
488.566
488.71
488.03
488.118
487.018
486.243
485.242
483.843
484.196
482.892
483.588
481.706
481.678
480.828
479.455
478.687
480.035
478.182
478.214
477.92
478.524
478.152
476.955
475.759
475.002
474.553
474.23
473.173
472.938
472.841
471.793
471.502
473.509
474.481
475.572
474.634
475.762
476.31
476.44
476.108
475.666
477.446
478.903
478.818
479.25
478.181
479.364
478.848
481.11
481.373
482.369
483.652
483.259
482.9
483.516
482.929
484.428
483.741
485.453
486.09
487.611
485.379
486.743
485.38
486.615
486.772
487.167
487.064
486.907
487.766
487.873
489.17
488.628
487.481
487.053
487.297
486.969
486.471
486.504
485.87
485.567
482.944
483.116
482.513
482.397
480.055
479.52
478.076
478.249
479.798
482.308
481.755
481.249
481.033
478.443
476.84
476.097
476.444
476.004
475.948
475.396
474.923
474.6
474.411
474.219
475.054
474.302
474.137
472.812
474.417
474.501
474.795
473.719
473.409
473.153
471.945
472.695
474.261
473.766
474.284
473.91
474.218
473.9
474.474
475.671
474.196
473.785
474.274
474.487
474.439
473.823
474.499
474.689
473.73
474.353
475.187
475.539
476.413
476.729
475.439
475.342
475.785
475.253
473.352
472.416
472.574
471.693
472.837
472.635
471.502
472.737
472.815
473.197
473.089
474.378
472.777
471.221
471.263
472.4
470.617
468.591
468.301
470.504
469.584
469.221
469.434
469.423
469.367
470.9
472.004
473.445
472.97
472.687
474.375
473.677
474.617
473.212
472.964
472.09
471.705
471.998
472.136
474.397
474.527
474.929
475.391
474.055
474.019
474.953
473.401
473.277
472.456
473.898
473.761
474.329
474.495
474.493
474.383
475.253
475.249
474.389
474.183
474.454
473.41
472.835
473.871
475.081
475.215
474.826
474.479
472.85
472.748
472.933
471.706
471.665
469.247
470.137
469.047
469.666
470.635
472.917
475.183
475.956
478.168
478.942
479.288
478.715
478.885
479.473
478.305
479.196
479.321
477.724
475.982
475.532
473.285
474.777
473.013
474.295
473.81
473.476
472.921
474.919
474.426
476.741
476.827
477.482
479.533
478.521
477.907
478.072
479.268
477.717
478.662
478.515
478.719
479.346
478.583
479.312
478.389
478.889
480.244
480.946
481.505
481.68
480.447
478.234
476.783
476.132
476.187
477.542
475.662
474.887
475.012
475.414
476.12
476.508
479.232
478.846
478.347
478.499
478.557
479.217
479.944
479.558
477.495
476.632
475.272
476.888
476.663
475.412
475.173
474.551
474.16
473.857
474.825
475.509
476.001
476.834
476.097
474.902
476.275
475.868
474.944
476.745
478.098
477.208
478.277
479.351
480.223
481.176
480.629
482.321
482.972
483.833
482.76
482.328
482.577
482.463
482.998
484.592
485.446
483.599
483.919
481.684
481.278
481.253
480.28
481.325
480.468
482.799
483.4
482.599
482.372
483.251
482.702
483.625
484.375
484.059
484.219
483.84
485.265
486.2
485.316
483.98
482.682
481.261
481.353
482.028
482.263
481.751
479.927
479.43
479.979
479.733
477.654
477.74
477.921
477.5
477.753
477.217
475.5
476.505
475.65
474.905
473.213
474.099
474.374
475.281
475.622
473.711
472.776
473.248
472.593
471.655
473
473.646
475.409
474.957
476.628
475.803
476.267
478.412
476.362
474.969
474.938
476.601
476.172
476.083
476.901
476.229
476.557
475.786
476.513
476.06
476.159
476.671
475.5
474.831
475.433
475.276
475.743
477.16
477.946
477.508
476.03
476.265
477.106
478.113
477.934
477.713
476.741
477.325
477.774
477.437
476.78
477.039
476.928
478.569
479.714
479.034
480.476
481.261
481.459
481.531
482.326
483.149
482.962
483.374
485.193
485.157
484.518
484.124
485.461
487.273
487.079
487.021
486.201
486.586
486.997
487.819
489.08
490.593
490.636
491.243
493.237
492.183
493.088
492.787
490.635
490.603
489.377
491.541
493.367
493.135
493.513
493.649
493.715
492.87
492.229
491.114
492.259
492.188
493.069
493.032
493.221
493.076
493.246
493.947
492.436
493.048
492.375
491.263
491.382
490.914
492.698
493.328
494.062
493.077
493.189
492.848
491.548
493.595
494.999
495.979
495.147
495.328
496.189
496.687
496.723
495.783
493.937
494.196
494.008
493.524
494.172
496.152
495.624
494.812
496.348
495.753
494.495
494.024
493.265
495.328
495.636
495.601
494.704
496.034
495.662
494.733
495.251
494.104
494.374
494.094
493.709
493.015
494.517
495.528
494.838
494.248
492.437
492.229
492.196
492.366
492.216
491.092
489.972
491.615
491.716
492.931
491.055
491.179
490.415
489.445
490.426
492.325
492.845
492.983
494.072
492.964
494.124
493.361
493.307
495.906
495.824
497.292
497.814
497.019
496.846
497.67
496.863
498.484
498.025
499.247
499.739
500.64
499.474
496.258
495.941
495.982
494.668
494.854
494.764
494.937
495.395
495.723
496.209
494.033
494.413
492.825
492.85
493.309
495.281
495.803
497.117
496.3
495.292
496.83
496.648
497.685
496.689
496.277
496.679
495.771
496.496
498.339
500.037
499.39
499.694
500.529
500.86
501.209
502.584
501.489
500.758
500.122
500.825
502.329
501.603
502.28
502.602
503.403
501.839
500.912
499.858
500.645
500.151
500.35
500.702
499.248
497.57
498.815
498.408
498.443
498.189
499.672
499.808
499.657
498.936
500.313
501.78
502.27
502.544
499.892
499.777
501.101
501.998
502.623
502.665
503.749
503.551
502.821
501.968
501.795
499.905
499.512
499.548
498.982
500.654
500.549
500.126
500.773
499.106
498.115
498.725
499.043
498.127
498.523
497.202
498.163
498.082
499.148
499.132
499.462
499.869
500.466
499.032
498.214
497.159
496.084
496.381
497.584
496.389
495.134
493.699
492.66
493.56
496.071
495.69
496.193
496.37
495.357
495.745
496.25
496.692
497.252
497.905
496.548
496.838
496.311
494.762
494.573
493.777
492.708
494.303
495.318
495.589
493.941
493.78
494.804
495.291
496.788
496.493
496.044
493.984
493.616
495.965
496.951
496.007
494.013
493.547
492.237
492.157
492.904
492.166
492.522
492.34
491.587
490.276
491.427
491.022
491.829
492.144
492.342
494.043
493.984
493.993
494.325
494.645
495.726
494.412
496.708
495.788
496.027
493.399
493.717
494.893
495.37
495.587
493.88
494.645
496.638
496.792
497.077
497.237
496.802
496.855
497.162
497.997
497.98
499.206
500.039
501.828
502.866
502.142
501.639
500.906
500.432
501.503
501.7
502.777
503.438
502.447
501.854
502.941
503.977
505.121
504.647
506.094
505.505
504.339
505.677
505.307
506.134
504.467
502.219
501.47
501.688
502.487
501.492
502.41
502.582
503.583
504.172
503.389
503.308
503.623
504.397
505.604
505.272
504.717
503.876
502.306
501.74
501.219
501.343
498.827
498.954
498.302
498.281
497.781
498.126
496.089
496.495
498.182
498.877
499.193
501.076
502.02
501.266
501.706
502.652
503.793
502.932
504.569
505.024
505.622
506.395
505.613
504.878
506.284
507.821
509.02
509.816
509.546
510.738
511.155
511.428
509.702
510.944
510.663
511.369
511.034
510.407
509.3
510.227
510.225
510.104
510.866
509.896
509.776
509.897
510.191
510.903
510.997
512.539
513.613
515.21
516.223
516.359
516.37
515.393
516.832
516.745
518.273
518.317
519.926
520.619
520.511
521.084
523.068
524.046
524.978
524.354
523.954
521.993
520.859
521.723
522.173
521.219
521.309
521.317
521.769
521.004
521.506
520.204
518.743
519.349
519.173
519.286
519.555
520.943
520.876
521.103
522.779
525.098
525.995
525.66
525.288
524.773
524.233
524.504
524.245
523.731
523.326
523.875
522.379
522.319
522.13
520.704
522.591
524.817
523.607
522.319
520.707
521.692
523.26
524.499
526.935
527.319
528.254
527.293
527.153
526.887
528.18
528.132
528.599
526.837
527.118
526.525
527.495
527.973
527.508
527.023
525.852
524.952
525.675
525.632
525.495
526.328
526.085
525.528
525.927
525.738
526.781
527.273
528.105
530.01
530.396
531.462
533.196
532.824
531.892
530.688
528.799
529.935
531.765
532.39
533.494
534.294
533.226
532.817
533.968
533.908
533.674
535.12
536.03
535.301
534.56
532.587
531.518
532.05
534.726
536.981
537.123
537.045
537.399
535.494
536.063
535.592
536.601
536.846
537.434
537.714
537.924
538.677
536.565
537.546
538.674
538.82
539.2
539.394
539.087
539.008
539.036
540.438
540.589
541.021
539.91
540.196
538.573
538.775
539.101
538.806
540.091
539.601
539.378
541.705
542.954
541.36
539.854
539.941
538.039
536.3
535.49
533.978
535.933
536.054
537.128
536.609
536.566
537.072
537.797
537.753
537.184
536.258
535.71
536.897
537.053
538.216
537.955
536.793
535.6
536.179
537.042
535.868
535.803
534.843
535.271
536.046
535.099
536.701
535.528
535.166
535.579
536.365
537.252
537.266
536.033
535.479
535.391
534.212
534.754
535.194
534.755
535.665
536.048
536.218
538.426
538.187
538.267
537.521
538.231
539.509
540.66
539.649
539.049
540.697
540.226
538.893
539.62
538.027
538.015
537.238
536.498
534.584
535.149
535.584
534.986
535.531
535.391
536.658
538.041
538.602
537.925
538.636
539.797
540.397
540.406
541.688
541.604
542.529
542.23
542.346
543.666
544.052
543.352
541.709
542.135
543.078
545.395
545.511
545.948
547.125
546.896
546.434
548.4
549.237
548.364
548.462
548.381
549.541
548.735
549.21
549.372
549.883
549.499
548.559
549.106
549.737
549.729
549.193
549.449
549.33
550.603
549.098
549.723
548.106
547.467
546.852
547.366
547.943
548.597
548.887
548.608
548.222
549.263
548.898
550.23
550.181
549.657
548.7
548.952
548.177
549.022
548.991
549.415
550.148
551.272
550.587
549.364
548.766
550.631
549.317
550.72
548.853
547.442
548.035
547.958
546.791
546.435
545.799
544.664
544.696
544.566
543.102
542.866
542.523
541.815
540.792
541.494
540.802
542.685
542.578
541.709
541.671
542.586
542.025
543.192
542.958
544.579
544.01
543.299
542.957
542.479
540.931
541.957
542.456
541.483
542.274
543.284
544.29
544.94
544.387
543.241
543.571
543.437
544.521
543.672
543.757
543.491
544.211
544.637
544.26
542.399
543.205
543.587
542.478
543.065
545.182
544.77
546.882
547.039
547.148
547.311
546.173
546.147
544.414
545.504
545.257
544.195
544.826
546.275
545.009
544.71
544.194
542.935
542.246
544.019
545.1
543.382
543.314
544.669
545.134
544.501
544.354
545.77
546.319
547.395
548.06
547.088
545.988
546.439
545.647
546.651
546.205
546.247
545.257
544.968
546.565
546.486
545.557
544.68
545.948
546.188
545.191
543.864
545.009
545.061
544.195
542.616
543.047
541.038
541.138
543.168
541.5
542.859
541.698
541.868
541.317
540.43
540.025
540.966
542.098
541
543.718
543.17
543.845
543.307
544.115
544.68
544.813
542.926
540.245
541.146
542.242
540.836
541.428
541.332
542.183
542.691
542.772
543.671
543.895
543.988
543.661
543.808
542.898
543.36
543.8
544.207
542.319
541.546
540.595
540.354
540.26
539.294
538.479
538.898
539.089
538.981
539.122
538.881
538.45
538.429
539.35
538.349
538.148
538.546
537.952
537.759
537.678
537.065
537.767
537.466
538.261
538.892
538.297
539.404
539.842
539.583
539.511
539.917
539.741
539.803
540.1
540.496
541.522
539.899
540.339
542.454
540.423
540.241
541.586
541.656
542.293
543.502
544.456
542.25
541.592
542.894
542.538
542.238
541.836
541.088
542.288
543.715
542.444
541.446
541.676
542.592
543.765
544.381
542.571
542.842
544.082
542.851
541.887
540.539
541.42
541.51
543.678
543.018
542.704
541.77
540.43
539.152
538.072
538.594
537.752
538.627
536.446
538.348
538.008
538.693
538.8
539.209
537.775
538.713
538.724
537.59
537.803
538.487
537.984
537.504
537.156
536.896
536.579
540.01
541.343
540.001
542.515
542.38
541.081
542.095
544.161
543.618
543.26
544.281
544.801
543.836
544.841
543.826
543.356
543.982
543.697
544.069
544.285
544.615
546.013
547.017
548.369
549.653
549.8
548.819
547.497
547.38
548.701
548.622
549.22
547.414
547.622
546.692
546.1
547.17
546.699
547.545
548.849
550.739
551.408
551.22
549.617
549.298
548.475
549.053
548.886
549.451
549.186
548.138
548.231
548.68
547.035
546.33
547.022
546.648
547.496
547.498
547.217
547.156
547.571
546.864
547.663
546.881
546.841
546.96
547.888
547.71
546.74
545.779
545.296
545.085
545.432
546.152
546.104
547.038
545.898
545.355
544.295
543.537
544.49
543.258
543.388
543.722
542.113
543.147
544.095
542.928
543.978
545.165
545.843
546.323
547.157
546.59
546.201
547.812
548.229
547.982
548.717
549.412
549.101
548.489
549.183
549.386
550.117
549.317
549.04
549.952
549.009
549.536
549.242
549.564
551.894
551.092
552.146
552.14
552.021
553.548
555.159
553.929
553.152
552.024
552.411
551.939
551.404
551.98
551.348
549.099
549.207
548.922
547.258
547.681
547.979
548.517
547.941
548.128
546.411
546.195
545.934
546.994
546.824
546.786
546.227
546.074
546.149
547.044
546.538
545.879
546.37
545.796
545.4
545.579
545.879
545.736
544.782
544.61
545.502
544.95
543.74
544.272
543.916
541.049
541.153
541.778
541.961
542.47
543.665
542.862
543.174
542.238
541.38
539.921
538.259
538.337
537.141
536.213
537.097
538.065
538.402
538.539
538.613
537.78
536.119
535.195
533.42
533.556
533.471
533.859
532.686
532.693
532.412
532.482
531.985
532.269
533.302
532.68
532.729
532.902
533.63
533.614
533.467
533.086
533.608
533.12
532.104
533.005
532.964
532.593
530.726
531.53
533.789
533.872
533.239
533.538
532.616
531.299
531.721
530.645
530.784
529.55
529.851
531.126
528.972
528.837
529.773
530.772
528.954
528.312
529.66
529.319
530.452
529.821
529.682
528.323
528.809
530.211
531.476
531.913
532.172
531.994
532.889
534.009
534.44
534.399
535.952
536.862
537.158
537.011
536.643
536.381
536.711
536.181
538.313
539.564
539.129
539.724
539.133
538.98
540.331
540.203
541.194
542.25
542.925
542.896
541.098
540.322
538.157
538.43
538.619
538.455
537.545
537.844
538.623
540.161
539.667
540.109
541.705
540.599
540.756
540.915
541.558
541.612
541.521
542.4
543.248
542.707
542.182
542.309
541.847
541.151
541.005
542.672
543.151
543.709
542.76
543.408
543.538
543.96
543.838
545.418
546.316
544.693
544.274
543.051
543.419
543.821
543.656
542.503
542.662
542.412
542.822
543.339
544.465
543.635
542.992
543.676
543.229
544.994
545.799
546.861
546.431
547.161
547.919
546.975
547.352
545.681
544.721
544.06
543.834
544.467
542.966
543.578
543.634
543.815
542.932
543.951
544.388
544.413
543.856
544.592
544.369
542.698
543.479
543.39
542.744
543.036
544.567
543.855
546.001
548.468
547.886
546.949
547.495
546.939
545.991
545.677
544.592
543.811
544.411
542.527
542.483
541.683
540.511
541.388
539.994
540.476
540.526
539.248
538.865
539.485
540.952
540.037
538.557
537.983
537.642
536.805
538.271
539.872
540.235
540.091
539.454
540.098
540.91
539.489
539.804
541.366
540.662
541.465
541.733
540.028
540.256
540.41
540.311
541.38
542.776
543.113
543.414
544.176
543.332
545.424
541.771
542.218
540.656
539.991
541.018
542.568
542.715
540.512
540.369
540.951
541.163
541.177
542.497
541.727
542.695
542.124
540.961
539.561
540.62
540.483
541.602
539.685
541.089
541.364
541.87
541.517
541.346
539.644
539.424
539.471
540.291
540.937
540.151
540.247
540.117
539.697
541.022
541.303
543.067
542.24
544.16
544.299
542.422
542.195
540.633
539.221
539.353
539.73
537.55
538.15
539.33
540.609
540.818
541.264
541.707
542.786
542.253
543.191
544.072
541.745
541.489
542.408
540.648
540.05
539.91
538.884
537.885
537.045
537.854
539.025
536.392
537.473
537.863
537.523
539.622
539.144
537.405
537.579
538.034
538.351
536.717
534.933
535.015
533.908
532.402
531.788
530.923
528.286
529.457
527.916
529.42
529.485
530.775
531.738
531.791
532.448
532.742
533.915
533.742
533.895
533.832
533.696
534.793
534.524
536.219
536.678
536.347
536.159
536.414
537.811
537.158
536.767
537.245
537.929
537.272
538.348
539.131
539.955
540.175
540.024
540.164
540.433
539.963
539.609
539.293
539.732
539.836
539.901
538.551
538.36
538.316
537.86
536.432
534.835
534.165
534.239
533.783
535.234
535.39
535.178
534.429
534.034
533.515
533.855
533.399
533.591
533.909
534.428
534.407
535.998
536.626
537.094
535.944
535.766
536.045
536.418
537.666
538.248
538.098
537.37
536.153
535.432
536.916
535.366
536.411
537.802
538.481
539.112
539.628
539.925
539.545
538.775
537.693
537.42
538.069
536.503
535.717
535.843
537.848
537.969
538.45
539.414
540.217
540.51
540.563
540.549
540.965
540.844
540.958
540.046
538.74
537.69
538.322
537.553
536.951
537.61
537.584
539.658
539.111
538.535
539.01
537.154
536.816
537.583
536.842
537.025
534.61
533.791
533.168
534.259
534.52
534.322
533.317
534.035
533.857
533.415
533.169
534.2
533.016
533.142
534.078
533.489
532.341
530.123
530.343
531.325
531.29
532.078
531.271
529.807
530.481
531.706
531.393
531.991
530.54
533.103
534.793
536.239
537.535
538.576
537.955
538.173
538.299
536.923
536.834
538.962
539.552
539.151
539.304
539.377
539.152
536.887
538.222
538.988
541.744
542.544
541.16
541.253
541.374
542.265
542.561
540.595
540.424
540.151
540.164
540.08
541.471
542.595
542.294
542.351
541.847
542.032
541.887
543.65
545.427
544.244
544.735
544.275
544.897
546.106
547.386
546.994
545.826
545.771
545.289
545.874
545.633
546.325
545.144
546.503
546.656
545.996
546.09
546.341
547.13
544.776
544.946
543.163
545.001
544.172
544.573
544.188
545.535
544.981
546.068
546.509
546.578
547.78
547.479
548.09
549.537
550.428
549.566
549.949
549.994
549.645
550.654
552.115
552.648
551.703
552.281
550.619
552.77
552.569
552.827
551.975
551.598
553.741
555.439
555.161
554.398
554.301
552.948
552.985
552.141
552.335
552.23
551.979
552.647
552.924
552.615
551.867
552.508
551.299
550.866
550.095
552.152
552.587
552.73
552.78
551.935
552.232
551.36
549.863
549.682
548.943
549.476
549.591
548.646
549.063
547.66
548.358
549.009
549.585
548.189
546.111
547.488
547.825
548.716
548.042
547.235
546.373
543.769
543.816
544.473
545.3
545.395
545.584
547.058
547.927
548.177
547.595
548.294
549.136
548.415
548.258
548.36
547.104
546.233
547.247
546.501
547.259
547.643
548.633
549.032
550.596
549.347
548.294
550.201
550.419
547.611
546.149
544.377
543.808
543.726
544.42
543.435
543.26
543.746
543.569
543.34
544.327
544.255
544.119
545.199
544.509
543.829
544.111
546.182
547.653
546.594
545.414
544.327
545.223
546.036
544.965
544.552
545.166
544.042
545.187
544.66
544.422
543.307
541.474
541.04
539.288
539.293
539.517
538.333
537.783
538.464
537.792
538.345
538.304
539.453
539.06
539.376
539.459
538.336
537.491
537.957
537.99
539.361
539.999
539.7
538.742
538.229
535.74
533.991
534.883
535.616
535.739
535.698
535.46
536.162
535.143
535.423
536.555
535.664
535.057
533.817
532.504
532.495
530.254
531.106
530.607
533.701
533.341
532.434
530.479
530.76
530.526
532.049
532.049
532.543
533.809
531.923
531.825
531.608
531.648
531.145
530.884
531.664
530.021
530.295
529.63
528.118
528.345
528.509
529.728
529.299
529.183
528.872
527.936
529.523
528.645
529.203
527.991
528.561
528.448
526.982
525.684
525.471
525.218
524.468
523.353
524.915
526.854
526.963
525.726
524.463
524.175
524.33
523.97
522.469
522.113
523.676
524.529
524.794
524.004
523.35
524.965
525.623
525.834
528.274
527.154
525.675
527.256
525.231
525.509
527.005
524.949
525.895
526.79
527.421
527.311
528.144
529.479
529.884
530.965
531.718
531.901
533.025
532.909
531.674
531.597
531.24
531.35
531.932
532.122
534.609
536.284
535.342
535.286
534.253
532.63
533.553
533.583
533.581
534.071
535.345
534.799
534.649
534.488
532.759
530.942
529.964
528.973
528.618
529.516
530.275
528.464
529.208
529.725
530.635
529.541
529.068
527.878
528.582
527.454
530.198
528.491
528.331
528.171
527.872
527.032
527.875
526.205
527.237
525.975
526.092
526.411
523.499
525.375
522.43
521.366
521.893
521.485
520.337
520.389
519.605
519.217
517.695
517.46
518.174
519.419
519.957
519.515
520.747
520.737
522.87
523.384
523.726
523.287
521.917
520.049
521.004
521.427
522.041
521.444
520.347
519.515
519.028
517.995
519.426
518.01
516.578
516.142
517.385
517.983
519.387
520.942
520.224
519.967
519.109
518.874
519.18
519.294
519.117
519.575
518.467
519.042
519.496
518.933
518.003
517.677
516.737
516.903
518.612
518.35
518.156
519.134
520.195
520.652
520.573
519.748
519.423
519.734
517.726
516.729
515.971
515.71
516.747
516.508
518.35
518.891
518.467
519.53
520.328
519.5
518.514
518.791
518.245
517.245
516.996
516.228
514.214
513.058
513.883
515.106
516.437
516.547
515.504
513.927
512.566
512.21
511.34
510.702
510.464
508.49
508.288
506.947
506.561
505.959
505.063
503.279
502.953
502.754
501.912
502.224
500.707
501.337
499.716
500.457
499.334
498.262
496.883
497.684
499.253
498.707
500.568
500.102
500.245
501.645
500.33
501.724
501.279
500.397
498.692
498.99
500.285
500.066
499.047
498.463
498.394
497.476
497.795
498.431
499.273
500.115
500.512
501.272
501.152
500.598
499.531
499.726
499.48
499.81
500.918
500.436
500.872
502.095
502.42
502.408
504.022
504.981
504.612
504.428
505.451
507.199
505.521
504.56
508.428
508.817
509.156
509.127
509.936
510.472
511.138
510.157
510.322
510.535
510.639
510.303
509.108
510.739
511.273
511.704
511.751
511.409
510.102
508.611
507.843
508.258
509.036
509.563
509.034
507.853
509.33
509.808
511.288
512.348
513.51
512.011
513.075
512.507
514.083
514.434
514.013
513.273
514.315
516.217
515.906
516.243
515.498
516.931
518.121
517.746
517.839
517.358
515.469
514.99
515.447
513.45
514.041
513.65
511.589
511.465
510.879
512.405
511.928
512.453
511.627
510.412
510.44
508.525
508.137
507.168
507.401
507.685
506.562
506.391
504.936
503.823
504.325
503.94
503.959
502.58
502.526
503.576
503.852
503.905
504.493
505.509
504.346
502.756
501.356
499.009
500.913
501.213
501.417
501.541
503.346
503.318
503.332
504.942
505.055
504.626
502.497
501.813
499.916
498.47
499.317
498.085
498.971
498.988
497.605
497.085
496.804
496.405
496.127
494.994
495.452
494.51
495.841
496.811
495.975
496.23
496.9
496.563
496.087
494.91
495.759
495.544
494.127
494.924
496.192
495.891
496.999
498.663
499.75
500.223
499.616
499.954
500.372
500.246
501.128
500.363
500.593
500.637
500.058
501.487
502.096
500.914
500.582
501.06
498.551
498.729
500.239
500.837
501.649
502.023
501.128
502.194
500.91
502.501
501.993
499.68
501.785
501.525
502.023
500.954
498.954
498.987
499.476
498.153
496.306
496.567
496.326
498.993
499.454
499.281
498.323
496.449
496.506
495.995
495.708
495.196
495.833
494.902
495.521
494.526
495.019
493.477
493.231
494.038
495.881
496.621
495.292
492.702
489.711
486.979
486.562
486.569
486.363
485.701
485.345
485.106
483.631
484.291
486.079
485.689
485.825
485.861
485.63
485.134
486.534
488.209
488.791
488.699
489.331
489.633
490.612
490.132
489.821
488.872
489.14
490.784
491.12
490.693
490.44
490.564
489.659
488.585
489.22
488.151
489.771
489.59
490.124
490.308
490.969
492.217
493.251
493.524
492.505
493.855
495.419
494.908
494.516
494.499
492.807
492.336
494.659
495.12
494.761
494.59
496.365
496.015
496.162
494
492.906
491.974
490.655
489.92
491.573
492.016
490.906
490.511
490.36
491.35
491.791
490.019
487.701
486.172
486.916
487.607
488.688
487.997
489.536
487.58
488.636
489.083
489.948
489.052
490.081
490.452
492.359
492.302
492.372
492.682
492.744
493.138
491.811
492.375
491.105
490.074
491.587
491.834
490.357
491.94
492.973
494.182
492.634
490.224
489.76
489.78
491.253
490.997
491.321
491.014
491.855
493.142
494.014
494.739
493.324
492.768
493.862
492.982
492.537
491.915
493.417
493.442
492.983
494.87
494.903
494.975
496.428
496.786
495.891
497.088
498.684
499.131
499.558
499.662
498.295
499.128
498.077
498.974
498.5
498.557
497.194
496.372
496.73
497.819
501.033
500.94
500.5
501.267
499.22
497.752
496.874
496.874
496.881
497.417
498.532
498.257
499.437
501.818
502.614
502.844
501.677
499.435
499.542
499.111
497.714
498.285
500.014
501.882
500.42
500.709
499.937
498.804
500.701
500.475
499.299
497.766
497.345
498.455
499.091
498.202
499.113
499.868
498.285
498.817
498.305
499.535
499.219
497.967
497.517
499.581
501.173
502.694
502.511
503.974
503.009
503.772
503.463
503.218
501.243
499.587
498.138
499.115
499.474
500.512
500.97
500.676
500.096
499.852
500.693
500.233
498.98
498.852
498.76
499.599
498.096
498.509
497.28
498.485
498.494
497.368
497.796
496.333
496.198
495.772
495.347
494.091
494.338
494.415
493.963
492.667
492.289
494.315
494.229
494.246
493.51
493.278
494.112
492.393
492.271
493.206
493.945
493.319
493.497
492.728
492.021
491.427
490.7
490.262
489.972
489.644
489.513
490.256
489.313
489.309
490.305
490.04
492.55
492.548
492.595
492.977
493.828
494.057
493.777
494.158
494.78
494.285
493.911
493.331
492.643
492.706
493.316
493.213
492.668
493.143
492.733
492.267
492.595
491.385
491.823
490.677
492.118
492.207
491.833
494.936
495.874
496.005
497.591
498.283
499.575
498.826
499.456
500.654
499.877
502.081
504.471
504.826
506.243
505.449
505.88
506.458
504.5
504.255
504.784
505.437
505.485
505.335
506.199
506.093
506.673
508.505
507.728
506.741
506.109
504.882
504.493
504.758
504.609
504.804
505.866
505.549
505.17
506.416
505.104
505.602
505.157
505.566
504.705
503.928
504.273
502.834
502.777
503.079
503.156
502.316
504.303
503.858
503.997
503.406
503.902
503.496
503.605
504.969
505.568
507.044
508.898
509.614
509.044
509.131
509.29
510.243
511.13
511.659
512.931
511.013
512.024
511.736
511.678
512.036
510.757
509.665
510.154
509.439
508.501
507.662
506.761
506.716
506.243
507.268
508.754
507.384
506.525
507
505.78
504.713
505.089
503.232
502.639
502.769
502.167
501.622
501.161
502.381
502.479
502.823
503.258
503.884
503.701
502.749
501.524
501.944
503.306
501.409
500.938
500.123
501.164
499.33
498.956
497.397
498.789
498.976
498.489
497.125
497.169
497.24
497.612
495.321
495.735
493.861
492.953
494.341
492.958
494.295
492.983
494.296
494.615
495.228
494.178
494.391
493.822
495.867
497.354
497.954
496.64
497.326
496.57
496.271
495.9
497.559
497.92
498.864
496.811
497.395
497.148
495.235
496.016
496.3
495.654
498.616
497.053
498.885
498.107
497.25
495.358
495.678
494.755
493.754
492.61
492.52
492.64
493.256
492.804
491.637
491.544
491.487
492.398
493.574
494.699
494.2
494.117
492.71
493.208
493.57
493.139
494.729
495.46
494.69
493.932
496.026
496.188
495.169
494.332
496.296
497.205
497.487
498.641
497.321
494.937
494.174
494.373
495.266
495.4
495.787
498.373
496.814
497.116
496.801
496.78
496.411
496.735
496.902
496.271
496.639
496.496
497.026
495.992
496.408
498
497.808
497.682
496.463
495.64
495.697
496.64
497.982
497.226
497.38
498.665
499.104
499.05
496.635
496.336
495.995
496.087
496.84
497.284
496.664
497.414
497.575
497.608
497.822
497.242
496.16
494.394
495.352
494.783
493.185
495.516
494.305
495.853
495.536
497.046
495.926
495.85
495.478
494.311
497.503
496.037
494.541
493.263
491.989
492.431
491.763
491.21
491.268
489.996
490.355
490.004
488.831
489.581
488.904
489.153
489.695
489.673
489.058
491.182
491.119
492.349
492.146
492.56
494.488
493.232
493.406
494.14
494.137
494.747
493.669
494.728
497.444
496.496
497.162
498.39
498.084
498.552
497.812
495.915
497.826
495.608
494.001
494.016
494.39
494.559
493.465
493.217
494.627
492.263
491.845
490.898
491.498
491.905
490.692
490.56
491.859
493.057
492.977
493.432
493.424
493.45
493.005
491.247
490.947
490.811
491.22
491.214
493.481
493.78
494.027
492.823
492.5
491.853
492.972
494.658
492.991
492.73
490.956
489.503
488.943
488.739
488.29
488.217
486.213
485.962
487.408
486.538
486.929
488.42
490.365
490.921
489.837
488.968
488.6
488.823
487.372
486.766
486.82
486.874
485.024
484.451
484.619
483.029
483.199
485.746
488.121
489.238
487.638
488.247
488.244
488.906
488.359
488.745
488.099
487.312
487.81
487.739
487.624
487.38
486.058
486.226
486.172
485.638
483.167
483.141
482.35
482.811
483.229
483.397
484.074
483.994
482.219
482.4
484.899
485.67
486.553
487.873
487.59
488.118
488.337
488.207
487.574
486.455
484.525
484.713
485.509
486.324
486.502
485.371
484.346
485.215
485.646
485.273
484.763
486.033
487.274
488.626
487.176
488.195
487.875
486.426
486.447
485.58
485.293
485.184
484.577
484.362
484.684
484.99
484.097
483.871
484.132
484.058
486.892
486.463
486.954
485.668
487.745
487.39
489.022
489.867
488.72
489.197
488.813
487.641
487.337
484.476
484.529
487.348
488.505
487.884
487.655
488.528
489.871
489.156
488.715
489.366
488.908
489.383
488.806
489.92
489.407
489.4
489.787
490.43
491.87
490.218
489.134
490.438
490.423
489.885
488.684
489.657
490.803
492.048
492.275
492.053
491.231
490.909
491.181
491.663
492.037
491.319
492.709
492.444
492.432
491.735
490.568
491.61
492.465
492.785
492.744
493.62
493.223
492.9
493.748
494.452
494.698
493.693
493.552
492.783
491.964
492.473
493.001
493.693
492.053
493.52
493.835
493.839
493.956
494.012
492.914
494.671
495.173
494.739
494.108
493.848
492.398
491.698
491.211
491.202
491.691
492.542
493.089
492.799
492.458
491.53
492.04
491.954
492.01
492.126
492.674
492.885
494.135
492.898
490.934
490.962
491.945
489.702
490.155
490.574
491.003
491.522
490.976
491.94
490.917
491.552
493.673
493.865
494.916
495.172
493.852
493.961
494.76
494.738
494.255
494.225
493.011
493.949
494.72
493.729
493.707
493.111
491.504
491.262
489.635
488.54
489.381
489.474
489.768
490.158
491.62
491.327
490.107
491.713
491.247
491.316
491.212
491.86
491.544
491.695
492.263
493.613
494.111
493.613
493.759
494.738
494.442
494.987
494.349
493.474
492.69
490.66
490.218
490.794
492.297
493.379
493.304
495.194
494.126
494.692
495.48
494.272
494.815
495.369
496.224
497.297
498.222
498.239
498.99
498.922
498.431
497.108
495.987
497.387
497.02
498.32
497.81
497.788
496.775
497.988
497.82
497.044
497.012
496.224
494.923
493.716
492.464
492.566
492.491
492.704
493.495
492.506
492.078
494.269
494.675
495.421
495.73
494.013
495.079
495.293
495.557
495.975
496.665
498.179
499.374
498.918
499.76
498.831
497.282
496.886
496.982
497.633
495.917
495.24
495.639
496.404
494.325
492.896
493.731
492.961
493.33
491.049
491.344
491.295
490.792
492.056
493.465
493.322
494.055
494.102
495.623
496.365
496.408
497.152
499.571
499.305
500.074
499.936
500.597
499.99
500.419
500.798
500.056
500.12
502.164
501.957
502.322
502.276
504.004
504.008
504.865
505.474
505.571
507.37
509.346
508.716
507.324
506.668
505.438
506.567
506.017
505.265
505.375
504.026
504.979
503.314
501.193
499.904
498.804
498.728
497.668
498.473
498.416
497.756
496.449
494.659
494.56
494.727
493.456
491.98
490.267
489.685
488.713
488.994
488.173
487.95
489.225
489.781
490.99
489.089
488.904
490.274
491.216
491.011
491.369
490.877
490.502
490.242
488.89
488.991
490.965
489.753
489.336
491.095
490.587
491.615
491.005
491.191
490.568
489.805
488.573
487.86
487.92
487.588
487.42
488.155
487.617
487.205
488.548
489.826
490.101
489.322
490.082
489.955
490.36
489.197
489.559
490.577
490.71
489.237
490.315
490.311
489.506
488.08
485.469
486.137
486.378
483.624
482.572
482.692
482.26
481.413
480.152
478.845
477.388
476.625
476.716
477.48
477.111
477.024
477.615
478.145
477.068
476.901
478.119
479.529
481.686
481.84
483.224
483.602
484.035
482.229
483.153
482.67
483.143
482.676
482.949
482.281
482.623
481.192
480.884
480.946
480.826
480.238
480.498
480.541
480.181
479.215
479.233
479.829
480.259
480.061
482.775
481.174
483.474
484.443
483.285
483.068
485.359
485.936
486.134
485.803
486.232
485.711
485.189
485.576
486.024
485.354
485.516
484.607
484.025
484.891
486.36
487.169
486.767
486.897
487.662
487.808
486.738
486.793
486.17
485.804
484.259
484.714
484.888
482.911
483.788
482.995
480.748
481.764
479.404
480.54
480.071
479.204
479.551
480.269
481.671
480.711
480.052
479.927
480.508
479.537
479.212
480.52
479.903
477.647
478.553
479.217
479.489
479.375
481.206
479.471
479.926
479.995
479.056
479.469
478.388
476.132
476.518
475.48
476.54
477.286
477.732
479.282
480.476
481.026
483.166
482.907
481.884
480.867
480.778
479.942
479.843
479.413
478.783
476.532
477.062
476.986
476.185
475.996
476.119
477.937
478.4
476.671
476.416
475.407
476.471
477.229
478.929
479.768
480.167
479.877
481.979
481.158
481.39
481.527
480.177
478.363
477.428
477.121
477.093
477.971
477.967
477.877
477.981
477.609
476.687
476.187
476.309
477.842
478.739
478.517
477.089
477.971
477.496
476.177
475.724
476.904
479.429
479.604
478.301
477.978
478.79
480.549
480.373
479.904
479.946
480.055
479.261
478.306
477.402
476.783
476.004
476.498
478.079
477.225
477.42
476.738
476.068
475.432
476.892
475.102
475.548
474.518
473.73
474.461
474.837
474.687
474.752
474.887
474.263
474.815
473.522
472.551
472.47
470.223
468.754
470.34
469.02
467.122
468.314
468.914
469.367
469.715
467.26
467.501
468.167
468.118
468.083
466.788
465.329
464.997
464.985
465.699
465.507
464.81
465.474
465.577
466.127
465.714
466.395
466.148
466.938
465.276
464.141
464.093
465.254
463.798
460.312
459.791
457.68
457.662
456.138
456.467
456.709
456.836
456.809
454.796
456.153
455.88
456.661
456.982
457.591
458.645
458.018
458.891
459.4
459.311
457.696
458.398
459.16
459.956
460.21
459.453
459.785
458.616
460.822
463.078
463.897
464.362
464.113
465.819
465.452
464.521
465.082
462.884
461.695
463.395
462.28
463.558
463.048
461.242
460.743
461.035
461.035
461.43
461.839
461.19
460.61
460.835
460.118
460.43
461.499
461.936
461.079
461.726
461.865
461.477
461.266
460.241
460.916
461.583
460.441
459.555
458.661
459.086
459.677
459.659
457.965
456.843
458.299
458.07
457.257
457.655
456.218
457.244
457.364
457.021
457.889
458.655
459.037
459.726
457.389
458.379
458.604
461.06
460.521
459.769
460.853
462.145
460.349
459.829
458.621
461.126
462.499
463.106
462.162
462.934
462.048
462.236
463.121
461.192
461.575
461.306
460.203
461.853
462.38
460.126
460.24
459.872
458.669
459.249
461.799
462.101
463.205
462.032
462.341
463.798
464.49
464.804
464.999
465.499
464.932
465.781
465.401
467.355
466.465
463.859
465.205
464.886
464.068
462.857
462.727
463.44
465.017
465.032
463.872
465.169
465.108
464.488
464.708
463.704
464.086
464.098
463.295
461.947
461.443
462.444
461.55
462.412
462.263
462.424
463.67
463.671
463.117
462.769
462.6
463.561
465.06
464.646
464.952
464.436
464.207
464.234
464.898
465.038
465.281
465.838
464.519
464.282
463.916
463.357
463.412
462.743
461.778
463.404
462.196
462.188
462.414
461.209
460.524
460.523
461.401
462.22
461.978
463.039
464.38
464.869
463.55
464.589
466.218
466.636
467.965
468.493
468.605
468.992
470.915
471.813
472.555
471.144
469.992
470.21
468.326
468.798
467.198
466.975
467.229
466.429
464.915
463.997
464.767
465.272
463.906
464.548
462.616
463.17
463.05
462.82
463.647
464.809
464.817
465.551
464.298
465.12
465.236
468.01
467.22
467.873
468.484
470.463
470.065
471.001
471.617
469.936
469.022
469.371
469.815
469.011
467.872
467.765
468.353
468.224
467.188
467.049
467.53
469.094
469.317
469.856
470.559
472.11
472.395
472.045
474.034
473.986
472.667
473.539
473.701
471.019
470.025
469.9
470.569
470.02
470.119
470.193
470.331
469.451
469.748
469.4
470.64
470.58
469.876
469.779
469.297
468.766
469.292
468.007
467.433
467.711
468.121
468.736
467.288
466.909
464.661
464.667
463.797
464.919
464.553
463.142
463.161
463.426
462.13
461.055
461.536
461.084
461.164
460.745
460.196
458.986
457.378
457.13
457.735
457.447
458.188
460.223
459.628
460.128
459.341
459.395
458.937
458.214
457.776
456.528
455.544
456.805
457.612
457.553
458.317
457.516
457.654
457.824
456.528
458.075
459.998
459.353
457.853
457.619
459.113
458.421
457.812
458.506
459.324
459.344
459.633
459.515
460.533
459.493
459.327
459.376
459.267
459.353
461.157
461.771
462.108
463.626
463.847
462.313
461.417
462.098
463.26
462.746
465.171
466.398
467.014
467.739
466.608
467.881
466.868
465.728
465.784
465.45
466.881
468.082
467.892
466.741
467.141
466.366
467.202
466.22
466.645
466.382
466.325
465.336
465.635
465.71
465.018
465.714
464.863
465.977
467.055
468.754
468.602
469.431
470.061
469.95
470.71
470.754
469.437
471.528
470.383
470.081
468.412
469.629
469.71
469.09
470.028
469.119
467.698
468.644
468.788
470.315
472.013
472.008
471.915
472.334
470.874
470.093
471.549
472.066
471.193
470.86
469.268
469.571
468.966
468.155
469.775
469.111
469.39
469.749
470.065
469.724
469.253
466.919
466.301
465.697
467.866
467.901
468.267
467.927
466.321
466.954
468.142
469.302
469.369
469.94
469.581
469.429
469.632
468.325
468.943
470.02
470.122
470.315
469.553
469.973
470.095
470.803
469.818
468.679
468.855
468.614
469.143
470.048
470.865
470.005
470.609
471.241
471.915
469.98
469.28
469.675
468.909
467.256
468.613
468.697
467.335
466.77
466.286
464.39
464.046
465.561
466.36
467.966
469.422
468.726
468.902
469.123
466.036
465.816
466.445
465.544
467.249
467.227
467.259
467.822
468.928
470.072
470.617
469.282
469.142
468.867
469.183
470.961
471.146
470.944
469.013
470.589
470.732
469.207
469.169
469.539
470.046
469.267
467.964
467.809
468.302
467.287
468.899
468.84
468.082
467.624
467.443
468.688
469.104
469.127
466.76
467.848
466.89
467.505
468.163
469.66
467.684
466.199
466.272
466.337
465.68
465.609
465.032
466.342
468.438
469.472
468.559
467.776
468.102
468.57
467.868
466.945
467.837
466.83
468.162
468.914
468.446
467.849
466.602
466.328
466.835
467.233
466.496
465.987
465.782
465.636
465.418
464.257
464.805
465.836
466.194
466.011
465.601
464.535
464.66
463.744
462.845
462.365
462.755
462.709
463.059
464.986
465.943
464.902
464.723
465.173
462.304
462.331
461.432
460.02
458.24
458.481
461.378
460.975
461.777
463.69
464.86
464.383
465.158
465.744
466.271
465.201
465.357
465.244
465.111
464.84
465.043
463.334
463.342
462.612
461.706
460.45
459.924
460.335
461.864
461.944
461.483
461.609
462.57
464.753
463.889
462.92
463.136
462.345
464.258
463.161
463.973
463.441
464.15
465.619
465.601
466.56
465.73
465.234
465.459
462.739
461.592
463.192
462.752
462.269
461.53
461.003
460.342
459.654
460.029
460.293
460.686
460.285
459.852
459.791
458.538
459.362
460.071
460.027
461.286
461.024
459.493
460.86
458.371
459.985
460.847
460.923
462.763
461.722
460.99
460.362
458.598
456.883
456.439
454.555
453.694
453.066
452.948
451.415
452.296
453.292
454.284
454.476
454.882
455.271
454.89
455.022
453.496
452.978
451.943
452.883
451.408
451.916
452.369
451.092
452.115
453.636
453.154
454.251
452.901
452.251
451.397
451.269
453.174
454.018
455.462
454.284
452.394
452.821
454.062
454.543
454.383
453.676
452.341
451.213
449.605
450.038
451.555
451.888
452.011
450.949
448.7
448.045
448.819
449.049
448.334
448.326
448.819
450.501
449.87
450.687
450.653
450.662
451.189
451.763
451.154
450.422
451.381
451.546
451.689
450.529
449.425
449.37
448.82
448.886
448.499
448.432
446.207
446.135
446.726
446.208
445.978
445.248
445.003
444.945
445.544
446.405
447.911
450.448
449.256
449.993
450.097
449.35
450.647
451.011
450.966
452.276
454.099
456.821
458.706
458.187
458.303
457.884
458.549
458.475
457.359
456.502
456.809
455.043
455.902
454.859
454.72
454.523
455.211
453.962
453.063
454.763
454.749
455.267
456.287
455.431
455.74
454.204
454.814
455.519
455.99
453.582
454.787
454.666
455.96
455.403
453.038
452.658
454.886
454.446
454.109
455.151
456.316
454.355
454.82
453.478
453.714
453.782
451.352
452.006
453.096
453.154
454.401
456.087
455.732
454.967
455.211
456.249
454.875
454.065
452.833
453.582
453.102
452.757
453.828
454.735
455.809
454.248
454.487
454.333
453.753
454.836
453.754
452.462
452.053
453.664
454.539
454.045
452.414
451.983
452.612
452.736
452.795
453.279
453.7
453.112
453.13
452.298
453.672
452.585
453.353
455.033
455.069
453.621
453.231
453.165
452.264
450.256
449.575
450.263
451.538
452.7
455.644
457.344
455.008
455.17
456.105
457.413
457.143
456.877
457.312
457.815
457.928
459.57
459.863
459.086
458.904
457.715
455.776
455.502
455.969
457.515
458.005
458.436
461.467
462.756
462.692
462.029
461.618
461.554
460.913
459.785
459.714
458.207
457.817
456.919
457.692
457.692
456.738
457.807
457.28
458.316
458.301
458.62
458.074
457.668
456.939
458.485
461.087
463.528
463.895
465.359
463.649
462.134
463.02
463.85
464.489
463.153
462.873
463.758
463.405
465.385
465.82
467.06
467.053
466.193
467.557
467.19
468.91
467.867
469.259
470.517
470.965
469.907
468.837
468.491
467.79
468.224
466.991
467.136
466.323
467.257
466.687
466.242
468
468.254
468.067
467.918
467.025
467.712
468.3
468.862
468.606
468.824
469.524
470.397
469.092
468.544
468.317
469.397
470.834
472.991
471.92
472.743
471.083
470.346
468.851
468.469
466.419
466.528
465.157
465.068
465.281
465.649
465.32
465.09
465.267
464.344
464.98
464.806
463.614
464.117
465.244
464.977
463.28
463.757
464.944
465.036
464.584
463.935
464.659
464.64
465.183
463.606
464.498
465.363
466.152
467.255
467.673
469.02
469.247
470.659
470.367
471.609
470.41
470.177
469.288
469.156
470.317
471.17
470.43
470.962
470.853
471.694
471.616
470.526
470.713
470.237
470.867
471.094
470.541
471.19
471.533
472.994
475.235
476.051
476.076
475.524
474.474
475.903
474.101
471.63
470.573
470.483
470.295
469.474
471.287
471.301
471.368
471.363
470.974
470.574
469.37
469.863
469.269
469.512
470.328
471.141
472.316
473.19
473.097
473.552
473.544
474.038
474.329
473.853
473.937
472.213
472.766
472.907
472.701
472.154
471.842
472.024
471.557
471.975
471.49
470.841
469.254
468.748
466.764
466.288
465.727
465.616
465.288
465.555
465.425
465.566
464.681
467.312
468.648
471.004
471.564
471.087
471.833
471.304
472.171
471.19
473.212
473.215
472.748
474.414
475.261
475.396
475.453
474.656
474.639
474.516
475.29
473.987
472.803
473.515
473.011
472.281
472.145
471.247
470.664
468.968
468.729
468.698
467.76
468.826
470.746
470.472
471.925
471.021
472.45
473.358
475.021
476.251
474.775
476.353
477.033
476.368
475.396
474.846
474.498
474.578
474.686
474.229
475.091
475.864
473.563
472.99
472.181
471.876
472.378
471.078
469.983
469.22
469.655
469.27
466.444
465.357
465.749
466.207
465.349
465.524
465.652
466.215
466.904
467.935
466.952
467.874
467.601
468.55
470.103
469.725
471.215
471.332
470.955
470.566
471.039
473.486
473.495
475.126
475.746
475.518
476
475.865
476.567
477.102
476.129
474.9
475.091
475.547
474.237
473.594
475.421
475.461
475.095
476.16
476.333
475.086
474.258
475.648
474.251
473.079
473.625
473.641
473.901
474.807
475.918
476.112
474.996
475.854
473.893
473.669
474.879
476.494
477.472
476.701
477.7
476.428
476.48
478.151
477.926
478.839
478.956
479.519
481.107
480.096
478.964
480.131
479.165
478.355
478.001
478.416
476.56
474.959
475.887
476.761
477.476
477.213
476.12
477.601
477.742
478.195
479.25
478.055
477.484
476.77
476.337
476.482
475.874
476.078
476.347
475.362
476.064
474.54
474.573
475.385
474.957
474.458
475.87
474.327
475.32
476.131
475.74
474.978
474.844
475.357
474.192
473.38
472.341
471.55
472.17
472.282
470.172
471.916
471.799
473.141
474.305
475.263
474.896
475.843
478.218
476.916
476.034
474.296
475.062
473.824
474.152
474.246
474.373
475.214
475.146
474.388
475.116
475.455
475.771
476.774
476.247
476.096
476.247
474.806
474.78
473.832
474.689
475.895
476.865
477.731
476.728
477.855
477.51
478.378
480.375
481.423
481.84
482.888
482.495
482.512
482.819
485.09
482.785
483.361
481.573
480.988
482.591
481.352
481.76
481.581
481.148
479.933
480.668
480.421
481.101
480.626
479.045
478.86
481.105
479.401
479.99
480.087
480.497
480.471
479.284
478.716
478.8
478.802
478.879
478.984
477.038
476.248
475.265
474.24
475.771
475.257
474.844
474.188
475.149
473.539
471.784
471.891
472.234
471.518
473.041
474.805
474.717
475.532
473.312
472.345
472.055
470.738
470.105
471.314
472.601
474.065
473.492
473.329
472.859
472.677
472.804
474.883
475.525
476.703
475.669
475.137
473.445
473.296
473.753
471.971
473.534
474.985
473.773
472.847
473.662
474.985
474.005
474.576
473.049
473.28
473.151
474.303
472.943
473.031
472.224
471.473
472.137
472.591
473.44
473.447
473.494
472.551
473.704
473.415
474.282
474.524
472.073
472.317
471.203
471.871
471.967
472.069
471.873
471.059
471.934
472.127
472.456
472.009
471.514
471.159
471.838
471.071
472.299
474.314
474.946
474.922
473.933
473.862
473.969
474.552
475.386
475.686
474.105
473.728
471.896
471.612
469.543
469.667
468.944
468.234
467.582
466.35
465.175
464.463
464.488
464.769
464.893
463.928
466.509
466.576
467.306
468.945
469.333
470.237
471.142
471.733
471.908
471.362
471.556
469.898
470.871
470.084
468.338
467.88
466.996
467.037
468.278
468.863
468.954
466.863
467.138
466.685
467.646
467.167
467.69
468.22
468.734
465.595
466.742
465.526
464.635
464.133
463.19
461.677
461.483
461.791
462.36
460.55
461.664
460.933
461.214
462.286
462.133
462.317
461.372
460.309
460.126
459.372
458.353
460.148
459.434
459.417
458.491
459.434
460.769
460.501
461.48
460.624
460.01
459.715
459.969
460.998
461.47
460.333
460.915
461.744
460.859
460.775
458.506
458.831
460.314
459.064
460.348
460.977
460.55
461
459.962
459.855
459.959
460.706
461.56
461.777
460.937
461.258
461.596
461.348
461.97
461.937
461.146
461.307
461.871
462.948
462.263
463.812
465.109
465.08
464.625
467.594
467.441
466.314
466.583
466.203
467.494
469.405
470.712
470.604
471.037
469.514
470.215
469.019
469.177
468.053
468.93
467.843
466.671
467.111
467.087
467.682
469.409
469.643
470.462
470.011
469.161
469.577
470.775
470.141
470.386
471.212
470.94
472.427
472.24
472.289
472.185
472.003
472.666
471.628
470.91
472.165
471.799
471.769
473.878
473.875
472.442
470.634
471.171
470.302
470.978
470.95
471.958
474.593
474.518
474.813
473.492
472.238
471.446
473.344
472.64
470.393
470.168
469.965
470.042
469.968
472.217
472.647
472.793
472.372
472.891
473.121
471.624
472.657
473.313
472.885
472.035
471.784
473.073
473.017
472.557
471.499
472.52
472.072
472.221
473.579
473.67
474.078
474.03
473.281
471.848
470.595
471.631
471.593
471.859
473.522
473.981
472.92
471.869
470.953
470.382
469.746
470.075
470.104
470.463
470.856
469.599
470.231
468.489
470.056
470.769
470.171
470.677
470.494
469.841
469.902
467.961
468.216
469.325
470.943
471.929
471.903
470.793
470.577
469.9
470.623
473.144
473.166
473.359
472.921
470.63
470.715
470.489
469.406
469.833
470.289
471.745
472.514
471.957
472.168
471.318
470.662
471.188
472.283
473.053
473.128
472.926
472.489
472.951
472.984
474.081
474.31
473.623
475.153
475.134
475.164
475.675
475.857
475.787
477.282
475.249
476.141
475.55
473.618
474.952
476.047
477.038
475.36
472.845
474.632
475.112
475.45
475.761
476.856
475.019
474.623
473.786
471.972
471.59
472.785
472.159
472.026
472.695
471.052
469.016
469.293
469.862
469.719
468.072
467.578
466.497
466.953
467.106
467.163
465.5
465.963
465.935
467.906
468.568
469.417
469.287
469.159
468.093
468.216
468.836
468.919
468.721
466.942
466.144
465.991
467.354
466.158
466.38
466.595
466.544
467.119
467.235
468.988
471.331
473.7
472.971
475.26
475.162
475.638
475.228
474.472
476.048
475.726
475.377
476.009
477.307
477.49
477.372
477.542
476.965
477.73
478.587
477.631
478.148
477.109
476.615
476.056
476.469
476.703
478.178
477.24
476.956
476.218
474.876
476.09
475.903
475.615
474.699
474.751
474.418
474.494
475.024
473.56
474.206
477.045
476.601
476.926
476.554
477.595
476.434
475.309
476.25
477.028
475.869
476.037
476.565
475.922
474.904
474.486
473.643
475.422
476.249
476.337
475.865
474.078
471.7
471.111
469.328
468.483
470.286
470.613
469.549
470.93
470.299
472.225
472.102
472.09
472.259
471.875
471.365
471.319
471.856
471.251
471.019
471.042
470.594
469.549
469.746
469.88
470.234
470.575
469.603
468.433
467.78
468.146
469.722
469.417
468.321
468.232
468.534
468.527
467.359
467.131
466.858
466.584
467.609
467.552
466.511
466.728
466.88
465.637
465.499
465.447
465.32
464.942
465.653
466.045
465.373
466.025
465.997
465.346
465.791
467.053
466.16
467.391
467.422
466.517
465.447
465.93
466.16
464.94
464.252
464.663
465.426
463.831
464.884
464.836
464.449
464.286
466.529
466.876
465.734
465.758
464.552
463.898
462.858
463.867
463.646
464.532
464.587
466.314
466.37
466.147
466.654
467.113
468.731
467.695
466.731
466.887
466.466
466.034
465.531
466.063
467.336
466.278
466.041
466.612
468.165
469.089
469.323
468.564
468.585
467.472
467.584
467.457
466.504
466.942
467.339
466.262
465.892
467.641
466.436
466.432
466.713
465.601
466.133
467.515
466.917
467.947
467.998
467.718
468.794
471.404
472.225
473.28
473.067
473.288
473.115
472.312
474.299
473.868
475.827
474.742
475.419
475.587
476.366
476.427
475.741
474.367
474.281
474.526
472.777
472.617
472.958
472.693
471.048
470.202
470.955
470.216
467.751
466.469
466.632
466.665
465.034
464.12
465.009
465.406
463.55
463.419
462.837
462.564
463.031
461.258
461.116
462.072
461.074
461.935
461.606
460.667
461.221
461.462
461.813
463.738
466.324
465.282
464.449
463.401
463.273
462.038
462.35
462.543
461.662
461.835
460.119
460.423
457.973
460.039
459.554
460.222
460.706
459.689
459.791
458.412
459.518
459.331
458.456
459.721
459.543
461.764
461.9
462.073
463.871
463.461
463.826
464.081
463.848
464.544
466.173
465.915
465.909
465.506
465.803
464.167
464.733
464.179
463.383
461.568
460.803
459.275
460.802
461.105
460.773
460.126
459.439
460.342
461.203
460.383
462.004
462.405
461.259
461.097
459.818
459.238
460.469
460.265
457.898
458.848
460.568
460.668
460.792
459.714
460.707
460.076
460.369
459.726
459.642
460.13
458.861
459.445
460.814
460.038
459.774
459.929
459.145
457.521
456.67
456.344
457.163
456.518
457.139
456.514
456.735
457.014
454.648
455.827
455.729
456.155
456.726
455.684
454.371
453.507
452.414
453.431
452.891
451.948
453.033
453.14
454.393
454.819
453.781
452.441
451.097
450.975
452.994
452.454
450.086
448.839
449.546
448.64
450.697
450.965
450.245
450.228
451.451
450.309
449.976
449.903
449.899
451.159
451.387
451.622
451.028
452.042
451.904
453.572
452.927
452.099
452.206
451.995
452.094
451.267
451.344
449.772
448.192
449.907
448.522
448.235
448.011
448.583
448.069
448.953
449.376
448.798
449.086
449.722
451.06
452.006
452.768
453.239
454.08
454.224
453.092
451.729
453.423
451.39
451.154
452.747
453.812
453.676
453.429
453.242
451.412
450.191
450.67
452.369
453.221
454.161
451.85
451.39
452.132
451.218
450.066
450.565
450.798
449.66
448.042
448.749
448.3
448.281
448.506
449.366
449.706
449.874
449.24
448.933
448.403
450.229
451.365
451.31
449.711
451.539
450.928
451.612
451.94
453.16
452.716
452.179
452.637
452.645
452
453.211
453.175
453.763
455.444
454.501
455.2
456.315
456.939
457.838
457.832
459.368
459.579
460.227
459.883
460.807
462.444
461.901
462.605
463.161
464.86
463.977
464.157
465.069
467.17
468.814
467.934
466.276
466.55
468.143
468.922
469.887
468.576
466.737
466.854
465.773
464.416
464.22
463.101
464.087
464.059
464.102
465.785
467.211
468.332
467.708
467.454
467.512
466.95
467.224
468.965
470.538
470.859
471.073
472.568
472.392
473.024
472.293
473.085
472.634
472.52
472.214
473.605
474.235
474.74
472.655
473.497
471.73
473.347
474.252
474.185
474.339
474.214
475.155
475.626
477.626
478.579
478.436
477.566
479.523
479.195
477.756
477.581
477.444
477.36
477.831
477.787
479.461
478.705
480.04
479.82
480.152
479.432
480.152
479.871
478.685
479.075
480.805
481.948
483.496
485.586
485.711
484.508
484.634
483.743
482.594
483.492
484.412
483.698
482.963
482.869
481.253
481.157
482.351
482.435
482.29
482.312
482.751
481.725
481.42
482.253
481.046
480.278
478.76
481.486
480.462
479.526
478.823
477.367
477.101
477.208
479.114
479.671
481.627
482.675
481.554
482.243
481.422
479.824
480.416
479.279
478.992
480.441
479.333
478.438
478.647
478.48
479.375
481.172
482.532
482.816
482.545
482.19
480.439
480.453
480.978
481.622
481.663
482.562
482.897
484.048
484.448
484.497
483.188
483.626
483.208
483.278
484.003
485.123
484.753
485.291
487.179
488.207
490.293
490.771
490.481
490.412
491.184
490.207
488.512
488.884
487.398
488.008
487.898
487.476
486.599
486.349
487.523
486.676
485.54
484.994
485.534
484.33
483.866
484.709
485.701
485.794
485.787
486.053
486.453
487.335
488.3
488.852
488.197
488.703
487.722
487.814
486.218
483.885
482.982
483.836
485.103
485.295
484.543
484.672
485.428
483.743
484.786
486.257
486.429
485.019
486.685
488.028
490.067
490.366
489.86
490.85
490.731
491.69
492.121
494.389
494.642
494.924
494.623
495.375
494.569
496.286
494.877
494.03
497.174
496.925
497.157
494.968
495.53
495.617
496.391
495.321
495.45
494.029
493.898
493.965
494.702
496.51
494.807
492.917
491.633
490.72
491.253
490.799
491.159
491.546
490.548
490.115
491.575
490.125
491.078
492.79
492.242
492.769
493.048
494.251
494.19
493.649
493.251
493.462
493.318
492.843
493.52
492.461
492.263
492.536
490.797
489.559
490.146
489.564
488.283
486.981
488.442
489.936
489.688
489.552
488.756
488.849
487.153
486.538
486.425
486.081
486.371
484.741
483.705
485.817
485.346
485.804
485.364
484.489
484.808
485.107
485.746
484.049
484.009
483.366
481.568
482.363
482.177
481.629
482.223
482.435
480.265
480.62
481.667
482.586
481.715
479.908
480.581
480.517
479.862
480.613
479.123
478.135
476.961
476.969
476.711
475.494
475.912
477.203
476.659
477.301
476.176
477.93
478.615
478.848
479.645
479.343
478.362
477.314
476.365
476.823
478.472
477.983
476.928
476.66
476.669
476.262
476.108
477.45
477.759
476.454
476.306
476.66
476.991
475.701
475.844
475.383
476.689
476.385
477.829
478.31
478.529
478.59
478.677
478.859
478.438
477.66
477.013
478.417
478.665
478.355
479.686
478.924
478.894
478.231
478.193
478.706
478.324
477.705
478.268
479.292
478.885
478.114
477.006
476.39
476.853
476.648
477.983
478.209
478.023
477.026
478.634
479.197
479.946
479.852
481.234
479.701
480.601
481.982
480.886
480.013
480.102
480.176
479.78
480.114
481.581
482.84
482.458
483.423
482.071
482.817
483.142
481.975
480.473
480.187
477.944
477.629
475.404
475.547
476.605
478.546
478.673
478.249
478.568
477.954
476.756
476.593
476.997
476.685
477.155
477.236
477.073
476.642
477.383
479.738
480.44
480.269
479.456
477.596
475.581
477.164
477.057
478.752
478.461
478.344
477.305
477.745
478.94
478.756
479.255
480.751
481.244
482.561
482.457
482.758
481.926
481.413
482.417
481.771
481.757
482.501
482.792
482.988
483.323
482.774
482.205
482.122
482.397
482.676
482.026
481.245
483.092
484.533
484.755
485.15
484.417
483.311
480.468
481.559
480.563
481.154
480.952
480.406
478.834
477.524
477.391
477.489
477.325
476.904
477.212
476.904
477.882
479.574
480.351
480.759
482.426
482.26
481.547
481.831
481.595
483.539
484.702
484.402
483.732
483.622
484.153
483.753
484.917
483.477
483.816
485.614
484.517
482.808
482.332
483.446
481.865
481.823
480.535
479.903
480.101
478.888
478.793
479.977
478.732
478.768
478.944
477.827
479.759
481.34
479.55
480.137
481.247
482.582
483.159
480.913
481.215
482.555
483.906
484.24
484.203
484.096
483.462
482.686
482.836
482.982
484.454
484.893
483.658
483.368
483.148
481.84
482.013
482.508
482.062
480.283
479.017
479.113
478.71
477.353
477.759
476.633
476.045
476.041
477.254
477.523
477.499
478.422
478.484
477.526
477.663
478.605
479.361
479.679
480.171
479.744
481.266
480.948
481.209
480.48
481.009
482.095
481.708
481.173
482.163
479.977
480.454
480.266
480.468
480.094
479.045
477.069
476.84
476.428
476.116
475.925
475.678
476.938
476.785
477.366
477.785
477.002
475.491
477.719
480.432
479.844
480.108
479.971
480.211
479.536
479.666
481.22
480.741
478.916
478.845
478.172
478.325
478.389
479.597
479.873
480.502
480.188
479.928
479.544
478.12
478.876
479.24
478.934
479.448
477.933
476.59
477.709
478.253
477.777
478.421
479.667
479.334
479.286
478.516
479.371
479.392
480.576
479.546
477.96
478.516
478.694
476.942
476.608
477.278
477.588
476.795
479.4
481.091
480.946
480.458
480.835
480.494
480.432
481.206
480.965
482.209
481.651
481.217
481.703
480.95
481.666
480.386
480.287
480.897
480.451
480.625
480.74
480.233
480.189
480.661
480.076
479.793
478.611
478.819
477.998
477.234
477.229
475.652
474.393
474.118
473.081
473.415
473.111
472.62
474.1
473.574
471.483
471.173
471.22
471.563
471.87
473.88
474.228
473.345
472.715
473.612
475.567
475.773
476.532
475.723
475.968
476.797
475.506
474.569
473.949
475.002
475.667
475.194
475.429
476.077
475.524
474.829
475.491
473.914
473.283
472.796
470.61
469.416
468.445
469.44
469.154
469.827
470.242
469.102
470.384
470.957
471.446
471.205
471.907
473.153
473.601
471.776
472.413
473.46
473.291
471.534
470.922
471.122
472.744
469.664
468.805
468.918
469.029
468.374
468.76
469.679
471.091
470.539
469.341
469.483
470.999
471.117
469.431
468.854
468.339
469.135
469.663
468.451
467.435
468.198
468.87
469.347
468.529
469.56
470.124
471.469
472.111
471.925
471.595
471.61
471.052
471.568
470.969
470.927
469.824
469.143
469.016
469.305
469.135
469.483
468.291
468.366
467.77
468.566
469.318
469.432
469.558
470.355
470.413
469.079
470.921
470.376
470.55
471.668
473.965
471.749
471.122
471.181
471.081
470.8
472.606
473.115
473.156
475.317
475.844
476.029
474.771
475.043
477.044
476.277
474.381
475.604
474.887
478.346
478.086
477.866
477.255
477.246
475.774
474.691
475.45
475.555
475.123
475.06
474.307
474.111
474.365
476.086
475.606
476.463
476.809
477.095
477.115
477.064
477.416
477.787
477.993
477.973
477.41
476.753
476.675
475.449
477.139
477.183
477.281
477.788
477.449
479.469
479.091
477.848
478.271
478.484
478.863
476.413
477.92
477.952
479.711
479.427
481.325
483.513
482.28
483.334
482.582
480.963
480.082
480.397
479.918
482.397
483.08
482.44
481.593
481.338
480.062
480.374
479.708
479.762
482.091
480.935
482.735
482.772
482.08
482.61
481.483
482.506
482.239
482.561
482.849
484.548
484.264
485.408
485.039
486.254
485.122
485.199
484.37
486.558
486.032
485.68
486.257
485.805
485.886
485.592
486.583
487.175
488.364
486.35
485.613
485.174
485.842
485.528
484.896
484.089
484.845
484.786
485.982
484.624
483.921
484.854
485.486
485.91
485.864
486.093
484.813
485.344
484.854
485.698
483.574
482.238
481.492
481.105
481.608
480.961
480.928
482.533
481.809
483.05
483.536
483.432
483.58
484.534
484.918
484.611
484.173
483.62
484.484
484.25
485.132
483.768
483.773
484.628
484.014
484.972
485.933
486.744
486.427
486.914
486.257
486.285
487.678
487.17
486.244
487.2
487.62
488.088
489.175
490.692
490.999
491.155
491.312
490.65
490.337
489.763
490.019
490.066
490.453
490.68
490.192
489.331
490.446
488.956
488.016
488.519
488.865
489.642
489.663
489.463
488.478
488.138
487.232
487.16
486.7
486.913
487.447
485.283
486.694
486.777
486.905
486.966
486.101
485.228
485.325
484.819
486.699
484.845
485.696
487.632
489.541
492.136
492.21
491.382
489.978
492.149
490.957
491.107
489.616
490.084
490.187
489.655
488.728
488.817
490.093
489.387
490.602
491.135
489.761
489.136
489.72
490.768
491.83
492.324
491.302
489.181
489.405
489.266
488.697
488.642
486.614
486.503
485.976
485.949
486.897
485.855
486.848
485.586
484.819
485.924
485.034
485.33
486.722
485.784
485.431
485.781
485.483
485.553
484.467
483.788
484.022
482.962
484.032
486.035
486.255
487.187
486.329
486.607
486.229
485.252
485.431
485.056
483.926
482.07
481.297
482.632
482.322
482.066
482.797
482.215
483.544
483.625
484.009
485.149
485.458
485.675
485.911
486.522
486.253
487.183
488.643
490.352
491.399
492.492
491.879
491.501
489.547
489.425
489.238
489.215
489.752
490.708
492.685
492.704
491.689
490.401
489.663
488.508
487.299
487.185
488.163
487.898
487.745
488.707
488.7
489.633
490.558
491.472
491.98
492.072
492.326
491.706
491.931
493.017
492.492
490.951
491.264
490.587
490.399
489.592
487.88
487.751
486.961
486.804
487.994
487.569
486.621
484.823
485.697
486.607
487.008
487.079
488.825
489.195
489.026
487.926
488.178
487.867
486.314
486.681
485.707
486.119
487.899
486.872
486.258
486.645
488.005
489.051
486.946
489.148
489.488
490.26
491.229
491.47
491.351
492.934
494.798
494.336
492.551
491.524
491.758
493.139
492.937
492.308
492.275
491.997
491.463
494.198
495.316
494.485
496.44
495.612
495.881
495.956
496.883
497.517
498.961
498.933
498.753
498.568
499.261
499.197
498.057
497.232
497.63
497.807
495.994
495.136
494.938
494.586
494.8
495.173
495.348
497.248
496.76
496.75
494.792
495.506
495.063
495.728
497.592
496.525
496.639
497.282
497.137
497.148
497.929
497.307
497.942
498.368
497.827
497.373
497.087
497.597
497.226
497.52
497.85
496.732
496.569
496.897
495.739
496.203
496.144
494.511
495.308
496.063
495.208
495.007
494.536
495.324
494.923
494.438
494.741
493.578
492.81
494.047
492.571
494.028
496.215
496.333
495.808
494.294
495.337
496.578
496.264
496.615
495.428
496.611
496.302
494.971
494.937
497.434
495.634
495.186
493.985
492.592
491.506
493.212
492.024
492.457
493.128
493.734
494.141
493.623
493.705
492.488
493.01
492.373
492.9
491.875
491.066
489.244
490.178
490.447
489.895
489.38
488.41
487.417
486.414
487.468
487.341
488.78
488.042
489.133
488.005
488.792
488.015
488.306
487.314
486.094
485.697
485.082
483.472
484.107
484.51
485.066
484.505
483.855
483.806
483.745
484.973
484.448
484.218
483.703
485.317
486.461
486.749
486.38
486.157
485.247
486.014
486.302
485.944
485.271
483.508
484.011
482.722
481.978
484.369
485.119
485.775
487.475
488.028
489.118
489.691
489.944
489.235
488.54
488.886
489.381
490.611
490.806
491.102
491.825
492.808
492.685
492.984
491.664
492.226
492.964
493.58
491.559
489.358
489.222
488.638
489.2
489.4
489.049
490.323
491.699
492.087
492.616
493.663
493.738
494.733
495.634
495.304
495.491
495.898
496.932
495.544
495.695
496.453
497.366
497.963
496.374
497.205
496.424
495.901
496.023
495.871
495.933
495.316
496.097
496.249
495.145
494.184
492.95
494.057
493.784
492.822
493.264
494.575
493.239
492.211
492.784
492.276
494.07
492.742
492.984
493.125
493.582
494.966
495.001
495.749
493.593
493.813
493.463
493.481
492.599
491.309
489.787
489.836
487.268
486.285
486.747
486.693
485.619
486.68
486.215
484.603
481.832
480.817
479.711
478.826
479.331
479.253
480.07
478.017
478.144
480.909
480.51
479.429
479.86
479.301
478.409
478.769
479.03
478.903
478.611
479.015
478.287
477.929
476.681
477.396
478.959
478.08
480.66
481.284
481.459
481.743
481.038
480.674
479.937
478.368
477.806
477.95
479.195
479.736
480.013
479.854
478.421
479.232
478.922
478.088
479.75
479.193
480.189
480.639
478.526
478.249
474.986
475.491
473.788
472.165
472.784
471.408
469.902
471.118
472.706
473.111
472.616
472.425
474.371
474.826
475.107
474.745
475.436
475.776
475.936
476.396
474.793
475.788
473.075
474.123
474.777
474.9
476.513
478.322
477.484
477.399
475.592
475.302
475.152
472.981
474.516
474.509
475.643
475.695
473.72
475.215
474.705
473.886
473.97
473.148
473.35
473.169
473.566
474.865
473.76
473.288
473.131
474.684
474.939
475.362
476.434
475.906
477.193
476.866
477.698
479.252
478.028
479.618
478.651
478.143
477.051
478.733
479.423
477.975
477.754
478.4
478.072
477.687
477.747
477.967
477.326
478.051
477.898
479.96
480.951
479.388
479.025
480.435
481.922
481.945
483.023
482.507
481.401
480.377
481.279
481.184
481.532
479.874
480.534
479.927
478.254
479.267
479.056
478.441
479.773
481.327
480.645
479.201
478.007
477.862
476.127
476.326
476.042
477.779
475.57
476.246
477.466
477.187
476.041
476.694
477.934
477.669
478.363
478.182
479.994
480.46
480.795
479.745
478.674
480.369
479.854
480.538
480.447
481.23
480.716
481.704
481.117
482.313
484.566
483.403
481.559
481.665
482.113
482.869
482.291
483.062
482.167
480.955
479.148
477.347
477.198
477.117
475.911
475.186
475.992
475.514
473.658
473.961
474.455
476.342
477.651
476.438
476.138
476.712
477.03
476.264
476.477
476.212
476.685
475.966
475.542
475.198
474.204
473.82
473.952
476.264
476.689
476.907
477.17
476.293
475.241
474.513
473.947
473.814
474.595
474.569
472.574
471.698
469.46
468.952
468.912
469.28
468.588
467.346
466.657
465.682
464.583
465.072
465.584
465.636
465.569
463.34
463.447
464.356
464.356
465.417
463.162
463.556
464.021
460.789
460.411
460.895
460.938
460.929
461.078
460.574
457.621
456.871
457.374
458.782
458.633
458.235
459.462
459.987
458.78
459.248
459.481
458.653
458.054
457.947
457.795
458.564
459.293
459.258
461.885
462.884
462.096
461.753
460.271
461.613
461.177
462.029
461.266
460.657
459.155
460.903
461.442
461.771
461.776
459.962
459.264
460.072
461.455
461.962
463.008
463.098
463.157
464.96
463.773
462.161
460.878
461.512
462.433
464.828
464.758
463.482
462.992
464.398
465.002
467.118
466.583
465.489
465.938
466.818
465.388
467.394
466.49
465.594
464.805
465.396
465.254
464.528
462.803
463.105
462.711
461.804
461.583
462.592
461.092
462.342
461.824
462.588
462.48
461.431
462.53
461.633
461.23
460.223
459.556
458.538
457.78
457.771
457.952
456.236
455.523
454.785
456.276
456.826
456.037
456.279
456.511
459.057
458.231
457.202
456.821
457.762
458.352
460.168
456.912
458.324
460.081
459.573
461.206
461.684
461.832
462.549
462.571
461.882
461.34
462.063
462.171
462.35
462.411
462.978
463.736
463.691
461.678
460.344
461.311
461.759
460.929
462.698
462.709
461.513
459.938
459.864
460.197
460.467
461.007
460.753
462.424
461.625
461.436
460.539
459.675
460.197
459.094
460.223
460.622
461.772
461.998
461.213
459.28
459.831
460.161
460.245
460.258
460.881
461.245
460.851
461.059
463.269
462.683
462.622
462.148
462.194
462.147
462.539
462.373
462.808
462.086
460.687
459.763
459.406
458.613
460.328
459.581
460.312
462.903
461.722
461.773
461.011
460.244
460.631
461.204
461.766
462.664
463.311
463.76
463.087
463.996
464.626
465.164
464.823
464.124
463.193
463.556
463.251
462.807
463.248
461.17
461.239
463.251
464.148
464.556
464.832
464.294
465.234
465.131
465.602
465.702
465.257
465.965
466.346
465.75
465.812
465.514
466.132
466.363
465.581
466.191
463.387
463.508
464.632
464.846
464.872
464.939
463.016
463.256
462.043
462.458
462.265
461.935
463.214
462.088
461.347
461.207
460.843
462.853
461.755
459.679
458.233
459.363
458.85
459.21
458.269
457.067
456.863
456.536
455.015
455.298
455.597
454.639
455.272
456.169
456.405
456.588
455.277
455.562
454.92
454.496
454.577
454.594
455.291
455.176
454.376
454.077
453.98
452.636
451.795
453.183
451.627
452.288
451.97
452.515
454.406
454.024
454.58
454.677
454.243
453.595
452.522
452.221
451.957
450.932
450.952
450.789
452.175
453.773
452.835
453.176
453.87
453.314
452.371
450.482
450.652
450.572
451.48
453.185
452.187
451.237
450.741
450.374
451.384
451.094
451.757
452.379
451.991
452.326
451.665
452.028
452.848
453.441
453.292
453.689
453.289
452.294
451.2
450.66
449.735
451.877
453.751
453.448
452.107
453.216
453.397
453.685
452.295
452.1
452.044
451.941
452.93
453.308
452.704
452.916
452.483
451.087
448.705
450.479
450.768
450.613
449.73
448.851
447.566
448.109
446.497
444.797
443.494
442.311
442.053
441.471
440.152
440.911
439.888
439.765
438.963
438.726
438.75
439.394
439.151
439.197
441.133
439.761
439.072
437.975
439.121
438.829
438.261
440.679
440.037
441.084
442.826
443.536
443.249
444.564
444.056
444.088
442.733
442.948
442.847
441.389
441.531
441.999
440.978
441.256
443.159
442.763
443.693
444.245
443.694
441.408
442.583
443.438
443.823
443.435
443.384
444.531
445.725
446.771
446.419
445.193
446.201
446.327
444.625
444.769
444.733
442.235
442.033
441.868
441.917
442.145
441.368
442.697
443.48
443.479
444.948
446.038
446.225
445.605
445.822
444.796
444.456
446.332
445.17
444.023
444.552
443.396
442.713
442.167
440.235
440.645
441.877
440.982
441.617
441.974
442
441.58
441.134
439.844
441.726
442.629
440.836
440.509
440.732
441.439
441.59
440.129
440.858
440.611
438.715
439.194
442.088
441.649
442.484
443.169
443.118
442.154
441.488
440.614
440.405
439.217
440.039
440.104
439.442
439.367
441.489
439.702
440.3
439.158
440.446
441.647
442.055
441.707
441.055
441.639
439.926
439.97
439.421
440.404
443.084
441.937
441.456
442.016
443.322
444.434
444.507
444.522
444.495
446.38
447.01
447.042
448.56
449.828
448.492
448.486
448.471
448.399
449.435
449.94
449.998
448.832
445.934
447.671
447.922
447.908
448.756
449.164
448.023
447.083
447.8
447.489
446.879
446.727
447.318
447.574
447.82
447.069
445.774
445.58
444.493
