200
199.987
198.937
199.125
198.932
200.761
199.727
198.922
198.111
198.838
200.96
199.89
201.61
199.975
204.116
205.937
205.901
206.734
206.981
206.395
206.817
206.471
207.283
206.765
207.502
205.871
206.353
206.469
206.444
205.235
205.352
204.893
204.953
203.604
203.727
203.613
205.116
206.585
205.68
205.363
206.465
206.164
205.911
206.683
206.63
206.439
206.02
206.104
205.813
206.295
204.936
206.194
206.54
206.624
206.966
206.12
206.443
206.754
204.853
203.662
204.014
204.178
206.348
205.811
204.541
204.654
204.254
205.939
206.424
204.113
204.959
205.025
203.264
203.375
203.05
203.326
204.541
204.774
204.069
204.057
203.701
201.79
201.897
203.075
202.516
203.25
204.391
203.385
202.059
203.452
203.602
203.443
203.689
203.13
201.992
203.586
203.496
203.701
204.453
204.444
203.387
203.043
202.665
202.03
202.518
203.719
203.607
203.916
203.57
203.823
203.882
203.971
206.164
205.812
206.82
206.392
205.196
204.794
205.03
204.611
203.441
203.763
203.405
205.26
204.457
204.777
203.176
202.183
203.329
203.369
204.543
205.67
204.944
205.673
205.683
204.789
203.172
201.905
200.512
200.471
202.141
203.079
205.508
205.486
206.329
207.368
206.604
205.884
205.77
206.164
205.54
206.223
204.629
204.403
205.17
203.699
203.74
204.385
203.887
204.635
205.545
205.892
205.362
204.41
206.884
205.874
205.41
203.863
202.557
204.648
204.632
205.496
205.884
205.782
205.667
205.06
206.328
206.593
206.229
204.971
204.358
204.253
203.43
201.869
203.205
202.636
200.933
201.021
200.202
199.944
200.414
199.628
197.298
197.825
198.131
198.788
199.41
200.088
201.43
199.042
199.584
201.092
202.547
203.415
202.355
202.733
201.951
202.205
200.696
200.196
200.748
199.918
200.309
200.453
200.27
201.803
202.487
203.464
203.533
203.842
205.204
202.993
203.773
201.92
201.612
201.68
202.528
201.736
201.592
202.852
203.982
204.223
204.062
204.921
204.23
203.944
203.999
203.318
204.72
203.883
203.264
202.469
203.384
202.799
203.01
202.558
201.749
203.425
204.45
204.911
203.68
203.83
205.759
208.15
208.112
207.876
205.976
204.887
204.509
204.551
203.912
203.829
206.532
206.164
205.979
206.421
206.105
206.113
205.12
206.325
206.601
206.986
206.453
208.097
207.548
208.779
207.931
208.602
207.22
208.889
208.946
209.036
209.91
210.368
210.257
210.332
210.101
212.157
212.171
211.138
211.279
211.892
210.563
209.818
209.741
210.168
210.623
213.015
213.914
212.745
211.916
212.082
212.943
212.181
211.835
210.88
212.65
211.607
210.833
211.462
210.638
212.17
211.252
209.98
209.358
210.171
209.855
210.579
210.78
208.885
209.291
210.318
209.957
208.612
209.015
207.626
207.458
205.326
205.226
205.679
205.639
206.815
206.397
206.853
207.688
206.28
205.622
204.04
203.922
204.257
203.75
204.72
205.218
205.64
204.995
203.636
204.042
204.122
202.666
201.726
202.559
203.965
203.695
202.809
203.399
204.696
207.811
206.379
206.302
205.522
205.635
205.972
205.845
206.784
207.384
205.988
206.994
206.872
206.453
207.879
208.272
209.179
207.737
208.029
208.416
208.105
208.155
207.522
206.483
205.955
206.775
208.524
208.432
207.459
208.602
208.639
207.275
208.518
208.849
209.594
210.412
210.955
211.209
210.525
209.051
208.36
209.654
209.225
208.425
208.24
208.728
208.561
207.564
208.901
208.708
209.115
208.354
208.769
208.673
208.427
206.638
206.578
207.356
207.674
206.243
208.137
207.921
208.595
208.858
207.907
207.272
208.043
208.156
209.711
208.887
208.68
208.454
208.462
208.825
209.25
207.931
207.41
207.076
208.328
209.673
208.975
210.28
210.721
211.793
212.408
211.396
210.91
210.785
210.902
211.204
210.61
208.781
208.442
208.036
209.478
208.562
207.868
206.954
206.622
207.482
204.972
204.102
203.112
203.398
203.689
205.167
204.971
205.32
205.397
206.332
207.031
206.234
206.117
206.203
206.7
208.076
209.374
210.116
210.326
209.542
208.958
209.931
208.591
208.656
207.109
207.315
206.147
207.77
207.529
207.541
205.937
206.348
204.436
204.631
204.56
205.818
205.388
203.935
203.278
203.306
203.233
203.256
202.512
203.498
203.388
203.624
203.803
204.067
204.992
203.992
205.112
204.463
204.194
202.934
203.237
203.199
203.994
202.97
204.577
204.467
204.854
204.491
204.816
205.416
206.311
207.369
207.384
207.564
207.597
208.86
209.107
208.986
206.86
206.062
204.43
204.275
204.208
204.002
204.638
205.206
204.603
205.213
205.133
205.248
206.073
207.114
207.444
207.383
208.494
209.873
209.515
209.195
210.488
211.666
211.424
211.481
212.273
210.581
210.122
210.651
212.088
212.373
213.398
213.673
213.462
212.918
210.746
211.776
212.115
212.065
212.317
212.685
211.149
210.967
211.539
210.377
211.03
210.666
209.414
212.03
214.026
213.964
212.869
213.278
212.466
213.306
214.04
213.978
214.623
216.214
215.833
215.797
214.432
213.332
213.556
215.382
216.3
216.315
215.45
215.869
214.582
212.91
212.963
212.622
210.62
210.114
209.553
208.649
206.613
207.381
207.718
207.557
207.191
207.21
204.741
204.884
204.748
204.687
205.105
205.027
205.173
204.206
204.079
202.983
202.589
202.899
203.249
202.025
203.552
205.189
206.054
205.351
204.974
206.72
209.248
207.989
206.46
206.908
206.948
205.398
204.625
205.248
205.033
204.831
204.005
204.492
203.019
203.777
204.938
204.618
202.726
201.257
200.748
200.747
201.981
201.309
201.732
199.726
200.315
200.828
201.502
201.219
200.366
201.122
202.608
202.189
202.156
203.054
204.172
205.93
206.226
207.215
205.583
205.215
203.977
204.875
205.156
205.834
203.895
204.848
205.237
204.578
204.844
204.69
204.405
206.045
205.689
205.582
204.682
204.153
205.078
204.16
205.055
204.596
205.456
205.363
204.931
204.473
205.401
205.318
205.912
206.399
204.348
204.357
205.484
206.667
205.99
205.827
206.683
205.395
206.497
207.372
207.845
208.981
209.61
210.423
209.365
209.42
209.86
210.507
211.868
212.273
211.386
211.942
211.526
211.406
212.251
212.776
213.264
212.488
211.199
210.727
211.476
210.987
212.125
212.742
211.076
210.654
209.589
209.76
209.966
210.198
210.044
210.546
210.302
209.457
209.93
209.42
210.015
210.38
209.613
210.86
211.392
210.409
209.506
207.286
206.033
207.265
207.784
207.193
207.873
207.984
208.497
208.047
207.671
207.202
207.137
206.967
207.173
207.128
207.78
208.42
211.082
210.315
211.86
211.553
211.345
211.063
210.895
211.109
209.797
210.739
209.307
210.098
209.939
209.56
210.329
209.698
211.059
212.491
211.881
213.999
213.034
214.688
215.587
216.281
216.935
217.858
217.058
218.715
218.174
217.641
217.505
219.102
219.871
218.739
218.523
218.811
217.08
215.99
217.233
217.87
216.483
215.734
216.468
217.868
218.11
217.611
217.364
216.546
217.052
216.392
217.7
217.563
217.32
217.075
216.044
217.942
218.139
219.725
220.74
220.99
221.244
220.944
219.635
220.016
220.297
221.023
221.09
220.909
220.429
220.951
218.956
218.733
219.495
218.429
220.346
221.941
220.011
220.987
221.125
221.307
220.079
221.299
221.25
220.089
221.48
221.24
221.821
222.122
222.371
222.767
222.389
222.665
221.866
221.745
220.986
221.835
222.305
223.236
223.168
222.973
222.719
221.685
221.919
222.052
223.363
222.979
223.899
224.138
224.356
225.229
227.334
227.298
229.099
227.658
227.016
228.507
228.199
227.297
228.888
228.822
230.497
231.914
233.695
232.486
231.646
231.761
231.711
233.003
234.291
235.169
236.023
234.254
233.532
233.436
233.86
234.718
233.889
233.368
233.192
231.938
231.788
231.545
232.38
230.595
231.391
232.726
231.411
231.913
232.907
233.638
233.277
234.8
235.249
234.724
233.548
231.718
229.455
226.465
224.466
225.233
225.99
225.911
225.598
226.607
226.542
225.816
227.243
228.08
227.616
226.566
227.872
228.3
226.919
226.224
226.232
227.247
228.688
229.951
230.72
228.703
227.506
227.457
228.82
228.991
228.136
226.854
227.007
226.358
225.312
226.08
228.997
228.457
227.68
227.644
227.216
226.043
226.316
227.189
226.434
226.372
227.185
227.727
227.865
227.671
228.001
225.894
225.373
227.315
228.06
227.519
227.019
226.449
226.586
227.919
226.402
226
227.535
227.392
226.591
226.226
227.322
226.786
224.83
223.716
222.178
221.863
220.983
221.022
219.206
219.568
219.376
219.136
220.429
220.042
218.786
217.793
216.259
216.439
214.475
214.099
216.173
217.781
218.654
218.58
218.77
218.084
217.193
219.408
218.965
219.006
218.218
217.83
217.235
216.983
216.827
217.791
218.715
219.627
220.272
219.924
217.956
219.692
218.885
218.571
218.337
220.065
219.93
220.693
218.678
218.048
215.608
213.62
215.142
215.439
216.04
215.448
212.944
214.289
214.774
214.959
214.918
213.493
215.507
214.915
213.186
215.612
216.624
217.481
217.551
216.225
215.058
214.621
213.292
214.318
213.759
214.09
216.376
215.039
215.685
217.237
217
216.598
217.432
218.46
217.068
216.15
215.418
216.061
215.03
212.55
211.947
212.329
211.367
209.86
209.131
209.48
207.097
208.088
209.763
210.6
211.866
213.734
213.901
212.62
211.596
212.894
211.581
212.045
211.814
211.155
209.455
209.886
210.269
209.914
209.979
208.009
209.293
210.915
211.189
211.848
211.66
210.918
210.809
210.004
210.7
209.695
210.473
210.294
211.237
212.608
213.956
214.389
215.221
217.313
217.889
217.734
216.373
217.782
219.781
221.841
222.374
223.613
223.402
224.042
224.243
224.901
225.888
228.724
228.564
228.491
229.54
228.336
227.527
227.494
228.081
227.066
226.779
224.882
225.231
225.215
225.681
225.446
225.737
225.766
225.79
225.451
225.417
225.705
227.128
226.421
226.264
226.393
226.785
227.103
227.938
228.531
228.876
228.873
229.161
229.72
230.725
231.408
233.153
232.336
233.03
232.174
231.765
233.302
231.323
230.477
230.263
231.667
231.343
230.029
228.716
228.89
226.876
225.807
226.212
226.994
227.959
227.898
228.659
226.702
226.553
224.951
225.61
224.874
224.664
223.301
225.15
224.013
224.153
223.57
224.077
225.373
226.745
228.421
228.989
227.771
226.455
227.909
225.492
226.263
226.511
225.76
223.373
224.038
224.123
224.682
223.517
224.035
222.763
223.526
224.101
223.606
221.472
219.482
219.66
219.093
219.192
217.536
218.327
218.718
218.078
218.083
219.002
218.816
218.033
217.588
216.444
214.825
214.798
214.862
214.294
213.376
213.161
213.161
213.917
213.342
212.381
212.779
212.223
214.646
216.175
217.274
215.028
215.313
216.078
215.197
214.556
215.158
215.406
214.976
214.746
215.04
214.701
213.623
214.267
215.411
215.412
215.93
216.554
217.332
216.701
217.151
216.933
216.911
219.319
218.991
218.831
218.91
219.595
221.152
221.047
221.347
220.011
219.746
219.796
219.111
217.654
217.485
218.503
219.543
217.4
215.786
216.238
218.862
218.358
218.892
219.142
217.715
217.203
216.46
217.645
216.559
217.208
216.854
215.877
215.031
213.256
212.761
213.218
212.498
211.775
210.422
209.933
209.396
208.164
207.837
208.148
208.984
207.586
208.764
210.829
211.274
211.059
209.608
210.547
211.419
209.41
208.381
208.641
208.175
208.158
208.575
207.994
209.3
209.123
208.23
207.891
207.008
207.525
207.563
208.426
210.682
209.808
211.597
212.405
213.507
212.199
211.153
210.369
211.341
211.397
210.929
210.909
211.673
209.669
211.944
211.415
210.891
212.011
213.466
212.2
214.327
213.492
213.206
210.917
210.272
210.182
207.995
208.527
208.434
209.803
210.772
211.056
211.033
212.556
212.807
212.742
211.026
210.996
211.585
212.659
213.26
212.114
211.884
210.722
209.459
209.149
210.597
211.428
211.528
210.724
210.265
211.872
212.833
211.785
209.743
208.327
208.96
208.375
206.991
208.432
208.754
208.244
206.672
206.786
205.266
205.797
206.011
206.837
205.553
206.089
204.937
203.798
204.424
204.536
204.654
206.677
206.896
206.813
205.798
206.334
206.626
207.639
206.699
206.354
208.01
207.678
208.579
208.951
210.57
209.221
209.45
210.087
209.591
207.011
205.208
204.543
206.398
205.73
205.322
205.497
206.855
207.32
207.533
208.82
209.688
208.099
205.918
205.604
206.882
205.146
204.445
206.055
205.248
204.468
203.205
202.053
202.182
203.072
202.346
202.12
200.655
201.222
201.335
198.618
195.904
195.169
193.598
193.594
191.54
192.387
192.245
191.253
189.581
188.576
189.399
188.624
187.987
186.517
186.085
184.967
185.927
186.568
185.301
184.914
184.263
185.428
186.37
185.937
184.533
184.498
184.823
183.481
182.098
181.627
183.092
184.363
185.438
184.073
181.517
183.362
184.74
184.96
186.326
186.786
186.36
186.579
185.794
186.623
185.811
185.77
185.662
185.537
185.069
185.742
186.661
185.686
186.597
185.727
186.324
188.138
188.587
187.822
188.902
189.567
190.245
188.967
188.466
187.784
189.082
188.538
188.002
186.377
186.82
188.092
187.768
187.558
189.124
189.061
187.765
187.53
186.204
187.995
188.131
187.897
187.455
188.786
188.743
188.619
187.272
186.073
186.85
186.366
185.138
186.508
187.685
188.446
189.211
191.03
191.913
191.05
191.635
192.85
193.517
193.385
195.014
194.91
195.31
194.35
194.764
192.736
192.173
193.683
194.663
197.769
198.326
199.714
198.695
198.912
198.384
199.106
197.144
198.316
197.356
196.506
196.246
196.817
196.52
195.867
196.143
196.803
196.912
196.179
194.376
194.913
192.783
191.956
192.392
192.187
192.181
191.373
191.808
191.129
191.446
190.809
190.209
190.535
191.188
192.299
190.407
191.559
192.547
192.365
193.67
193.125
192.945
194.654
194.31
193.558
192.156
193.54
193.624
193.64
192.642
193.615
194.329
192.297
192.013
192.216
193.057
194.223
194.432
193.913
193.98
192.339
192.29
191.351
189.837
191.04
191.02
190.919
191.979
192.194
190.829
190.601
191.163
191.038
189.923
188.532
186.458
187.069
186.995
187.642
184.582
185.046
183.284
184.062
184.827
186.129
186.637
186.104
187.073
185.835
186.089
184.208
184.74
184.37
184.239
183.767
183.863
184.413
182.21
182.218
182.452
182.457
183.043
180.785
179.708
179.527
180.309
181.383
181.793
182.064
180.906
180.591
182.196
182.973
183.888
182.281
183.11
183.695
183.491
184.168
184.129
182.11
181.653
181.532
182.777
182.56
183.58
183.031
183.887
184.498
183.869
182.443
183.265
181.614
181.883
180.844
181.787
181.052
183.484
185.077
183.496
184.16
184.222
183.939
184.768
182.578
182.329
182.532
184.06
183.596
184.654
184.947
183.889
183.521
183.429
182.641
182.235
181.739
180.129
181.075
182.491
184.284
183.762
183.965
182.059
183.28
183.161
183.652
183.235
182.86
183.802
184.325
184.594
182.621
181.918
181.757
183.667
183.456
183.069
183.913
183.43
183.399
183.817
186.165
185.663
186.688
187.569
188.572
189.436
191.504
190.651
190.461
190.272
192.022
193.342
193.218
192.248
192.897
193.915
194.118
192.865
192.832
194.142
192.947
192.148
191.476
191.87
191.024
192.123
190.913
190.455
189.574
189.644
190.509
191.852
192.477
192.852
194.334
194.311
194.149
195.724
196.477
198.447
198.307
197.936
197.271
199.855
198.29
199.759
198.672
199.732
197.524
197.392
197.112
195.897
196.093
195.605
196.384
196.686
197.209
197.594
196.366
197.87
196.78
197.664
198.461
199.789
199.502
201.167
200.649
199.29
200.656
200.443
200.399
199.43
199.183
199.418
199.914
198.516
197.381
199.044
198.555
198.305
198.195
198.443
198.049
198.208
199.116
197.469
196.81
195.486
196.532
196.161
195.378
196.744
195.877
195.908
196.59
198.408
200.06
200.363
200.794
200.03
199.427
199.998
197.198
197.036
198.752
198.656
197.646
197.144
198.516
198.718
198.955
200.031
198.004
198.999
199.632
199.062
198.745
198.476
199.011
199.013
198.651
198.645
199.448
200.338
199.83
199.76
200.077
199.863
198.738
198.04
196.552
197.475
197.332
198.342
198.271
199.6
199.114
197.34
196.886
196.769
196.21
195.399
195.827
194.302
196.332
196.28
195.183
196.22
196.18
195.767
195.256
193.127
192.039
192.882
195.047
195.046
194.261
193.903
195.02
195.366
194.624
194.166
194.677
193.671
193.015
191.718
191.62
191.068
192.067
192.986
193.956
194.844
195.457
194.678
195.343
194.538
194.548
194.652
194.98
194.756
195.158
195.201
195.633
196.309
196.341
197.527
196.443
195.92
195.393
193.387
194.687
193.251
193.482
191.61
191.687
192.664
192.711
193.352
193.507
193.424
194.588
195.844
196.069
196.025
196.671
197.069
198.861
197.494
199.288
199.359
200.34
201.704
201.127
200.96
202.632
204.624
203.802
204.536
205.086
205.324
204.508
204.607
204.171
204.27
205.427
205.651
205.611
203.224
203.935
201.193
201.683
200.6
199.753
200.034
200.089
200.401
199.86
198.72
198.538
197.807
198.543
199.244
198.288
196.528
195.116
196.306
195.97
195.773
195.275
194.355
195.479
194.949
196.141
196.819
197.165
196.976
196.48
196.415
197.59
198.618
199.061
200.234
199.591
198.599
199.692
200.298
199.897
198.645
198.938
198.464
196.904
197.034
197.921
198.259
198.69
198.344
198.281
198.409
197.606
199.981
199.415
199.086
198.658
199.485
199.672
200.243
200.379
200.732
199.604
199.507
201.761
202.535
203.909
202.684
202.983
203.785
204.83
204.881
205.107
206.788
207.386
208.203
208.809
207.824
207.431
208.746
208.25
206.043
207.675
206.763
206.266
206.907
204.864
205.674
205.49
203.208
203.677
203.809
205.019
205.264
203.99
203.97
203.508
204.73
204.486
205.087
205.161
204.469
205.246
204.345
203.927
203.314
203.35
205.185
204.638
204.992
207.837
206.903
206.098
205.068
204.999
206.48
208.549
207.412
205.316
203.904
203.804
203.82
202.862
201.241
202.181
203.071
202.103
201.305
201.329
200.755
199.79
199.92
201.289
201.874
201.543
202.095
201.604
202.699
201.487
202.945
202.322
204.252
203.827
204.582
203.904
203.562
203.484
202.853
202.372
202.996
202.939
203.155
204.304
206.312
205.024
204.212
204.622
206.018
205.123
206.694
206.248
205.314
203.715
204.56
204.248
204.358
202.77
200.971
198.97
198.782
197.997
198.889
197.728
197.944
198.696
197.289
196.967
196.273
196.854
197.129
196.268
196.211
194.883
193.846
193.429
193.107
195.545
194.535
194.244
195.101
194.399
194.253
197.256
196.705
196.916
197.155
197.476
196.558
197.344
196.091
193.678
194.213
193.227
194.412
195.044
193.757
193.064
194.643
195.659
196.707
195.959
196.007
196.429
195.153
195.722
194.972
195.292
194.534
194.317
194.434
194.877
197.251
196.078
195.407
195.316
193.896
193.729
192.772
192.519
191.915
191.07
192.459
193.367
194.943
194.546
193.015
193.449
193.567
193.61
193.183
193.034
192.882
192.666
192.974
192.643
193.39
195.696
196.218
197.314
197.286
197.127
197.058
198.367
196.707
196.614
197.003
199.12
199.456
197.965
198.405
197.878
196.719
195.507
194.878
194.205
194.12
192.708
192.067
191.243
190.054
190.688
191.339
192.465
193.047
192.556
193.326
192.179
191.552
192.377
191.92
189.784
189.872
191.081
191.368
192.318
191.58
192.007
190.984
190.841
191.792
192.057
193.576
192.683
192.249
192.399
192.691
191.646
191.702
193.236
191.497
189.361
190.018
188.349
188.944
189.347
189.059
189.964
191.326
192.171
192.796
193.649
193.817
194.738
196.588
196.962
198.726
199.723
200.394
199.774
199.791
200.204
199.119
200.419
198.451
198.883
199.481
199.703
199.769
200.707
201.041
201.776
203.626
201.438
201.051
199.706
198.994
198.93
200.221
201.378
201.608
200.238
201.668
200.103
199.549
199.874
198.624
198.857
199.942
199.792
199.807
199.807
200.019
198.779
197.058
197.132
197.408
196.96
195.169
194.974
195.541
194.638
194.336
194.416
194.853
195.309
194.013
193.327
194.675
193.698
193.722
193.043
193.135
192.17
192.083
192.37
192.526
192.464
192.931
193.273
193.891
193.805
193.649
194.822
194.394
193.091
191.042
189.509
188.274
188.146
188.56
189.151
190.724
191.877
192.896
194.294
195.346
195.65
195.882
195.983
195.91
195.912
195.623
197.467
196.731
197.045
196.541
194.287
193.292
193.38
194.73
193.381
192.891
191.065
191.957
191.749
192.356
192.189
191.806
193.714
193.649
194.047
194.531
193.927
195.731
196.644
197.694
195.633
194.75
195.33
195.783
194.146
192.265
194.38
194.063
193.767
194.69
195.34
195.721
195.468
193.946
194.634
195.877
195.011
194.01
195.63
195.935
196.338
195.964
195.728
196.089
198.392
198.262
195.906
195.418
194.431
193.54
192.443
193.6
194.568
193.952
192.253
191.879
191.129
191.234
191.764
192.615
194.706
192.796
191.228
189.823
191.373
192.66
191.873
192.854
192.961
193.76
191.287
191.692
190.747
191.489
192.986
192.024
191.7
191.728
191.413
192.672
193.509
193.967
193.772
194.125
194.759
195.52
195.321
194.289
195.977
195.837
196.706
196.179
195.993
195.214
194.578
195.311
197.67
196.909
196.969
198.342
197.895
196.602
195.33
194.972
196.408
197.045
195.635
196.138
194.221
194.21
195.102
197.952
197.747
196.022
195.746
196.492
194.238
195.143
193.527
191.562
192.304
192.649
191.121
191.045
190.377
190.82
188.981
189.369
190.086
190.064
190.301
190.399
188.857
188.124
188.752
189.763
189.39
189.218
188.535
188.471
188.741
189.769
188.734
189.744
191.6
191.686
191.36
191.738
190.098
190.039
189.645
188.424
188.496
188.474
188.61
187.421
187.252
185.723
186.303
186.196
186.172
186.071
187.793
187.314
186.159
188.777
188.715
187.952
187.346
185.665
185.096
185.399
184.835
184.204
186.23
185.83
186.026
185.553
186.821
188.132
185.543
186.27
186.875
185.835
184.675
185.14
187.117
188.272
189.448
188.061
189.038
188.97
188
187.434
188.409
187.613
187.205
186.949
188.401
189.23
190.288
189.871
188.996
188.034
186.59
186.92
185.592
185.156
184.703
185.178
185.039
183.956
183.385
182.156
180.755
178.927
179.427
179.448
179.687
180.376
179.002
178.091
178.195
177.135
177.718
178.53
177.038
178.522
179.703
180.07
179.376
179.232
177.529
177.022
177.928
179.402
180.585
180.919
179.404
179.261
181.439
184.632
186.644
187.548
186.606
187.147
188.431
186.905
188.342
189.158
190.764
191.316
191.474
192.138
194.199
195.49
194.874
195.118
195.393
195.315
194.454
194.658
193.779
193.181
192.372
194.007
194.725
194.092
195.706
195.254
196.552
196.98
196.936
197.362
197.186
196.835
197.007
196.621
197.307
195.622
195.943
196.25
196.169
196.832
194.133
194.579
195.533
195.819
196.684
196.044
194.417
195.252
195.272
194.655
196.866
196.611
196.42
196.803
197.741
199.85
199.931
199.884
201.876
202.021
202.513
204.439
206.083
205.263
206.853
207.074
206.431
205.721
205.452
207.579
208.913
208.019
206.27
206.413
208.298
209.4
209.761
208.728
208.419
206.722
207.455
208.798
208.288
207.768
207.447
206.552
206.466
205.862
207.066
206.175
203.758
203.535
204.506
204.821
206.137
205.102
203.505
202.885
204.724
205.141
205.653
205.453
205.294
206.974
207.602
206.562
204.586
204.082
203.837
205.112
204.562
205.439
204.942
204.053
204.035
203.874
203.957
205.771
205.389
204.014
202.72
201.903
202.73
200.495
200.442
200.181
199.184
199.457
198.473
200.455
198.41
197.817
199.008
200.191
200.415
200.562
201.848
200.472
200.607
201.265
200.441
200.681
201.47
201.684
200.493
199.248
200.451
200.825
202.243
201.161
200.883
199.982
201.231
200.098
199.763
199.231
199.644
199.736
200.702
202.612
200.816
200.68
200.515
201.283
201.749
202.931
203.013
203.562
202.551
202.241
202.477
203.777
205.388
205.67
207.476
208.376
208.316
209.14
210.924
210.343
210.53
208.789
210.44
210.362
211.971
212.586
212.192
214.872
216.307
214.585
214.772
213.301
213.189
213.04
212.033
211.542
211.494
213.259
212.616
212.14
212.083
211.971
211.802
212.418
212.808
213.804
214.695
214.28
212.805
211.985
213.234
211.582
210.485
209.983
210.461
210.287
208.91
211.868
211.951
212.097
210.657
211.412
213.32
212.396
212.302
210.657
210.116
210.399
209.589
207.382
208.326
207.465
205.934
207.691
206.598
206.103
206.585
206.77
207.525
207.851
209.288
210.298
210.683
211.911
212.056
213.125
212.837
211.488
210.414
209.35
209.009
209.262
209.309
209.769
210.488
210.743
212.167
211.109
210.703
212.159
211.524
210.23
209.267
208.653
209.034
209.106
210.788
211.348
210.725
209.193
208.989
210.19
209.93
211.601
210.516
210.753
211.027
212.969
214.592
212.457
211.737
210.582
211.752
211.204
210.476
210.478
209.606
208.592
209.118
208.591
207.939
209.091
208.576
207.479
206.85
207.901
208.041
206.779
206.601
206.029
206.018
204.631
203.848
203.394
203.57
202.382
202.578
204.565
203.176
203.565
202.205
202.227
202.784
201.877
203.422
203.301
202.958
202.47
204.392
205.09
205.597
205.828
203.767
203.202
203.938
204.369
204.546
206.36
206.397
206.256
206.484
206.636
204.715
204.292
203.408
201.668
202.418
201.144
199.843
198.71
198.559
197.69
198.697
199.216
197.693
197.627
197.237
196.728
195.463
195.748
195.85
195.374
195.011
194.375
194.58
194.906
194.029
194.428
196.351
195.857
194.91
195.184
194.272
193.276
194.323
195.154
196.684
195.018
196.422
195.718
195.514
195.54
194.919
193.62
193.242
192.625
193.614
194.725
195.293
196.264
197.444
198.666
198.108
200.42
200.846
199.486
199.867
200.247
199.622
198.62
197.643
197.14
196.244
195.264
194.189
192.804
192.794
192.153
193.073
192.707
192.419
193.705
193.946
194.757
194.441
193.04
192.071
191.899
191.989
192.104
191.679
193.896
194.588
195.496
196.056
196.519
196.161
195.91
194.168
193.918
194.174
195.731
196.304
198.98
199.551
199.396
197.999
196.887
195.655
194.829
193.8
193.428
192.611
191.724
191.771
192.005
191.538
191.473
191.314
192.37
191.472
192.122
191.322
192.542
192.477
193.644
191.864
191.093
190.27
189.499
190.064
192.93
194.74
193.379
193.381
194.471
195.71
196.445
194.818
194.989
197.427
197.642
198.291
197.593
197.561
198.976
199.736
198.434
198.501
198.402
199.802
199.643
200.629
199.682
199.564
199.265
201.052
201.532
200.833
199.851
201.409
202.739
204.062
203.539
203.907
205.836
205.76
207.529
206.607
205.618
206.871
206.517
205.124
205.775
205.488
205.551
206.679
205.876
206.09
206.334
204.804
204.551
204.539
204.262
204.931
205.406
207.345
208.485
208.033
209.823
209.969
210.605
210.439
211.422
210.647
209.985
208.162
207.767
207.954
207.787
207.4
208.893
206.764
205.998
205.695
204.797
205.391
204.727
206.847
206.364
206.043
206.039
205.521
206.223
207.11
208.603
208.813
207.315
207.375
207.578
206.205
205.71
205.441
204.884
205.385
207.002
206.342
205.775
205.675
205.081
205.096
205.546
206.045
207.703
208.52
210.522
210.579
209.651
209.797
209.662
208.642
207.186
207.036
207.621
208.052
207.753
207.715
208.383
208.851
208.863
207.781
207.901
207.446
206.846
206.3
207.486
207.665
207.899
208.635
208.938
209.117
208.528
207.296
208.815
209.458
209.352
210.802
209.612
210.021
210.55
209.788
210.671
210.241
209.534
211.043
211.146
210.7
209.931
209.657
209.051
209.229
208.939
207.778
207.368
206.211
206.012
203.677
204.298
203.661
203.4
202.32
202.69
202.494
203.062
202.493
204.797
206.689
206.501
207.793
209.312
209.317
210.186
210.714
211.301
213.44
213.938
214.512
216.073
217.174
217.303
217.744
217.87
219.163
220.248
219.271
219.389
220.208
221.549
221.246
220.898
220.953
221.131
221.466
221.575
220.825
222.484
221.122
221.373
221.851
222.49
221.818
221.559
221.652
222.206
222.858
222.51
222.329
222.905
223.046
222.684
223.129
224.487
225.01
223.598
223.677
225.165
224.779
223.711
224.896
224.159
225.502
225.738
225.061
223.961
222.291
222.447
222.101
223.035
222.864
223.371
224.031
223.488
222.868
223.573
222.016
222.714
223.891
222.557
223.39
222.515
222.933
221.338
220.95
222.287
221.553
220.635
219.002
220.161
219.01
221.115
220.688
220.364
222.797
222.662
222.522
223.393
222.334
222.933
224.794
224.609
222.933
222.53
222.403
223.206
223.717
223.108
222.12
221.642
221.313
219.953
219.462
220.224
219.677
219.485
218.224
218.258
218.391
218.33
219.99
220.468
221.016
221.611
221.774
220.258
221.189
222.166
223.101
222.925
222.49
221.984
222.88
223.224
222.579
222.802
223.518
222.942
222.58
220.917
220.076
219.967
220.281
219.941
220.732
221.95
220.452
219.695
219.505
219.064
218.66
219.124
218.902
219.344
219.631
218.362
217.721
218.893
218.249
217.102
215.396
213.628
214.173
213.78
214.226
215.151
215.104
214.084
213.136
213.301
213.406
214.145
215.49
214.611
215.34
215.131
215.083
215.047
216.495
216.048
214.398
214.747
215.535
214.64
214.819
214.14
214.088
213.561
213.485
211.485
210.987
210.235
209.59
210.081
209.145
208.196
207.711
208.644
208.462
208.236
207.604
205.886
205.286
204.297
205.97
206.568
206.884
207.254
205.583
204.927
205.068
205.149
203.793
201.535
201.337
201.441
201.877
200.453
200.41
201.559
201.546
202.921
203.99
205.08
205.92
205.342
205.109
204.836
204.779
205.722
207.098
208.024
209.203
210.278
209.494
209.739
211.415
211.783
210.393
211.246
210.064
213.453
213.781
212.49
211.048
210.718
211.616
210.635
210.171
209.741
211.567
211.813
213.415
212.714
212.786
214.164
213.938
213.256
212.826
212.961
213.128
212.797
212.376
211.025
211.052
211.208
210.793
212.056
209.454
208.666
208.804
208.659
208.375
209.064
209.711
209.856
211.188
212.211
212.165
211.625
211.471
212.778
211.731
211.755
211.625
212.865
213.074
214.088
215.186
215.027
214.234
216.099
216.763
217.31
217.875
219.613
220.381
220.388
218.926
219.876
219.026
218.555
219.648
220.019
219.002
217.694
215.249
213.904
212.362
211.48
212.679
212.032
212.793
214.852
216.283
216.389
216.715
216.885
215.496
214.318
213.968
212.894
212.741
211.497
213.059
214.035
211.457
213.487
212.941
213.583
214.591
215.11
213.703
214.567
216.08
218.013
218.695
218.806
217.49
215.16
214.685
215.411
216.841
215.029
216.403
216.141
215.801
214.146
214.435
213.444
213.732
212.985
213.926
213.869
214.43
213.771
213.024
212.713
213.049
212.588
213.595
214.752
215.988
217.029
216.767
218.182
218.357
219.214
218.824
219.32
219.948
220.704
219.091
219.432
218.409
219.221
219.548
219.917
220.816
221.316
222.077
222.057
222.526
223.064
223.575
223.638
223.884
224.063
222.722
223.064
223.059
224.009
224.542
225.451
227.097
227.994
228.152
228.473
228.574
228.916
230.289
230.168
230.96
232.231
232.762
232.693
232.824
233.575
233.087
231.868
231.78
232.833
232.292
232.578
233.148
233.662
234.131
236.138
236.856
235.862
234.287
233.708
232.559
232.29
231.759
232.985
232.555
231.38
227.933
227.833
226.63
226.531
224.329
223.838
223.374
224.403
222.394
221.711
221.877
220.628
220.496
220.289
219.98
219.35
217.24
216.693
216.87
218.642
218.405
218.798
219.697
219.745
221.261
220.751
220.469
221.145
222.096
221.905
222.81
222.593
222.397
222.274
223.28
223.639
223.449
222.636
223.433
222.445
220.904
219.741
219.672
220.787
220.271
220.576
219.586
220.446
220.238
220.058
220.155
220.601
218.854
218.798
217.546
216.091
216.828
215.946
214.809
215.948
214.751
213.257
214.238
215.303
215.865
215.061
215.36
216.555
217.256
217.008
217.285
217.018
216.589
216.781
216.293
215.846
214.365
214.226
213.641
213.616
214.072
213.986
214.871
215.397
215.913
217.074
217.027
215.572
214.968
214.057
211.747
211.859
212.588
212.131
212.901
213.325
213.227
213.98
212.499
214.06
213.465
213.089
214.37
213.302
214.214
215.109
215.997
216.557
215.622
216.019
215.528
216.88
216.632
215.103
215.046
214.629
213.698
213.333
212.71
212.719
213.603
214.301
214.806
213.403
213.933
214.367
212.717
212.954
212.942
212.966
214.658
213.894
214.081
213.266
213.043
213.568
213.607
213.743
214.66
214.488
216.385
216.314
217.689
216.438
212.807
212.796
212.144
212.568
213.652
212.706
211.36
210.982
211.629
212.52
212.538
213.427
213.73
214.015
214.289
214.573
214.975
216.362
217.651
218.197
219.367
220.567
220.097
219.969
219.104
219.631
220.916
221.746
221.484
221.812
221.219
219.851
220.372
218.331
218.523
216.84
218.078
217.88
218.427
219.02
217.917
218.133
217.853
219.148
217.508
217.361
216.071
215.724
215.085
214.908
216.311
216.095
216.265
216.894
217.117
215.935
215.678
215.212
213.546
211.842
210.825
211.053
211.525
210.072
209.086
207.057
206.49
206.591
207.277
207.245
206.827
205.587
206.12
206.221
206.518
205.516
205.654
207.688
207.848
205.886
204.83
205.639
203.789
203.961
204.919
205.603
204.361
203.387
204.245
202.341
200.943
201.589
200.943
200.662
200.524
199.99
198.706
198.389
199.416
200.646
201.291
202.118
202.104
201.034
201.018
199.193
200.423
200.166
199.957
199.692
199.948
199.569
199.283
197.698
198.211
198.076
197.994
197.414
197.981
198.864
198.058
198.289
199.152
198.553
197.99
197.966
197.396
198.224
198.958
199.761
200.6
199.462
200.415
200.283
199.985
200.822
201.367
201.982
201.355
201.746
200.392
200.684
200.859
201.112
200.82
201.769
201.855
200.446
199.258
199.455
199.877
199.026
198.916
199.21
199.465
199.912
199.268
200.354
199.794
199.885
198.778
196.525
196.293
194.732
193.334
193.79
194.263
194.182
193.502
193.979
192.016
192.467
192.832
193.916
194.667
195.528
193.767
192.28
192.694
192.922
192.613
193.518
193.87
193.418
194.392
194.303
193.841
193.941
191.784
191.763
192.976
193.218
193.637
191.735
192.166
191.647
190.446
190.524
191.285
191.376
190.27
189.31
189.553
189.096
186.466
186.547
185.531
184.808
185.147
185.052
185.48
185.557
185.572
186.982
185.879
186.17
186.465
185.439
185.648
185.428
184.539
186.672
185.071
185.896
185.359
184.953
184.196
184.075
183.591
184.869
184.96
186.382
185.516
186.549
186.064
185.774
184.987
184.669
184.463
184.093
181.826
181.666
181.066
180.428
181.59
183.014
181.805
181.519
182.647
182.436
182.057
181.953
180.801
180.072
179.284
178.952
179.444
178.038
178.449
179.266
177.694
178.611
179.13
177.952
178.232
178.837
177.811
177.218
177.262
176.973
176.481
177.186
177.527
177.479
177.82
177.067
176.719
178.528
178.42
180.361
179.875
179.987
179.681
179.77
180.577
181.095
181.092
179.917
179.527
178.71
179.276
179.038
176.815
176.69
175.141
176.277
175.129
173.893
173.337
173.454
172.563
173.849
174.471
175.368
175.062
173.699
173.578
170.118
171.504
171.646
170.822
171.121
169.715
170.331
171.741
172.088
172.471
171.89
172.119
173.133
171.883
171.895
170.489
170.569
170.741
170.754
169.917
169.523
169.855
169.56
170.308
170.556
171.82
171.84
172.953
173.453
172.467
171.484
171.55
170.795
171.529
171.075
169.712
169.427
168.425
168.02
168.531
168.356
167.476
168.368
167.859
167.333
166.594
168.557
168.241
166.6
164.705
164.608
163.346
163.659
164.589
165.34
166.825
168.088
168.097
167.242
167.867
167.709
167.007
166.611
166.432
165.765
165.298
164.01
165.139
165.051
165.959
166.852
165.392
164.963
163.822
163.618
162.684
164.532
164.86
162.639
162.178
162.295
162.521
161.268
160.23
159.426
158.749
158.288
159.031
158.159
157.268
157.797
157.793
158.689
155.928
155.554
154.87
155.827
154.01
156.828
155.61
156.161
156.542
156.65
154.824
154.681
153.763
153.878
153.877
153.637
153.602
155.306
153.945
154.978
154.921
154.915
155.746
156.993
157.494
158.467
158.219
156.997
157.415
158.049
158.124
157.902
158.29
157.359
157.541
158.661
160.206
160.322
160.304
159.6
159.436
159.43
159.186
158.347
157.354
157.419
159.261
158.064
156.966
157.397
157.612
157.808
155.597
156.121
156.708
157.812
159.403
158.584
159.96
158.737
158.084
156.302
156.302
156.611
155.843
155.32
155.442
157.595
155.516
155.672
154.971
155.389
155.777
154.661
155.341
156.874
157.601
156.565
157.274
156.249
156.798
154.693
155.824
156.642
157.004
155.791
155.499
155.197
154.113
155.566
156.486
157.077
156.72
158.029
158.167
159.546
158.409
159.188
159.476
158.8
160.224
159.166
158.47
157.396
158.659
157.72
155.459
153.503
153.12
153.462
152.202
152.274
152.263
152.695
151.609
152.291
152.93
153.135
153.11
152.53
154.494
154.704
155.423
155.078
156.616
158.304
158.452
158.023
157.549
157.739
157.142
157.459
158.307
157.181
157.253
158.452
159.27
160.378
160.801
159.732
160.651
159.977
158.888
159.36
159.116
159.398
159.019
158.661
158.641
159.946
160.348
159.375
160.044
160.416
157.728
157.957
158.549
158.748
159.622
160.269
159.967
159.128
160.358
160.434
160.22
159.78
160.1
161.511
161.649
161.55
161.715
161.818
163.003
162.282
160.843
161.652
162.304
162.725
164.001
165.149
164.224
166.445
166.93
168.052
169.835
169.66
169.783
170.685
172.061
171.871
171.368
171.685
171.687
171.555
170.962
172.243
172.164
171.793
172.097
171.86
171.959
172.014
170.519
168.885
168.783
168.47
169.485
172.381
172.254
173.204
174.402
176.977
177.636
178.905
179.187
178.112
179.119
177.579
178.992
178.979
179.052
180.167
178.591
178.356
179.595
181.234
181.407
180.976
181.222
180.317
181.546
183.124
183.396
181.989
183.058
182.413
181.574
182.113
181.924
182.061
180.31
180.762
182.326
182.465
182.428
182.469
181.995
182.924
183.511
183.308
182.811
182.847
182.528
180.689
183.161
182.335
181.494
181.804
181.611
182.442
182.909
182.987
183.158
182.523
181.24
182.668
182.862
182.926
182.115
182.769
182.173
181.655
180.876
180.554
179.707
179.584
180.213
179.589
179.93
178.297
178.311
177.176
178.755
179.374
178.924
179.873
179.034
179.791
180.414
179.654
178.219
177.142
176.032
176.913
176.27
175.123
175.592
175.61
175.482
174.65
175.797
175.874
175.905
175.35
175.785
173.85
173.634
173.283
173.73
175.268
174.254
173.504
171.602
172.411
171.306
171.528
171.205
171.874
173.162
173.796
172.883
171.727
170.492
171.338
171.269
169.667
169.589
169.386
169.215
170.382
169.437
168.94
168.612
168.801
168.289
168.061
167.538
167.446
167.625
167.476
167.337
167.422
168.435
167.914
168.27
167.83
167.968
167.389
167.174
167.226
166.82
166.794
166.714
165.793
165.119
167.28
164.941
166.166
163.823
163.83
164.931
164.663
165.022
165.22
165.411
166.206
166.768
167.001
167.834
169.016
168.764
168.744
169.644
169.915
170.088
172.062
172.67
173.561
174.447
175.651
174.956
176.711
176.559
176.756
177.892
178.515
178.628
177.156
177.068
177.184
177.256
177.102
175.655
176.652
176.752
176.897
177.281
179.118
179.518
178.139
176.878
179.012
180.221
179.038
178.484
177.897
179.761
178.816
178.448
179.48
178.983
178.085
178.109
179.369
178.476
179.937
180.161
179.762
181.546
181.857
180.259
180.461
180.174
182.131
182.075
181.914
180.701
179.905
180.189
180.719
180.905
180.615
180.737
180.532
179.663
178.803
179.531
179.761
180.095
180.199
181.179
182.172
183.986
183.329
181.99
182.732
184.687
184.661
184.322
183.98
183.094
182.517
181.899
180.906
182.152
183.626
183.322
183.748
184.541
185.243
184.705
184.745
185.597
185.053
185.875
186.547
186.751
186.874
185.565
187.098
187.053
186.296
186.016
186.166
186.948
187.962
187.618
188.087
188.807
188.658
188.02
187.527
188.014
189.302
189.656
190.439
191.907
191.671
192.126
193.254
193.53
193.505
193.169
193.412
194.54
196.953
197.731
199.031
200.297
199.494
199.499
200.005
198.571
198.227
196.744
195.275
194.024
194.263
194.567
194.885
193.813
195.89
195.694
195.278
194.743
193.028
194.534
197.128
196.822
196.978
198.387
200.228
199.39
198.357
198.507
199.091
197.232
197.205
195.168
195.251
195.659
195.853
196.757
196.993
197.159
196.784
195.529
195.616
196.428
196.64
196.243
195.92
197.748
198.477
198.435
196.993
196
196.153
196.631
196.852
196.289
195.824
194.747
194.61
192.402
190.83
191.22
191.105
190.896
191.109
190.653
191.807
193.537
193.623
193.306
193.248
192.402
192.427
192.898
191.663
190.894
190.964
191.338
191.085
191.567
192.195
192.574
192.083
191.543
190.285
191.271
189.56
190.028
191.561
190.224
190.406
190.617
189.79
190.59
190.413
190.396
191.15
192.412
192.695
190.957
188.926
190.49
190.586
191.479
192.319
192.335
193.952
194.867
193.599
190.36
188.051
187.865
187.24
185.665
186.023
186.362
187.423
188.351
187.053
188.297
188.551
189.706
188.615
188.684
192.44
192.837
192.977
192.908
193.694
193.037
191.97
192.473
193.486
191.783
192.932
192.126
193.508
195.085
196.159
195.194
194.195
194.135
194.841
195.361
193.621
193.664
191.97
193.535
193.514
192.376
192.094
194.267
193.952
194.935
193.465
191.849
192.668
194.423
193.195
193.177
193.503
194.707
195.679
196.399
196.421
195.016
194.754
195.327
195.99
193.789
195.639
193.993
193.165
191.47
191.217
191.886
191.804
191.016
190.302
192.443
192.683
193.655
194.121
192.066
192.798
192.236
193.285
193.698
191.938
193.724
193.638
194.347
194.458
195.889
195.214
196.448
195.9
196.244
198.686
196.914
196.574
195.898
195.903
196.198
195.621
194.243
192.926
193.382
192.176
193.482
192.711
193.672
192.968
195.209
195.326
196.777
196.469
195.97
197.684
197.434
197.797
197.715
199.401
199.403
200.971
199.573
199.829
199.575
200.033
201.506
202.73
201.802
200.879
201.751
201.182
199.625
199.999
200.053
199.882
200.641
200.193
200.74
202.925
202.126
203.421
202.249
202.098
203.114
202.77
201.5
200.2
199.452
199.119
197.673
196.018
195.666
195.67
195.179
196.121
197.49
197.811
195.678
194.561
195.13
193.655
194.045
193.434
194.437
194.35
193.978
193.735
192.954
192.296
192.458
192.093
192.213
191.796
191.252
192.706
193.706
193.751
193.274
193.034
193.669
193.388
193.159
193.782
194.762
195.277
196.638
197.292
196.846
196.244
195.832
197.103
196.953
196.672
199.121
197.006
196.31
195.226
195.276
195.89
196.361
195.58
195.377
196.808
195.953
193.918
193.61
193.84
193.715
193.97
193.922
193.367
193.918
195.693
194.533
195.022
196.019
198.358
195.522
195.826
196.499
196.865
198.384
196.545
197.382
198.799
200.735
201.478
199.264
199.077
197.412
194.628
193.85
194.774
194.182
195.72
195.707
195.814
195.88
196.19
196.28
195.797
194.43
191.527
192.114
192.116
192.633
193.752
192.904
191.322
189.292
188.336
187.77
189.389
188.81
188.248
189.882
190.899
191.607
191.563
192.744
190.849
190.716
189.403
189.248
188.771
188.32
188.857
188.881
189.467
190.308
190.08
191.052
191.119
192.092
190.865
191.712
190.785
191.989
192.688
192.978
193.239
193.544
194.914
194.476
193.716
193.05
193.589
191.608
191.951
193.291
193.445
192.297
190.836
190.794
189.04
190.476
189.698
188.758
189.057
189.49
189.739
190.802
191.228
191.396
191.431
191.003
190.271
190.473
189.336
188.974
188.373
188.119
188.167
188.635
189.651
188.555
188.957
188.632
189.24
189.264
190.181
188.805
188.412
188.546
188.111
187.597
187.741
188.981
187.637
188.297
187.574
187.477
189.253
187.36
186.576
186.79
186.839
186.234
185.642
186.608
186.11
186.743
186.772
187.41
187.263
187.28
187.264
188.613
188.599
188.329
188.657
188.446
188.728
188.453
188.574
190.128
188.648
187.644
187.905
188.321
187.015
187.947
187.77
187.857
186.81
184.157
183.581
184.624
183.243
181.664
183.616
184.646
183.63
185.37
185.582
185.385
186.173
187.547
188.09
188.579
189.105
187.421
186.68
185.262
184.935
184.001
184.257
184.228
184.061
182.974
182.834
182.464
183.923
184.3
184.822
182.639
182.261
182.141
182.117
182.602
182.986
183.862
182.254
182.421
182.133
184.012
183.457
184.13
184.516
184.126
184.504
184.916
184.122
183.818
184.931
183.538
183.079
183.8
183.143
184.253
184.786
183.279
184.197
183.281
182.971
182.787
183.846
181.465
179.755
180.168
179.519
180.301
180.5
181.321
180.863
180.903
180.729
179.758
179.477
179.901
177.75
178.527
179.73
181.299
181.021
181.285
181.323
179.617
178.227
180.595
180.782
180.182
178.855
178.915
177.922
175.934
174.959
175.671
174.739
175.91
175.062
174.697
175.204
175.78
174.941
175.75
174.645
175.117
173.015
171.443
172.342
172.518
172.238
172.636
171.773
171.192
170.193
169.102
169.917
170.023
170.413
171.161
170.914
170.479
169.738
169.497
170.067
169.641
170.265
169.404
168.503
167.54
166.622
164.325
164.397
163.5
163.998
165.679
164.919
163.88
162.388
161.565
160.126
161.379
162.486
162.343
163.123
163.94
165.108
165.337
164.469
163.772
164.338
163.116
162.83
163.216
162.714
162.836
162.466
159.797
159.403
159.122
161.075
161.484
162.464
161.715
162.107
163.987
164.523
165.777
164.21
162.377
161.947
161.666
162.195
164.692
163.322
164.198
165.442
166.393
166.24
167.316
167.439
167.259
165.408
164.931
164.981
166.451
166.711
168.413
167.822
167.093
168.643
166.053
167.404
167.156
166.128
165.931
163.557
163.434
164.969
165.348
164.826
163.494
165.015
165.426
166.263
166.678
166.882
167.495
166.677
168.476
166.443
166.579
167.094
166.239
168.883
167.51
167.773
168.601
170.264
170.073
168.57
167.963
168.286
169.484
169.646
170.87
174.161
172.182
170.765
170.213
170.861
170.788
171.322
170.027
171.71
172.399
172.491
174.196
173.468
173.632
174.45
175.475
174.663
176.042
176.542
177.309
176.824
176.3
175.956
177.275
176.364
176.135
175.622
174.887
175.323
175.553
175.086
173.552
172.89
172.829
170.294
168.432
168.181
167.976
168.711
169.516
169.548
170.519
171.069
172.315
172.685
171.415
172.328
173.298
173.042
173.857
174.04
174.793
175.516
174.266
174.136
171.864
170.168
170.857
170.965
169.815
168.553
168.444
166.725
167.582
167.085
167.569
167.736
168.03
167.825
167.095
168.146
168.713
167.429
165.963
164.605
164.455
164.26
163.848
162.243
161.659
160.896
160.301
162.029
163.45
162.142
162.929
164.009
162.386
162.556
159.959
159.668
159.952
159.408
159.225
160.041
159.635
160.112
159.612
159.167
158.249
157.743
156.04
157.312
156.356
154.44
154.857
155.224
156.276
156.44
156.958
156.675
156.594
155.615
154.713
155.035
154.47
153.521
154.854
154.766
154.764
153.383
152.576
152.616
153.163
152.646
153.043
153.808
153.646
154.712
154.915
154.508
155.561
155.804
156.45
157.739
158.33
157.538
156.273
156.48
157.669
158.911
159.786
160.652
159.466
159.368
160.339
160.582
160.191
161.08
159.897
162.377
162.985
164.187
165.115
164.328
165.151
167.276
165.383
164.206
164.47
163.594
164.084
165.377
166.281
165.05
164.078
161.725
161.16
162.327
164.434
164.526
162.824
163.129
162.284
162.512
160.56
161.952
160.985
160.456
161.02
161.747
160.77
160.798
160.089
160.362
159.23
159.147
158.932
159.063
159.833
161.543
161.838
160.217
161.328
160.632
160.662
160.07
161.016
161.335
162.194
160.897
160.443
160.927
161.061
161.682
162.662
164.012
163.695
165.343
163.596
164.723
163.285
162.965
162.401
163.518
164.073
164.366
163.624
163.734
164.211
164.936
165.396
165.103
165.53
165.816
166.872
166.983
165.545
166.925
164.914
164.487
165.576
166.374
165.398
165.147
165.957
165.218
164.674
165.546
164.972
163.88
164.874
162.505
163.386
162.592
161.329
162.124
162.173
160.998
159.6
157.83
159.7
159.157
159.097
158.447
157.654
157.597
156.931
156.784
157.432
156.804
154.81
156.045
155.707
157.634
157.202
158.436
157.242
157.871
156.478
156.373
155.349
156.42
157.262
158.717
158.096
157.8
156.601
156.804
156.146
154.876
154.463
154.399
154.514
154.896
153.982
154.816
155.26
155.103
156.863
155.435
156.184
156.079
156.257
155.237
156.497
156.649
156.781
157.496
158.168
158.628
158.568
157.086
157.556
157.571
159.16
160.429
160.365
161.371
159.523
158.651
159.028
158.84
160.399
160.608
161.248
162.205
162.275
163.098
164.891
164.601
163.724
162.359
162.988
161.395
160.28
160.026
160.834
161.415
160.218
161.555
161.436
162.669
163.689
163.528
161.328
161.587
160.109
158.44
157.248
156.433
157.39
157.073
158.288
157.924
156.066
156.404
157.265
157.634
158.951
158.774
159.293
159.64
160.379
159.35
159.066
157.892
157.509
157.328
159.181
157.773
158.847
159.375
158.668
157.865
157.244
157.253
157.64
159.357
160.242
157.74
156.985
156.698
157.896
157.53
158.221
158.565
158.256
158.4
159.74
159.014
158.507
157.815
158.143
156.152
156.037
154.944
155.885
155.014
154.987
156.264
156.266
155.663
155.72
155.251
154.77
156.822
155.998
154.53
154.404
154.337
153.5
153.806
153.363
153.398
155.163
155.06
157.098
156.759
158.33
158.065
157.843
156.183
155.707
156.52
156.638
154.258
153.684
153.769
153.797
153.703
155.253
156.192
155.779
156.135
155.082
154.226
155.072
153.854
154.971
155.994
157.361
157.07
155.761
155.639
156.302
156.107
155.495
154.927
152.775
152.637
152.145
151.97
150.4
150.814
151.858
150.899
149.961
149.622
149.08
150.037
150.415
150.389
151.017
149.691
150.666
149.9
149.775
146.3
146.845
147.494
146.905
147.188
146.296
145.675
146.559
146.643
147.41
149.745
148.515
149.678
149.913
149.982
149.968
150.593
150.385
150.636
149.795
151.447
149.891
148.68
148.932
150.53
149.843
150.066
149.688
147.958
148.606
148.391
149.304
149.881
148.828
150.044
150.461
151.13
151.027
150.794
151.036
149.276
148.648
149.334
148.286
148.049
150.042
150.489
148.693
148.382
149.385
149.006
148.411
148.119
150.152
149.654
148.455
148.269
149.426
149.298
149.218
146.794
147.384
146.597
146.504
146.963
147.315
147.344
146.165
147.705
146.879
146.855
146.941
147.429
146.129
143.714
141.817
142.51
143.96
142.158
141.577
139.795
138.095
139.526
140.332
139.502
140.048
141.282
141.211
140.729
142.227
141.723
141.939
140.874
140.307
140.508
141.193
142.574
143.163
142.032
142.388
141.741
141.86
141.464
142.942
141.894
143.418
143.146
143.37
142.181
141.938
141.839
141.63
140.776
140.835
140.367
139.807
139.991
138.813
140.537
142.056
141.919
140.33
139.577
139.739
140.4
138.7
140.691
143.638
142.78
144.849
143.442
143.853
143.832
143.749
143.191
143.495
144.16
142.293
142.612
142.586
142.961
141.817
141.623
142.408
143.333
142.83
144.475
143.385
144.435
143.955
142.865
143.025
143.519
144.969
146.444
146.337
145.732
147.748
148.238
149.026
148.717
148.432
147.055
146.186
147.336
148.133
147.251
147.807
146.642
145.995
146.667
146.826
147.322
147.419
146.65
147.673
148.88
148.059
146.448
145.693
146.499
147.711
148.945
149.949
149.422
148.489
149.163
150.518
151.632
150.407
151.966
153.144
153.008
154.362
154.329
153.071
151.356
151.478
150.695
149.896
149.916
149.291
149.254
149.783
149.271
149.299
148.576
149.272
150.136
150.159
150.874
150.859
149.461
151.075
149.373
148.729
148.631
147.833
146.25
145.534
144.154
143.297
140.757
141.759
140.836
141.486
140.097
138.288
139.28
139.151
138.363
138.21
138.73
137.706
138.006
136.789
135.884
136.703
134.897
136.387
136.809
135.608
136.314
134.984
136.558
137.143
137.236
138.162
136.474
138.068
138.457
137.047
135.731
136.643
137.247
138.303
137.625
137.093
137.607
136.609
136.058
133.758
132.694
134.082
133.705
133.754
133.37
133.436
133.236
133.375
131.722
130.423
129.067
128.757
128.08
128.699
128.962
128.718
130.503
128.663
127.424
127.873
127.201
126.703
124.425
124.11
123.162
122.727
121.681
121.78
122.581
121.429
121.908
123.525
122.435
123.956
123.389
122.556
122.894
122.113
122.285
120.07
119.414
120.115
121.489
120.967
123.508
123.636
123.985
123.391
123.142
121.942
122.502
121.066
120.468
120.119
119.549
119.677
117.618
117.708
117.542
118.455
117.174
115.939
116.889
117.107
117.883
117.697
116.845
116.845
116.027
115.389
115.34
116.414
115.78
115.996
116.075
115.806
116.322
117.354
117.738
116.787
117.828
119.14
119.301
119.62
120.038
119.322
120.054
120.199
120.296
120.889
119.81
121.526
122.349
121.166
121.83
121.691
120.972
119.165
119.385
118.043
118.393
117.601
116.773
116.59
116.225
116.594
115.253
116.88
116.284
115.072
115.19
115.05
114.343
114.111
113.6
115.695
115.62
115.852
115.185
115.298
116.045
116.614
117.99
118.011
119.155
119.41
120.634
120.946
120.606
120.094
120.141
120.436
119.121
117.693
117.006
116.277
116.325
115.558
116.972
118.235
118.588
119.187
119.084
117.002
116.378
115.019
114.13
113.436
112.654
112.155
112.413
110.864
108.668
107.425
107.53
105.76
104.093
104.966
104.924
105.036
104.983
105.392
103.777
103.669
104.51
105.437
106.436
107.048
106.932
107.232
107.168
106.94
105.856
106.074
107.272
105.25
105.389
104.316
104.407
103.796
101.013
101.087
100.486
100.968
100.872
101.648
100.761
99.6923
101.145
103.095
102.269
102.995
103.938
103.234
105.188
106.644
106.212
106.249
106.543
107.61
107.137
107.274
107.736
105.64
104.574
104.419
103.359
103.315
101.989
101.619
102.583
100.858
101.453
102.286
102.963
101.457
101.793
100.999
100.513
101.48
102.308
101.617
102.5
101.345
101.257
103.325
101.992
101.833
103.438
103.482
104.314
103.912
103.663
103.155
102.431
102.47
101.795
102.174
102.416
102.565
101.99
101.533
101.4
102.492
101.779
100.698
101.05
100.38
98.6721
97.8167
97.762
96.5957
97.8154
95.9787
94.1099
95.2955
94.3726
94.1619
95.4499
96.188
94.4149
94.871
95.431
95.2356
93.3214
94.1587
93.9042
93.1923
93.2082
93.0577
92.1202
92.4706
92.2021
92.1277
91.6515
91.9609
92.2952
92.0242
92.6859
91.4311
92.584
93.0512
91.5895
91.5626
91.1546
91.7324
90.6975
90.3669
89.5442
89.2344
90.6332
90.7716
90.9896
90.294
90.5664
90.0884
89.2831
88.5286
89.056
89.4247
89.5814
89.4326
89.5264
90.5266
88.1407
88.5556
89.4211
89.1521
88.997
88.105
88.2049
87.4259
88.3556
89.7519
90.4816
90.9627
91.28
91.7874
89.8688
90.3253
88.4342
87.1726
87.8409
88.3301
88.3609
88.692
88.2866
87.7332
87.2127
88.1116
87.2449
88.6461
89.7426
89.1744
89.5758
89.9265
89.689
89.1499
88.2648
88.4868
88.7709
89.908
89.3091
88.217
87.6268
89.5481
88.7571
88.9414
88.9903
89.7153
88.9676
87.23
89.0579
87.7245
87.2458
87.4382
87.9972
87.6851
87.4639
87.2051
87.389
86.3311
85.4968
85.7682
85.3128
85.6297
87.4835
88.2001
87.8171
88.2194
88.4103
87.1091
86.3777
84.6108
84.3353
84.7104
84.1738
83.6105
84.7871
86.0775
85.2167
85.3121
85.9306
87.1124
87.9598
88.5218
88.8237
89.4248
89.335
89.0228
90.2488
91.5277
90.6882
90.7097
91.0699
91.6838
92.5943
90.23
88.5833
88.5565
88.508
88.0461
89.4573
91.1562
91.6228
93.6671
93.024
93.8781
95.9923
94.1541
93.6758
92.8776
91.6524
92.1295
92.4514
91.737
91.9312
91.0715
91.3064
91.697
92.944
92.8401
92.2868
90.9657
90.1021
91.2666
91.3797
90.4982
92.2641
92.3484
93.6502
92.9358
90.97
91.3901
90.9292
91.8376
91.7405
93.9322
93.0822
93.9537
93.7881
93.2138
93.7179
92.9803
92.4133
91.6807
90.1161
89.6153
89.3389
88.8988
88.7756
89.0415
89.8487
91.5616
89.6638
90.766
91.492
90.5243
91.0381
90.6245
90.9528
90.5337
90.2158
90.5202
91.3514
91.7981
92.2522
91.7867
91.4193
90.8076
90.1762
89.3073
88.3419
88.4956
89.3268
88.1232
88.0626
89.2199
90.1419
90.1604
91.1094
89.7545
91.0766
93.0359
92.8513
93.8884
93.6
97.3436
97.8571
96.6363
95.6722
93.8616
93.1035
94.6166
92.4073
91.9966
93.5135
94.415
95.8155
96.223
95.1123
96.841
97.5446
98.4521
98.6956
97.3036
99.0347
98.8023
99.2507
99.4561
101.712
101.986
100.602
99.6178
99.4094
100.667
102.333
100.354
100.482
101.322
102.476
101.356
100.432
100.035
98.2474
98.2913
97.4935
97.2741
95.7946
97.0782
95.7832
96.1927
96.1682
97.8312
98.088
98.4875
99.3273
99.3216
100.375
99.1436
99.0088
97.9462
97.875
97.09
96.3874
95.6382
95.9689
96.5447
98.7179
99.7815
99.4763
98.3105
99.5831
99.2202
97.3691
98.8251
98.5086
100.068
100.207
100.607
100.559
100.393
101.034
101.377
101.985
102.157
102.365
102.182
102.71
101.582
100.224
101.826
102.305
102.534
103.666
103.393
102.978
102.97
103.292
102.564
102.275
100.204
99.1369
99.7889
100.598
98.7635
98.8424
97.9788
96.8279
96.9434
96.9967
95.946
96.5301
96.603
97.2778
96.1405
97.0324
96.931
98.1753
98.4632
100.267
100.334
100.184
99.9499
99.2408
98.983
96.6094
96.017
95.4987
97.2332
97.2249
97.0122
98.9742
97.9119
98.5486
98.0058
99.1528
99.4358
100.061
101.424
102.137
101.182
100.061
100.249
100.434
101.192
101.594
102.187
101.718
102.815
102.141
102.929
104.441
104.705
106.137
106.489
106.317
104.686
104.009
104.443
104.44
103.806
103.551
102.801
103.806
103.691
103.173
102.943
103.052
102.77
103.418
103.989
102.114
103.839
103.174
102.892
102.914
103.513
104.648
105.282
104.877
105.124
102.439
101.783
101.694
102.989
102.021
102.868
103.313
104.187
103.179
102.401
101.364
102.504
102.957
101.966
101.619
99.4553
98.6145
99.4263
98.5903
99.456
98.4912
99.1733
100.321
101.78
100.823
99.8008
99.9283
99.9029
99.0914
98.1609
96.9283
95.5193
96.5112
96.5603
95.4937
94.2487
95.0864
95.0826
93.6187
93.6116
91.7103
91.9161
92.2534
91.2017
91.1176
90.5744
91.04
90.6362
91.2089
90.1773
89.7688
89.3312
87.9649
87.6566
88.3514
86.6628
86.0374
85.2765
85.5109
87.0959
86.2959
85.576
84.7275
86.8212
89.3376
90.758
90.0194
89.7107
90.3852
90.2858
90.1099
91.3111
90.8382
90.8759
91.3335
90.7826
91.2505
92.1875
91.6935
91.0926
90.6529
93.1866
91.4555
91.2455
91.4377
91.7812
91.5476
90.5493
92.8137
93.646
95.0671
95.3814
95.037
93.9934
94.8066
93.9904
93.9712
94.7823
94.4224
95.0274
96.8914
97.1793
96.6351
96.9752
97.8063
98.8425
98.8125
99.6905
100.604
100.616
101.711
103.095
101.175
101.745
102.478
102.502
101.849
102.234
102.31
102.45
103.637
104.099
106.291
105.784
105.253
105.288
104.455
105.398
106.595
105.68
105.457
104.695
106.951
108.069
107.508
108.157
108.271
108.586
109.543
109.99
109.109
109.132
110.202
110.258
110.16
109.761
108.415
109.531
110.692
109.645
110.435
110.047
109.871
110.406
109.566
108.58
108.685
108.82
108.713
109.227
110.135
111.184
110.441
112.259
111.782
111.582
110.141
109.51
110.56
109.628
108.851
108.22
107.063
107.935
107.778
109.424
108.934
108.794
108.927
109.325
109.895
109.382
106.509
107.382
106.304
107.745
107.139
107.814
106.867
106.951
106.568
105.965
106.931
107.997
108.514
108.728
109.238
107.867
105.912
105.142
106.321
106.843
107.837
106.672
106.151
106.82
107.568
106.553
106.144
106.506
106.122
105.858
105.531
105.152
105.121
105.952
105.853
106.165
106.434
107.312
108.868
109.927
110.264
110.275
108.924
108.479
107.391
107.251
107.269
107.347
106.473
106.557
104.669
105.469
105.818
106.842
108.134
108.388
108.666
109.204
109.685
110.656
110.939
111.159
111.464
111.047
111.24
111.043
111.581
111.599
112.233
113.584
112.14
112.322
111.261
111.342
112.102
110.269
110.757
110.729
111.97
110.849
110.912
111.533
112.624
111.108
111.066
111.198
110.796
108.972
109.15
109.347
108.796
108.172
109.764
110.566
111.326
112.236
110.957
111.954
110.912
111.732
110.402
110.059
108.78
107.905
108.543
109.637
110.503
111.551
109.494
110.581
111.687
112.438
112.174
112.142
111.088
110.93
110.756
111.267
112.3
112.345
112.812
113.337
112.856
111.207
111.406
111.375
112.352
112.786
113.92
114.486
113.536
112.289
111.783
113.143
112.391
110.969
111.443
111.576
109.068
109.581
108.819
108.057
108.818
111.071
109.92
109.42
109.297
108.958
108.069
108.021
108.224
107.946
107.659
107.602
107.014
106.391
105.587
102.964
102.763
103.759
103.787
103.191
101.331
102.177
101.819
101.429
102.5
102.493
103.022
101.193
101.542
100.252
101.599
102.429
103.63
105.157
106.505
107.051
107.565
108.46
107.712
107.488
105.834
106.033
104.381
103.171
102.878
103.705
102.923
103.061
101.627
102.985
101.016
101.085
101.754
102.632
102.706
103.243
101.655
100.935
100.354
100.601
100.821
102.135
103.675
102.773
102.68
104.564
105.234
105.887
104.97
105.114
105.289
107.185
108.352
109.344
110.056
110.646
108.725
109.298
110.462
108.406
109.255
109.099
109.506
110.835
110.898
110.455
110.926
110.768
110.344
110.487
110.913
111.756
112.841
111.66
109.904
109.541
108.825
109.005
107.999
108.409
107.649
105.528
105.215
106.626
106.536
107.053
106.157
106.504
104.613
105.002
105.782
104.591
103.198
103.085
103.012
101.635
99.8366
99.9988
97.8026
97.2565
96.7659
94.6591
97.4749
98.6514
97.5185
94.8926
94.5093
94.6089
94.4794
94.9323
95.9156
95.4505
95.7864
97.0515
98.1013
97.4245
97.2346
98.4603
95.9752
97.3074
96.4037
96.333
97.7658
97.9465
98.8221
99.4942
99.8426
99.7201
99.4699
99.7167
99.8806
101.417
103.241
102.779
103.051
103.792
102.923
103.145
100.352
101.296
101.491
102.783
102.452
102.121
102.14
103.692
103.69
102.314
101.181
98.6716
99.0262
98.028
97.0114
95.6077
95.9675
95.6293
94.8031
94.5793
95.1861
96.9128
96.4015
96.4514
95.7034
95.6931
94.6068
95.5206
93.9811
94.7779
96.9055
97.8363
97.3401
99.3316
99.6557
99.6914
99.7873
99.8525
99.9329
100.079
98.8618
98.4477
98.6666
98.8647
101.02
101.865
100.911
99.9606
101.461
101.506
102.297
100.908
99.8103
98.2086
97.8857
97.9192
98.7115
98.9278
99.0883
98.2972
98.1754
99.3054
99.8269
98.0606
97.5774
96.4327
97.1649
96.6215
97.0068
99.2709
98.2334
98.9865
99.2379
99.5254
99.931
100.923
101.428
101.706
102.347
101.544
101.801
101.881
101.868
102.45
103.54
103.132
103.31
102.431
102.105
103.857
103.775
103.714
103.475
104.126
104.296
104.484
104.061
103.186
101.753
104.827
103.264
102.202
101.992
101.875
102.156
102.191
102.431
103.296
103.717
104.063
105.115
104.628
104.358
104.797
103.806
103.996
105.907
105.622
106.101
106.728
105.864
106.168
103.54
103.193
103.75
104.441
105.414
105.003
106.066
104.575
104.54
106.224
106.396
105.83
103.964
104.082
102.17
101.755
103.044
101.72
101.048
101.477
102.97
103.597
104.724
103.777
103.134
102.339
102.189
103.224
102.351
103.216
103.184
104.272
103.792
104.865
104.268
104.892
106.026
105.851
107.217
107.476
106.569
106.002
105.334
106.035
105.665
105.235
105.269
106.295
105.268
104.571
105.833
104.479
104.208
104.467
104.022
101.944
103.452
103.205
101.712
100.233
100.395
100.438
100.433
100.813
101.471
102.343
103.19
102.889
104.055
104.289
103.994
104.748
104.4
104.543
103.888
102.694
101.848
100.956
101.436
102.325
102.585
102.811
102.966
103.194
103.614
102.737
103.084
104.195
103.602
103.054
103.555
103.728
103.964
105.978
106.421
106.642
105.96
103.962
102.936
101.49
101.499
101.674
100.883
101.341
100.9
101.075
99.1293
100.537
100.039
100.599
100.832
99.7501
100.249
101.041
99.3588
97.8371
96.9979
99.1367
98.7494
97.4606
97.2191
96.8351
97.8465
98.4229
98.2237
98.0423
96.9649
95.8873
96.5744
95.3306
94.7552
95.6394
96.4171
98.3975
98.7939
97.7586
98.039
96.9897
96.3365
95.7034
96.4482
98.6396
99.3061
98.4611
97.8678
99.3241
98.5256
97.5285
98.2199
97.8782
96.8495
96.5638
97.0862
98.2778
98.2785
98.408
97.7081
98.58
98.2151
99.6107
99.8233
98.3811
97.7184
97.5776
98.5612
97.2849
98.4164
99.1152
100.796
101.963
102.466
102.514
101.644
102.238
100.002
100.215
99.2725
97.0446
95.4131
95.1657
93.5807
93.2979
92.986
91.085
89.3212
89.707
87.7239
85.7491
85.3283
82.7997
82.5508
82.2375
83.3445
82.5434
83.985
83.9923
84.5632
83.8425
82.0842
82.2092
82.8081
82.5441
81.5644
80.7757
81.5632
81.0478
82.8477
85.3173
84.5605
84.8481
83.9073
84.2807
82.9776
82.9469
83.1569
84.9439
85.3495
85.7196
85.2106
86.1551
85.7865
85.4771
85.3003
84.961
82.4666
81.5418
82.3684
81.5012
81.9794
81.7317
80.568
79.4648
79.3671
78.4568
79.6891
80.3796
80.8461
81.813
81.6516
82.1163
81.9187
81.8544
82.2572
82.3125
83.3138
81.8729
81.1353
79.8879
79.138
79.9421
81.2728
81.5853
82.0764
81.9879
82.8966
83.0845
84.0368
83.7422
83.883
82.2369
81.0502
80.4849
78.7392
77.8235
76.5338
76.6892
75.5622
76.0395
76.2272
74.4837
74.1491
76.3385
78.0106
78.4528
78.8538
79.8272
79.778
80.4006
82.5281
82.5953
83.2657
84.1605
84.4025
85.1446
83.914
84.4457
82.3722
80.4266
81.4685
81.6244
80.8084
80.901
79.8224
78.2804
78.0966
79.5271
79.5509
80.1835
79.9739
78.9717
79.7836
81.1509
82.9465
83.3409
82.6427
83.8359
85.9608
86.6399
85.799
86.5053
86.9897
85.4819
84.6101
84.0112
84.2498
84.6292
84.7635
86.4064
86.3061
86.8679
86.9776
86.9405
88.002
88.6546
88.709
89.0126
88.1786
88.1296
89.153
88.6771
91.9675
93.9002
94.5738
93.8209
95.1127
94.0748
93.3537
93.2919
93.6107
94.1811
93.5896
95.0439
94.7714
95.5204
96.9424
98.1416
98.0226
97.1272
97.5528
98.0409
100.207
99.3607
100.001
101.22
100.142
100.273
100.65
99.4603
98.3992
98.5538
100.69
100.44
100.577
101.095
101.071
101.869
102.84
104.03
105.221
105.628
102.507
102.406
101.979
104.378
105.64
105.946
105.35
105.437
105.534
103.956
103.887
105.178
105.315
106.367
105.82
105.648
105.863
105.281
106.485
105.263
102.883
102.664
105.336
105.883
107.767
107.918
108.276
109.152
108.187
107.513
104.875
103.657
105.052
104.48
103.454
104.802
107.285
108.676
107.578
106.664
106.643
107.648
106.562
105.953
107.256
106.884
108.554
109.45
107.409
108.234
107.567
108.678
107.018
107.227
107.128
105.889
106.872
107.14
108.662
107.069
105.169
104.958
104.451
103.11
104.473
105.039
105.642
104.436
102.924
102.648
102.348
102.26
102.569
102.488
102.91
101.534
100.464
98.9974
99.6406
99.3644
98.4962
99.1095
99.9887
100.12
101.474
103.038
103.083
103.269
102.438
102.676
103.753
103.76
104.704
105.044
105.569
105.435
105.659
105.324
105.404
106.365
106.212
106.587
105.237
105.66
106.15
106.632
107.124
107.643
106.542
107.15
106.955
107.105
107.093
106.448
106.977
108.1
108.249
108.331
108.633
108.594
107.499
107.985
107.635
107.39
105.431
104.512
103.673
103.025
102.533
102.247
100.153
99.9099
99.883
101.115
101.044
101.769
102.195
102.586
103.266
103.413
103.576
104.43
104.556
105.324
105.113
105.148
105.044
104.227
104.948
106.234
106.115
106.92
105.945
105.024
106.224
108.03
107.381
108.253
109.935
108.727
108.493
109.106
109.883
110.399
112.48
111.187
110.814
111.13
111.483
111.416
110.906
111.549
110.029
110.122
107.854
107.14
106.313
108.078
109.539
109.8
109.677
109.305
109.333
109.09
108.774
108.388
108.627
109.348
109.583
109.366
108.475
109.059
109.04
107.428
107.806
108.594
109.408
109.811
109.83
109.998
110.737
111.928
112.361
112.152
113.616
114.987
114.667
114.757
115.524
114.731
115.027
114.805
114.383
113.585
113.215
112.965
112.447
113.778
114.014
115.98
116.866
115.024
115.646
116.268
114.553
114.387
114.623
115.698
116.367
118.107
118.862
117.984
118.222
119.187
120.971
121.308
123.212
122.535
121.544
123.19
123.833
123.335
124.155
124.966
125.152
125.518
125.708
124.567
124.787
122.982
122.692
123.378
122.629
122.506
122.606
123.175
124.282
123.724
125.127
125.072
125.362
125.246
125.886
126.813
128.003
126.928
126.578
124.728
124.236
123.557
122.851
123.588
122.662
123.088
124.028
123.227
123.072
122.689
121.489
122.686
122.269
121.498
120.453
121.032
121.016
120.236
118.869
119.531
119.673
119.658
120.07
121.619
121.121
119.841
119.703
120.164
121.21
120.297
121.422
120.049
119.38
120.37
120.793
121.107
122.601
124.46
124.822
123.891
123.929
124.628
124.47
125.348
124.519
123.693
125.18
126.018
126.856
124.796
124.288
124.544
123.9
126.486
127.841
128.225
129.077
128.876
129.219
128.968
128.577
128.857
130.221
130.804
130.434
130.399
130.501
131.379
130.652
128.387
128.944
129.138
130.745
129.796
128.985
129.02
127.494
128.962
129.999
130.697
130.799
127.711
126.8
125.508
124.158
123.643
123.756
122.734
124.917
123.979
122.316
122.912
123.303
121.952
122.926
121.629
121.799
120.173
118.291
118.878
120.08
121.149
120.485
119.876
121.488
121.291
121.318
121.166
120.773
120.193
120.678
122.565
123.377
122.425
122.492
120.862
120.002
119.045
118.523
117.926
117.718
118.843
118.852
119.919
120.656
119.276
117.217
117.071
115.534
115.851
116.383
116.91
117.05
117.52
116.929
117.41
118.775
118.948
119.272
121.164
121.1
120.941
122.32
121.752
121.162
120.647
120.366
120.42
120.964
122.014
121.331
121.976
120.775
121.142
120.53
118.293
116.515
116.394
116.369
116.985
118.87
119.37
117.641
119.196
117.628
116.694
116.129
116.936
117.242
116.46
114.678
113.714
113.761
114.895
116.558
116.166
113.781
114.67
116.242
115.55
115.082
114.827
113.288
114.074
114.284
112.375
112.503
112.324
112.317
113.698
113.933
113.689
114.099
116.112
117.97
116.331
116.475
116.907
117.75
118.464
118.234
117.043
116.526
117.091
115.637
113.233
113.397
114.235
114.667
114.377
114.675
115.693
114.868
116.339
116.627
116.548
117.386
117.283
116.115
116.248
115.068
114.423
114.056
113.081
114.081
114.453
116.489
115.147
114.588
113.84
112.573
110.931
111.047
111.264
111.521
112.191
114.168
114.488
115.786
116.332
116.418
115.467
114.273
115.31
115.165
115.399
114.2
115.353
114.988
114.918
113.573
114.404
115.727
116.62
117.674
119.434
119.537
120.3
118.779
117.481
117.557
116.719
117.755
116.543
115.334
116.25
115.589
114.847
114.047
113.675
113.059
113.536
114.46
113.971
114.754
113.273
112.816
112.46
113.138
113.426
114.343
114.418
112.862
111.97
112.461
114.104
113.84
113.72
112.943
113.648
112.992
111.991
113.408
112.081
112.612
113.445
113.434
114.958
115.577
115.134
113.474
112.638
113.045
114.869
114.258
114.469
115.682
115.433
114.161
114.2
114.283
114.039
115.009
115.401
114.395
114.187
113.638
113.297
112.83
111.186
111.951
113.275
113.367
112.562
113.219
111.892
110.67
110.91
110.1
109.631
107.771
107.79
107.529
107.243
107.573
108.316
108.479
110.121
110.524
110.668
110.418
110.491
110.757
110.814
110.405
110.135
111.662
113.228
113.044
113.353
112.769
113.774
114.313
115.326
115.158
116.294
115.578
116.652
115.796
115.477
116.251
114.469
114.688
115.329
114.555
113.511
113.471
113.858
114.403
115.528
113.476
114.089
114.571
112.906
112.021
112.723
113.376
112.114
112.336
112.026
112.482
112.651
112.188
114.464
116.154
116.097
114.058
114.572
114.209
114.757
113.525
113.895
114.48
114.131
115.048
115.255
115.648
114.035
114.425
116.2
116.905
117.458
117.431
117.052
116.162
115.694
115.779
117.679
118.655
118.267
117.734
115.436
115.906
113.904
113.938
113.842
113.209
110.998
111.732
112.125
112.353
111.138
112.884
114.119
115.389
114.298
113.753
113.299
112.701
113.932
114.246
113.812
114.554
113.662
113.151
113.39
114.733
115.051
115.293
115.972
115.669
114.984
113.986
114.741
115.289
114.633
113.795
113.229
112.414
112.803
112.965
114.205
114.605
115.211
115.328
114.749
115.204
113.957
113.757
114.908
113.435
114.006
113.301
112.33
112.707
112.48
113.495
112.862
114.47
114.221
114.064
113.446
111.352
110.941
112.599
113.249
110.96
110.012
108.198
107.995
108.567
106.353
106.418
108.317
108.526
108.876
108.743
109.498
109.936
109.939
109.809
107.655
107.465
107.161
107.356
105.112
105.211
104.32
101.52
102.043
101.496
102.724
101.537
101.683
100.826
102.736
103.312
103.225
101.742
101.864
100.526
102.255
102.107
102.416
104.993
107.395
108.217
108.312
110.29
109.886
110.608
109.958
110.545
110.374
110.774
111.108
110.507
109.554
109.272
108.752
110.577
110.526
109.475
108.258
107.486
106.804
107.251
107.838
109.758
110.231
109.989
108.837
108.59
109.403
109.064
106.428
105.12
104.789
104.464
105.53
105.057
103.787
104.781
103.253
102.763
102.499
102.613
101.6
101.684
102.809
102.324
101.451
101.292
101.97
102.891
101.531
103.552
104.134
103.677
102.689
103.198
103.417
102.451
102.642
102.88
102.351
103.225
104.74
104.23
102.263
103.192
103.931
103.229
103.305
104.366
104.829
103.855
104.721
104.44
104.755
104.632
103.734
102.819
103.268
103.993
101.666
102.175
102.674
101.953
102.037
101.561
100.885
98.834
99.1712
98.9429
100.761
99.1583
98.7228
98.4424
100.669
101.381
99.6825
100.518
102.82
103.294
104.154
105.59
105.767
106.68
107.975
107.239
108.56
108.497
108.994
106.487
109.677
111.19
112.148
112.501
111.103
110.859
110.511
110.361
111.735
112.744
111.593
110.522
109.358
109.795
108.639
108.75
108.896
110.69
107.903
107.682
107.885
108.081
109.553
108.395
107.824
107.116
106.442
106.915
108.166
106.597
105.567
106.135
106.467
107.236
105.799
105.78
105.985
105.072
104.163
105.228
105.716
106.809
106.728
105.96
104.005
103.72
103.209
102.526
102.271
102.837
104.358
106.723
105.854
105.677
105.936
104.295
104.053
103.805
104.988
103.379
104.182
103.626
103.235
102.697
101.138
100.762
101.193
102.262
102.34
103.065
103.343
102.027
101.92
101.728
99.6814
102.918
102.32
103.01
102.606
104.065
101.82
102.19
103.395
102.741
102.168
102.018
102.38
103.06
103.239
103.732
102.519
104.026
104.195
104.498
105.242
103.57
102.788
102.471
100.992
99.9304
99.5764
100.825
101.66
101.975
102.929
101.433
101.397
101.606
102.756
103.125
104.012
104.25
105.292
105.762
106.071
107.171
107.218
107.644
107.644
105.787
105.811
105.681
105.542
106.368
105.997
107.08
107.993
107.065
106.85
104.659
104.823
105.707
103.996
102.989
103.033
101.463
101.192
101.172
102.055
103.376
103.792
103.44
104.8
103.79
103.494
106.056
105.946
105.139
105.412
106.384
107.342
108.343
107.706
106.925
106.043
105.855
104.474
105.04
105.763
104.494
103.873
103.136
103.684
103.927
103.139
103.359
102.85
102.94
101.479
101.39
101.934
102.985
101.729
103.084
102.934
102.381
100.678
100.349
101.212
100.92
101.337
101.35
101.202
100.711
99.1037
100.193
99.672
98.9869
98.9936
97.7212
98.7975
99.0843
99.2974
99.5969
99.2029
100.278
101.11
101.75
101.612
104.13
104.384
104.7
104.901
104.349
102.362
102.851
102.572
101.201
102.994
102.077
102.031
101.366
102.23
103.618
103.251
102.772
103.999
104.869
106.163
104.866
106.5
106.192
106.024
105.92
105.294
105.64
106.274
106.195
104.771
104.115
104.348
105.023
106.169
105.637
105.78
105.707
103.903
105.5
105.879
106.54
108.302
107.859
108.278
110.213
109.683
108.562
108.858
108.064
107.051
108.333
108.625
108.598
108.464
109.142
109.836
110.128
108.182
108.662
108.889
107.881
108.806
108.866
107.982
106.345
105.489
105.253
104.02
104.877
104.257
105.067
103.536
104.724
106.064
106.941
106.915
106.194
104.076
103.69
103.795
105.409
103.652
102.08
101.566
103.198
103.46
101.802
100.718
101.198
101.546
100.666
100.587
101.445
102.314
102.993
103.41
102.72
101.808
103.107
103.128
102.369
101.668
102.061
101.594
103.744
103.652
104.711
104.778
104.474
105.365
105.279
106.264
106.126
106.276
105.974
105.257
105.02
103.658
103.88
102.979
103.273
104.681
105.549
105.774
105.277
105.733
106.862
106.996
106.807
106.579
104.929
105.394
105.422
104.306
104.552
104.628
103.971
103.442
103.371
103.376
105.017
105.121
107.745
107.051
107.41
106.383
106.086
107.825
107.018
106.569
107.828
107.356
109
109.052
109.527
109.182
108.727
109.472
107.33
107.617
107.069
106.598
108.146
108.212
109.007
109.011
108.44
108.71
111.061
112.334
113.159
112.862
112.811
112.112
111.967
111.742
111.43
111.688
113.849
114.679
115.172
116.701
115.93
116.298
117.098
116.89
117.789
116.809
117.708
117.399
117.528
116.589
119.002
119.088
119.448
119.761
118.837
120.008
118.263
119.588
120.112
120.531
121.053
121.631
121.681
122.252
123.388
122.087
121.403
119.977
120.518
121.249
120.645
120.74
119.982
120.426
120.527
122.048
121.631
120.455
119.964
119.58
120.789
120.788
121.056
120.23
119.655
119.759
120.228
119.295
119.603
118.485
118.845
119.787
119.554
118.895
117.846
118.218
117.415
117.176
115.657
114.33
113.978
113.188
112.024
112.355
112.672
112.617
113.294
111.812
112.841
113.087
111.693
111.191
111.218
109.912
109.043
108.94
107.547
106.582
107.103
109.286
108.672
109.057
109.742
109.985
110.306
109.743
109.368
110.634
110.428
111.339
111.05
111.3
111.992
110.674
111.456
112.051
112.433
110.248
108.953
109.179
110.302
111.696
110.697
111.252
112.013
114.04
115.172
113.409
113.353
113.048
114.148
115.094
115.549
115.459
117.301
116.372
114.698
115.264
115.956
116.529
117.179
117.976
118.383
117.92
118.759
119.114
119.89
121.322
120.385
118.85
118.48
118.144
118.529
118.365
118.837
118.173
119.565
120.242
119.599
118.961
117.347
118.204
119.786
121.295
119.945
123.959
122.864
122.2
122.046
120.601
119.18
116.538
116.311
114.727
116.191
114.617
113.457
113.017
113.211
111.261
110.685
110.523
109.508
109.938
110.818
109.343
110.992
109.909
108.816
108.383
109.593
110.983
110.776
110.283
109.729
110.998
110.835
109.618
111.345
111.702
113.084
112.973
113.152
112.232
111.687
114.132
114.27
116.226
115.162
114.635
114.721
114.422
114.322
115.324
115.128
114.231
114.702
115.578
115.274
116.032
116.483
117.188
116.541
117.963
117.061
116.424
115.517
115.252
115.686
116.049
115.914
115.739
116.87
114.621
114.379
113.036
111.081
111.979
111.459
111.036
112.041
111.712
110.463
109.202
110.987
112.915
111.281
111.488
112.551
112.995
114.085
115.263
114.549
115.323
115.817
116.787
115.575
115.649
115.184
113.867
115.838
114.986
113.878
114.631
112.972
111.963
111.619
113.955
115.021
115.519
114.61
114.231
114.318
114.617
116.996
118.564
116.813
116.313
115.301
116.378
115.35
116.152
115.027
115.442
115.208
116.554
116.998
116.607
118.125
119.304
119.18
118.996
119.606
118.478
117.615
118.127
118.521
119.573
119.819
121.265
122.41
122.198
122.67
122.305
122.679
122.007
123.792
124.762
123.801
122.441
122.024
121.878
121.185
120.117
119.583
120.724
120.259
121.621
123.263
123.142
124
124.772
122.677
123.2
123.493
123.104
122.657
124.126
125.146
126.275
125.971
125.971
124.928
124.742
125.556
124.302
124.676
123.528
122.707
123.199
122.108
122.216
124.4
125.496
124.802
124.567
124.508
125.161
125.109
123.246
123.224
123.68
123.249
122.98
123.677
124.21
123.144
121.321
121.947
121.47
121.939
123.652
124.47
124.861
125.513
125.048
125.541
124.716
125.202
125.16
125.903
125.44
125.438
125.891
125.993
125.85
127.305
128.301
128.955
129.192
128.923
131.386
130.802
130.54
131.151
130.566
130.572
131.526
132.478
131.603
131.491
132.139
130.588
130.222
131.607
130.74
130.913
130.571
133.323
135.676
138.281
138.271
137.753
137.679
138.197
138.821
138.296
139.654
140.92
140.191
138.866
138.132
138.494
138.188
137.879
137.771
137.907
138.515
138.173
136.081
135.84
136.172
137.728
136.442
137.296
136.567
137.762
137.364
137.879
136.835
135.87
136.609
137.682
137.332
136.558
137.027
136.322
134.747
133.576
134.496
135.151
135.379
136.062
135.634
136.903
136.148
136.308
134.732
132.643
133.562
134.254
134.031
132.108
133.099
134.758
134.804
135.584
136.395
135.711
136.041
136.911
137.668
137.19
137.944
137.286
137.875
138.361
139.193
139.702
140.58
139.947
138.915
139.167
140.977
140.77
140.954
142.855
142.545
142.108
141.432
142.754
141.461
142.434
142.375
142.134
142.795
141.695
143.138
143.171
143.909
144.083
143.481
144.035
143.775
144.231
143.544
144.376
146.863
146.7
146.09
145.697
144.882
144.731
144.927
146.045
147.062
147.226
146.304
146.782
146.341
147.039
145.92
145.808
147.542
146.407
146.16
146.925
146.703
145.84
146.292
146.44
146.456
147.747
148.13
147.365
147.13
147.161
147.688
146.772
145.974
146.764
145.082
145.189
146.748
145.258
146.388
145.814
143.929
144.557
144.079
143.81
143.399
142.918
142.599
141.77
141.332
142.119
142.779
142.836
143.499
143.707
143.9
144.403
143.262
142.715
141.774
141.627
140.801
140.505
140.868
140.907
140.471
139.755
140.7
142.942
144.327
145.295
145.989
145.355
146.19
144.595
144.737
144.333
143.588
144.359
143.983
142.699
142.68
141.424
140.351
140.281
141.887
141.197
141.885
140.467
139.441
140.167
139.658
139.323
139.933
139.318
137.885
137.52
137.008
137.587
138.077
137.352
138.918
137.518
137.186
137.597
136.516
136.889
136.417
136.58
137.12
136.509
135.414
135.398
135.95
137.455
138.894
139.485
138.943
139.131
139.075
137.214
135.634
136.793
136.914
135.796
136.485
137.043
137.112
136.627
137.305
135.615
135.04
134.489
136.117
135.237
135.237
136.681
135.228
136.202
135.897
136.478
136.354
135.896
135.941
133.014
133.715
132.223
130.966
130.681
129.873
132.143
131.791
131.908
132.718
133.305
133.428
132.713
133.51
133.104
133.586
132.774
131.869
132.509
132.562
133.53
134.381
133.365
133.798
133.614
133.675
132.666
134.306
134.661
135.073
134.73
134.971
135.733
136.131
135.803
135.302
136.065
135.152
135.346
134.448
134.11
133.446
133.482
134.095
134.928
135.021
135.313
135.178
134.741
135.978
135.855
136.049
136.686
134.908
134.638
135.185
135.074
134.183
135.142
134.455
134.206
133.8
134.471
134.494
133.488
134.23
133.531
134.328
134.449
132.927
133.323
133.484
131.956
131.744
132.029
131.758
132.509
132.682
132.732
132.542
133.159
133.975
135.145
136.733
138.207
137.581
137.429
140.335
139.552
138.769
139.814
137.913
139.06
139.876
140.481
140.359
141.838
141.437
142.461
144.057
143.387
144.465
144.164
144.212
144.311
143.131
141.787
143.119
140.974
142.486
141.776
140.855
142.474
142.435
143.103
142.52
143.011
144.822
145.209
143.014
143.279
142.746
143.527
142.135
143.134
143.059
143.095
143.804
144.552
146.096
147.071
145.861
145.489
147.987
149.221
149.567
148.997
149.66
149.597
149.76
147.624
146.509
145.506
145.545
144.456
145.774
146.38
146.771
147.133
145.499
146.546
146.601
146.32
145.616
146.31
145.924
147.318
146.85
146.01
146.409
146.164
147.963
146.596
147.148
148.625
148.382
149.326
147.802
147.025
146.483
147.064
147.561
146.383
147.045
145.868
145.585
145.957
147.013
145.746
147.163
147.486
148.682
146.585
145.538
145.188
145.292
146.153
145.625
144.746
143.97
143.989
145.113
147.165
146.784
146.498
147.466
146.991
146.422
146.828
145.764
146.939
146.106
145.627
146.456
145.997
146.346
147.07
147.177
145.591
146.756
147.329
147.606
147.29
147.748
149.02
148.649
147.378
146.75
145.36
147.87
145.747
144.914
144.904
144.206
143.47
141.862
142.217
142.992
142.821
143.365
143.772
145.558
145.907
146.59
145.37
146.853
146.554
146.952
148.842
148.827
148.142
147.845
148.493
147.462
148.279
147.744
148.154
147.528
146.991
145.425
144.846
142.066
143.003
143.299
143.212
142.314
142.655
142.057
143.31
142.511
143.235
143.188
143.58
144.365
143.846
142.82
142.183
142.51
144.67
145.933
145.899
145.477
144.652
143.773
145.431
145.828
145.617
145.857
145.594
146.499
146.434
146.95
147.504
147.16
148.347
147.908
147.372
146.569
146.423
145.828
148.221
147.743
147.528
146.814
146.67
145.126
144.978
145.108
145.329
144.603
145.56
146.184
145.394
143.764
143.994
143.83
143.298
144.272
144.198
144.486
143.612
143.697
142.762
144.263
145.007
144.658
145.889
147.807
147.613
147.941
147.818
147.413
147.605
146.299
145.558
145.549
145.776
146.178
147.86
148.942
151.491
151.236
152.096
152.897
151.471
150.244
151.648
150.761
150.752
154.016
153.886
153.146
152.07
152.461
152.5
152.925
152.615
152.951
152.039
152.254
