1.000000
0.987083
0.974592
0.971060
0.969332
0.970675
0.965730
0.955866
0.959276
0.972989
0.961817
0.962215
0.979355
0.990105
1.014977
1.017587
1.017213
1.008331
0.997451
1.000511
1.001204
0.991968
1.012237
1.009384
1.012173
1.010381
1.001722
1.001227
1.006762
1.018170
1.015883
1.024495
1.036102
1.058299
1.055081
1.047655
1.053629
1.057864
1.053498
1.059594
1.082882
1.095575
1.101964
1.100825
1.082841
1.083864
1.079613
1.084378
1.063125
1.065475
1.071330
1.063161
1.046035
1.069357
1.078354
1.081801
1.089361
1.097852
1.085279
1.089388
1.087863
1.097875
1.107799
1.111855
1.110895
1.119239
1.140120
1.138464
1.132734
1.122800
1.137457
1.137732
1.143648
1.157757
1.170079
1.169802
1.160585
1.161765
1.184780
1.196753
1.193837
1.212198
1.204394
1.187251
1.184826
1.175911
1.182875
1.177943
1.191111
1.184811
1.196149
1.205994
1.216772
1.236594
1.252166
1.247207
1.217516
1.220232
1.233993
1.238071
1.253420
1.240378
1.244776
1.244201
1.240206
1.230427
1.226214
1.269488
1.283564
1.299419
1.297743
1.284225
1.282025
1.266631
1.242017
1.223511
1.222294
1.220842
1.237781
1.243675
1.257186
1.269505
1.260423
1.278341
1.268168
1.262248
1.255224
1.249977
1.249898
1.253343
1.261326
1.278874
1.283857
1.307475
1.302490
1.292060
1.313957
1.344201
1.334768
1.325521
1.308134
1.304823
1.271968
1.275905
1.269641
1.261880
1.272618
1.254647
1.263580
1.251105
1.243411
1.239809
1.246528
1.249227
1.248893
1.274683
1.268305
1.250792
1.251160
1.265602
1.275807
1.283263
1.279032
1.263013
1.285510
1.271697
1.264165
1.265096
1.271918
1.283196
1.287427
1.275386
1.255395
1.249237
1.230877
1.219870
1.222619
1.236676
1.228169
1.255164
1.224470
1.252615
1.252272
1.235197
1.235030
1.251406
1.237675
1.244893
1.231027
1.224189
1.217906
1.231906
1.226056
1.211755
1.216391
1.212692
1.219608
1.216955
1.196469
1.198832
1.199561
1.201268
1.194000
1.169786
1.194829
1.188277
1.176481
1.173246
1.179532
1.180868
1.177677
1.183233
1.203079
1.204155
1.212612
1.175161
1.169208
1.156726
1.165885
1.147393
1.155042
1.141666
1.151486
1.179605
1.192711
1.185894
1.195055
1.200492
1.209549
1.225757
1.215431
1.232557
1.223534
1.197578
1.200555
1.192208
1.207540
1.212250
1.188708
1.169343
1.169211
1.191010
1.188030
1.179116
1.183926
1.195818
1.190237
1.188711
1.193904
1.213604
1.206305
1.215780
1.213204
1.215398
1.211009
1.195102
1.193665
1.184537
1.176948
1.159558
1.141194
1.139833
1.141815
1.157899
1.142747
1.124349
1.112040
1.113032
1.116338
1.118781
1.119832
1.120024
1.109959
1.122451
1.136371
1.141768
1.153248
1.152435
1.164105
1.175145
1.181332
1.187697
1.193809
1.213555
1.208118
1.187921
1.196313
1.200351
1.210311
1.215747
1.216459
1.223907
1.231619
1.252431
1.245709
1.262153
1.262811
1.255339
1.233263
1.239565
1.230635
1.234136
1.228074
1.236042
1.228462
1.223910
1.199157
1.198822
1.219353
1.229486
1.244213
1.244737
1.246579
1.255522
1.261114
1.271563
1.275166
1.278445
1.292657
1.301989
1.294909
1.282168
1.290047
1.290476
1.280077
1.288262
1.272095
1.273228
1.276907
1.265300
1.256540
1.265352
1.250146
1.255595
1.257182
1.272189
1.284854
1.278497
1.273827
1.296712
1.305401
1.302540
1.318796
1.309565
1.310419
1.311411
1.315750
1.323140
1.334937
1.345614
1.335312
1.334072
1.331598
1.340878
1.349059
1.366501
1.345317
1.359923
1.370940
1.394135
1.407338
1.416996
1.398731
1.413937
1.425673
1.403226
1.396051
1.370462
1.370419
1.369410
1.365610
1.385066
1.393550
1.399925
1.414648
1.403049
1.414374
1.403169
1.385315
1.379019
1.381474
1.376231
1.369140
1.350812
1.352416
1.379754
1.364242
1.350007
1.341060
1.328289
1.312792
1.299980
1.302400
1.297266
1.297714
1.292476
1.292255
1.293383
1.291778
1.287412
1.311158
1.314019
1.326915
1.317557
1.338770
1.319681
1.332572
1.331116
1.347727
1.353395
1.350732
1.348970
1.315950
1.336940
1.351418
1.360462
1.366420
1.351753
1.338290
1.334790
1.333349
1.337087
1.302412
1.301046
1.290458
1.275262
1.265162
1.266147
1.262663
1.278821
1.284682
1.280115
1.311425
1.305385
1.301026
1.293834
1.293984
1.289327
1.277398
1.273149
1.272686
1.268824
1.262446
1.273038
1.274519
1.285578
1.290064
1.304589
1.320643
1.311270
1.317049
1.315961
1.294055
1.302405
1.292980
1.286096
1.290225
1.290030
1.290600
1.256301
1.252657
1.266739
1.264651
1.277638
1.280701
1.288594
1.293522
1.300969
1.300687
1.286607
1.296201
1.309440
1.316760
1.316422
1.304996
1.308063
1.307560
1.326507
1.346271
1.327673
1.332092
1.340642
1.338711
1.341610
1.348102
1.348460
1.356694
1.371291
1.376313
1.348007
1.360565
1.366394
1.358426
1.372052
1.387046
1.358260
1.374575
1.374369
1.375622
1.384806
1.402671
1.393696
1.403390
1.409267
1.407764
1.411097
1.407534
1.401703
1.375293
1.387826
1.382577
1.370385
1.375091
1.377426
1.360423
1.363334
1.386556
1.388556
1.389346
1.401195
1.385793
1.395851
1.388821
1.369981
1.362671
1.349484
1.342310
1.337234
1.336450
1.344109
1.351766
1.333927
1.316285
1.332148
1.348827
1.350125
1.348510
1.351217
1.342054
1.346073
1.353982
1.351053
1.357787
1.345774
1.331785
1.346152
1.358103
1.338100
1.336023
1.342103
1.331764
1.338184
1.329934
1.329937
1.345743
1.336101
1.329218
1.333142
1.317983
1.311107
1.300657
1.304835
1.319890
1.314255
1.302116
1.321239
1.310343
1.338557
1.336569
1.320766
1.311880
1.303970
1.302966
1.316425
1.326594
1.322142
1.311044
1.300648
1.278170
1.286326
1.288961
1.307534
1.321607
1.306962
1.311090
1.299720
1.288878
1.284102
1.278563
1.280288
1.276093
1.295830
1.311238
1.305468
1.298361
1.281642
1.264026
1.258813
1.246840
1.274158
1.275797
1.280563
1.270400
1.280536
1.273544
1.283351
1.267077
1.261263
1.250339
1.245435
1.247858
1.220963
1.220265
1.206891
1.220472
1.206697
1.203761
1.188726
1.214861
1.217252
1.215047
1.216658
1.211417
1.218026
1.228014
1.215842
1.214946
1.198541
1.208640
1.210099
1.208272
1.223355
1.233809
1.240641
1.210536
1.228761
1.226583
1.210909
1.220735
1.232845
1.223081
1.223048
1.213476
1.208401
1.202022
1.213137
1.235632
1.246798
1.250576
1.249785
1.237912
1.237588
1.217995
1.218117
1.232467
1.228004
1.231367
1.211851
1.212675
1.230696
1.226940
1.224559
1.210729
1.204506
1.192043
1.198585
1.187304
1.189781
1.202743
1.204683
1.214586
1.212742
1.237738
1.231427
1.223968
1.238894
1.222340
1.245061
1.223870
1.210828
1.221550
1.206103
1.200645
1.202304
1.193512
1.219086
1.218360
1.231973
1.223635
1.225604
1.251572
1.249498
1.255481
1.267140
1.278984
1.281797
1.251656
1.266207
1.271181
1.284714
1.267190
1.267245
1.295579
1.304940
1.303899
1.297646
1.292911
1.311348
1.308446
1.310398
1.292940
1.285905
1.285803
1.273956
1.290163
1.297584
1.293522
1.293238
1.304497
1.303255
1.273000
1.269285
1.284320
1.308809
1.308914
1.313820
1.306326
1.287650
1.294477
1.302374
1.295122
1.271957
1.279999
1.284910
1.281801
1.256693
1.263375
1.266480
1.267685
1.268190
1.270949
1.274992
1.269864
1.251746
1.231874
1.238803
1.237107
1.260337
1.274912
1.248435
1.229437
1.209864
1.202106
1.203832
1.173868
1.174642
1.181318
1.174869
1.171790
1.162235
1.161657
1.162707
1.166241
1.176034
1.184615
1.185533
1.188360
1.176880
1.190710
1.200519
1.215890
1.215773
1.212246
1.227116
1.210502
1.199758
1.210714
1.215525
1.227425
1.211650
1.196851
1.192807
1.207117
1.208331
1.210265
1.214862
1.224897
1.217414
1.213708
1.218721
1.219387
1.210959
1.235420
1.258350
1.255055
1.263789
1.258814
1.256820
1.240357
1.221601
1.238218
1.242626
1.226428
1.221129
1.221029
1.206527
1.229711
1.232774
1.216106
1.224939
1.214819
1.199988
1.192368
1.183771
1.203794
1.234290
1.234391
1.225163
1.246743
1.255577
1.270978
1.294598
1.303812
1.321165
1.309430
1.312566
1.323612
1.299342
1.300492
1.282404
1.270639
1.280283
1.300327
1.289177
1.283239
1.266269
1.261897
1.249536
1.238610
1.234038
1.241646
1.233961
1.231445
1.251655
1.249771
1.272133
1.260172
1.263417
1.258166
1.270898
1.275928
1.271162
1.265645
1.258336
1.266787
1.273784
1.272673
1.261550
1.251164
1.253992
1.254438
1.241531
1.244072
1.245451
1.226053
1.229098
1.236234
1.225476
1.216068
1.206143
1.224789
1.207137
1.204669
1.195157
1.193544
1.189920
1.175429
1.156829
1.165137
1.172194
1.173190
1.174676
1.189216
1.178322
1.154854
1.154650
1.156315
1.168641
1.176375
1.178989
1.165127
1.188197
1.180870
1.153116
1.148184
1.171790
1.158685
1.147531
1.139023
1.131254
1.141412
1.163136
1.173110
1.154752
1.168724
1.146933
1.139706
1.158583
1.166243
1.166175
1.161230
1.158227
1.160131
1.169870
1.184780
1.180115
1.174073
1.171228
1.159592
1.166078
1.187397
1.184890
1.181363
1.185333
1.183086
1.185027
1.184648
1.183452
1.190755
1.182064
1.172246
1.185641
1.178549
1.170550
1.168449
1.162653
1.164194
1.169877
1.165594
1.183629
1.199084
1.187455
1.196775
1.187849
1.191764
1.183927
1.193330
1.176242
1.173481
1.177859
1.178097
1.172445
1.165456
1.150693
1.143630
1.143604
1.145660
1.150481
1.147865
1.157887
1.151342
1.144268
1.163006
1.180398
1.172801
1.156266
1.154282
1.144989
1.149915
1.146586
1.156304
1.167640
1.156398
1.160635
1.164962
1.170663
1.144663
1.131605
1.127910
1.139765
1.132554
1.137569
1.131299
1.138126
1.131858
1.125357
1.138944
1.136945
1.150420
1.161030
1.156788
1.145337
1.130327
1.146738
1.151345
1.155389
1.150466
1.139993
1.136481
1.117014
1.121064
1.127357
1.134193
1.141878
1.156423
1.153624
1.147281
1.148040
1.150581
1.134211
1.137355
1.148576
1.148539
1.143521
1.138706
1.144271
1.147192
1.147700
1.139168
1.126923
1.127619
1.130851
1.120887
1.115208
1.115229
1.104606
1.107912
1.113249
1.119586
1.117636
1.107936
1.110127
1.118140
1.129770
1.130030
1.140182
1.138130
1.149184
1.148780
1.145876
1.136152
1.119510
1.118502
1.113795
1.099625
1.077139
1.108019
1.120817
1.126183
1.128260
1.110833
1.096917
1.095053
1.096770
1.097301
1.107477
1.092694
1.104705
1.099038
1.100951
1.119406
1.132595
1.127919
1.108789
1.106575
1.102069
1.104268
1.104263
1.095274
1.088400
1.074778
1.058636
1.065213
1.060872
1.072002
1.093053
1.080206
1.093378
1.095849
1.117132
1.112191
1.118461
1.134201
1.133626
1.135676
1.139051
1.135373
1.131152
1.127814
1.138894
1.143130
1.125340
1.116161
1.110659
1.098569
1.098644
1.072643
1.066675
1.076209
1.084574
1.064686
1.048895
1.041051
1.022920
1.025560
1.012129
1.017491
1.022957
1.056214
1.034795
1.036552
1.021957
1.037818
1.021063
1.009193
1.010073
1.008562
1.017617
1.014791
1.005000
1.019386
1.022163
1.004258
1.005421
1.005705
1.003823
1.006631
1.024068
1.029643
1.022889
1.023819
1.017155
1.020001
1.040224
1.038270
1.033977
1.041906
1.038302
1.019108
1.024545
1.022473
1.007035
1.006750
0.986238
0.992848
0.968840
0.960317
0.977837
0.980523
0.986468
0.978179
0.974241
0.974416
0.967293
0.980373
0.995348
1.011354
1.024584
1.001743
0.991610
0.991107
0.989087
0.984678
0.979832
0.989898
0.995939
1.001909
1.002032
1.011576
1.012844
1.004420
0.999026
0.992289
0.987921
0.985511
0.993052
0.999986
1.025033
1.035072
1.052810
1.046895
1.034920
1.043147
1.034637
1.028658
1.025010
1.045628
1.037188
1.043637
1.045718
1.037922
1.038954
1.044345
1.018276
1.028966
1.014915
1.003702
1.006296
1.002318
1.004086
1.002673
0.986327
0.982526
0.985180
0.983791
0.967563
0.983299
0.969196
0.973822
0.977860
0.973692
0.981381
0.992398
0.988467
0.973959
0.955625
0.966376
0.965721
0.970692
0.962244
0.964105
0.962816
0.951144
0.947535
0.953923
0.945234
0.928542
0.935067
0.942882
0.955438
0.940092
0.941958
0.943689
0.931330
0.938093
0.929102
0.912422
0.909119
0.905847
0.895953
0.894521
0.888082
0.889462
0.890397
0.897982
0.894855
0.893607
0.884490
0.895358
0.899071
0.920833
0.917526
0.913441
0.925131
0.929561
0.919617
0.924980
0.919001
0.919628
0.932736
0.937851
0.929663
0.935616
0.926410
0.919554
0.917347
0.910943
0.901350
0.897010
0.905561
0.893783
0.888761
0.900903
0.895015
0.891688
0.871488
0.883831
0.890002
0.886761
0.877165
0.882866
0.879170
0.879938
0.877148
0.866763
0.857103
0.857800
0.855016
0.860817
0.855202
0.866729
0.872179
0.881857
0.887030
0.868041
0.866600
0.875904
0.869182
0.856744
0.864063
0.865891
0.875045
0.881181
0.879690
0.870879
0.864265
0.865429
0.866150
0.868722
0.871827
0.866845
0.855176
0.866005
0.864046
0.851588
0.859693
0.850401
0.852179
0.854817
0.850850
0.846039
0.838953
0.833111
0.830486
0.836692
0.829678
0.834414
0.838869
0.846112
0.840836
0.838368
0.845812
0.855742
0.848637
0.862659
0.865083
0.875551
0.873016
0.880562
0.883055
0.893985
0.890727
0.881735
0.872635
0.878634
0.870905
0.870780
0.876998
0.883395
0.882928
0.893065
0.880554
0.887773
0.902397
0.885929
0.894294
0.899820
0.904135
0.905122
0.904124
0.901588
0.913449
0.927602
0.930831
0.913220
0.899654
0.899884
0.889269
0.884777
0.896301
0.899481
0.909765
0.910883
0.905403
0.911095
0.910526
0.919576
0.933793
0.936372
0.932328
0.963247
0.955378
0.976380
0.954935
0.954356
0.947228
0.949562
0.945640
0.945986
0.942753
0.938022
0.940761
0.935294
0.933727
0.932860
0.918721
0.918205
0.911139
0.916400
0.924438
0.918881
0.923913
0.925025
0.931233
0.929951
0.938640
0.947759
0.963509
0.960171
0.964094
0.995672
1.004256
0.988129
0.992879
0.994879
0.991601
0.991445
1.000835
0.993833
1.004080
1.010124
1.003204
0.999244
0.993721
1.003235
1.008012
1.019768
1.005819
1.015506
1.006062
1.009054
1.017363
1.003119
0.989828
0.990439
0.992681
0.987106
1.010830
1.001233
1.008753
0.994483
0.989621
1.010484
1.005023
1.008166
1.004744
1.018664
1.008724
1.019191
1.013123
1.023155
1.013990
1.035298
1.045854
1.033527
1.030171
1.013071
1.025492
1.027573
1.018285
1.021329
1.031909
1.027157
1.018736
1.025679
1.048097
1.048433
1.032767
1.040076
1.033881
1.049310
1.057124
1.063852
1.061936
1.045149
1.043538
1.049383
1.042732
1.055537
1.052625
1.069304
1.067184
1.073879
1.084826
1.104570
1.107747
1.115606
1.141717
1.148671
1.144332
1.141696
1.151259
1.140858
1.150703
1.139742
1.133266
1.137365
1.130148
1.140101
1.127027
1.126339
1.122933
1.114470
1.113173
1.116338
1.127481
1.143485
1.139855
1.152241
1.146814
1.153950
1.165134
1.174716
1.186252
1.198939
1.191965
1.207081
1.198423
1.183668
1.168892
1.149081
1.154177
1.159565
1.171605
1.181859
1.197156
1.197046
1.212303
1.218709
1.228596
1.222955
1.222856
1.224738
1.192864
1.199559
1.197655
1.206358
1.217136
1.232781
1.233575
1.231150
1.262415
1.266753
1.261970
1.274391
1.282924
1.290619
1.287793
1.277580
1.272281
1.254274
1.223983
1.230022
1.228873
1.236112
1.250067
1.230940
1.233552
1.237992
1.253189
1.270916
1.265009
1.271519
1.271975
1.273286
1.261677
1.235569
1.239911
1.250827
1.246764
1.245821
1.268802
1.272243
1.254309
1.247012
1.249755
1.239611
1.219828
1.228820
1.232784
1.228633
1.235490
1.239327
1.241299
1.223869
1.229974
1.218622
1.228392
1.201783
1.185986
1.151131
1.147377
1.155853
1.197548
1.187891
1.192537
1.205824
1.209025
1.211972
1.215301
1.213694
1.209451
1.194479
1.168391
1.170160
1.164902
1.130151
1.120842
1.120365
1.118915
1.110594
1.118136
1.139776
1.146556
1.150724
1.157590
1.173492
1.179041
1.157412
1.156831
1.148349
1.152067
1.148556
1.143490
1.143899
1.133464
1.123509
1.132536
1.123230
1.106087
1.109730
1.113281
1.107953
1.088528
1.091838
1.091583
1.099163
1.107162
1.085326
1.072228
1.076041
1.080103
1.098928
1.115446
1.108551
1.102956
1.094614
1.091580
1.075895
1.087741
1.084485
1.074847
1.079942
1.087268
1.063592
1.060568
1.074255
1.095215
1.113041
1.122378
1.115195
1.119163
1.118397
1.135904
1.146764
1.152202
1.152206
1.171088
1.153430
1.137710
1.127150
1.146652
1.153982
1.146212
1.143775
1.137627
1.155228
1.162202
1.145942
1.145075
1.144097
1.156632
1.157404
1.134204
1.146539
1.156404
1.157911
1.173025
1.170799
1.154905
1.146183
1.171410
1.189566
1.212294
1.213306
1.230989
1.238817
1.233650
1.256556
1.249893
1.257727
1.241279
1.239342
1.256593
1.275167
1.290940
1.278456
1.288178
1.288506
1.270043
1.243272
1.223471
1.216921
1.207286
1.232020
1.236514
1.254001
1.252174
1.244525
1.235829
1.252419
1.258712
1.249567
1.242602
1.256765
1.254928
1.260155
1.274296
1.283071
1.264257
1.253519
1.231038
1.254419
1.243747
1.257942
1.270294
1.274791
1.267170
1.268850
1.282701
1.297578
1.304418
1.325604
1.304504
1.330578
1.309314
1.312101
1.308498
1.293363
1.273264
1.290828
1.311174
1.296732
1.291013
1.304061
1.302014
1.301120
1.322197
1.329917
1.349403
1.329864
1.326819
1.320451
1.322013
1.329103
1.321488
1.306368
1.281549
1.285736
1.295372
1.304429
1.304003
1.281423
1.277666
1.262931
1.262934
1.269471
1.250661
1.236487
1.232509
1.235820
1.218018
1.234561
1.219472
1.216594
1.222460
1.226384
1.225876
1.217849
1.207696
1.200972
1.182366
1.176190
1.168965
1.179399
1.188329
1.193541
1.177981
1.194772
1.207956
1.199884
1.227203
1.229304
1.203862
1.205643
1.203284
1.205978
1.199386
1.196842
1.200476
1.212271
1.192595
1.182099
1.171246
1.190227
1.208516
1.204213
1.183386
1.200871
1.180362
1.167053
1.186736
1.193890
1.206672
1.214814
1.218141
1.216852
1.225431
1.210282
1.212657
1.194858
1.193948
1.191966
1.209562
1.216461
1.227919
1.222623
1.211355
1.215951
1.219056
1.235731
1.252952
1.252601
1.257938
1.252827
1.248498
1.230601
1.230554
1.245806
1.221273
1.237351
1.221421
1.226463
1.205554
1.198274
1.180036
1.180109
1.181884
1.193378
1.198661
1.200204
1.208489
1.175172
1.175909
1.196599
1.210272
1.191286
1.191777
1.198475
1.183610
1.191350
1.187118
1.186815
1.185471
1.179815
1.186232
1.185836
1.184918
1.183068
1.151363
1.148940
1.161294
1.170906
1.173363
1.153456
1.136986
1.132281
1.152791
1.147442
1.145639
1.134906
1.154401
1.144091
1.146473
1.148102
1.154099
1.157011
1.168712
1.174199
1.189075
1.188696
1.215819
1.206127
1.205868
1.207090
1.208433
1.219417
1.222947
1.241728
1.232429
1.249455
1.247989
1.230358
1.218520
1.197498
1.190515
1.200748
1.202071
1.178871
1.174657
1.171245
1.180561
1.171571
1.172925
1.176447
1.174819
1.155826
1.137098
1.143727
1.144361
1.123774
1.128189
1.134297
1.121766
1.121861
1.121330
1.127768
1.151995
1.135406
1.155843
1.152169
1.166240
1.171473
1.172477
1.184891
1.184526
1.173757
1.176193
1.164763
1.182616
1.193097
1.210662
1.206699
1.210675
1.214049
1.194583
1.185706
1.211382
1.216582
1.212506
1.216546
1.228035
1.217448
1.210780
1.230982
1.239016
1.233880
1.245939
1.273385
1.273011
1.264082
1.261075
1.246231
1.227905
1.231043
1.230117
1.222304
1.219390
1.195061
1.171762
1.162830
1.153001
1.149995
1.160119
1.168465
1.153619
1.152875
1.146202
1.142750
1.155719
1.172298
1.146380
1.161668
1.167434
1.162042
1.162905
1.163196
1.156045
1.171000
1.159312
1.151432
1.143063
1.152650
1.157463
1.158823
1.154565
1.173535
1.196561
1.182258
1.186550
1.174533
1.186835
1.191189
1.183683
1.200003
1.186054
1.203672
1.193026
1.179743
1.183145
1.177606
1.181778
1.177539
1.162007
1.159532
1.149897
1.139182
1.136240
1.150693
1.125750
1.114536
1.136233
1.142570
1.165679
1.171198
1.180170
1.195262
1.200759
1.202067
1.229034
1.224649
1.253784
1.239320
1.243170
1.241235
1.234942
1.242147
1.229537
1.219823
1.216761
1.209640
1.205034
1.202298
1.206920
1.210916
1.204951
1.192531
1.195275
1.198073
1.193330
1.192266
1.185746
1.203844
1.188339
1.177210
1.175899
1.179593
1.184491
1.196214
1.182849
1.163900
1.175860
1.195718
1.199958
1.186606
1.174850
1.175014
1.161278
1.164080
1.150888
1.154526
1.164908
1.159570
1.169043
1.163231
1.180816
1.185129
1.180568
1.163029
1.178113
1.174282
1.174051
1.193531
1.210434
1.207241
1.188364
1.200976
1.188339
1.186901
1.199577
1.201897
1.205191
1.221222
1.196481
1.188030
1.192537
1.206511
1.214118
1.209056
1.197501
1.214666
1.213156
1.200026
1.201792
1.206266
1.215754
1.210807
1.222955
1.215377
1.204908
1.185970
1.169922
1.166591
1.157383
1.147511
1.172880
1.185452
1.192766
1.192185
1.179361
1.200416
1.195494
1.193215
1.197843
1.210043
1.209064
1.209240
1.215025
1.203664
1.219571
1.225923
1.218672
1.202370
1.198633
1.201911
1.229616
1.247898
1.247928
1.260526
1.253291
1.237765
1.228897
1.197621
1.209482
1.200844
1.199902
1.214254
1.199968
1.211291
1.221008
1.213397
1.217417
1.212073
1.228183
1.235434
1.219246
1.238596
1.249258
1.238203
1.257029
1.231068
1.234598
1.261088
1.278865
1.289692
1.272576
1.291931
1.282951
1.271180
1.273526
1.290941
1.308221
1.316410
1.322598
1.332973
1.340396
1.327404
1.329355
1.319155
1.322093
1.322087
1.313688
1.288825
1.299955
1.313943
1.303539
1.300176
1.286476
1.296155
1.273920
1.261606
1.256725
1.258197
1.266250
1.260599
1.254522
1.273696
1.268954
1.283790
1.291224
1.288898
1.307541
1.316823
1.302815
1.305629
1.299072
1.287325
1.285825
1.273195
1.267551
1.266407
1.296188
1.306930
1.321372
1.340129
1.331371
1.347684
1.351028
1.355739
1.366778
1.364655
1.358748
1.368942
1.387781
1.396674
1.379290
1.385843
1.408056
1.418919
1.438992
1.459435
1.434351
1.450435
1.462107
1.464907
1.442842
1.441325
1.448582
1.448645
1.454401
1.489233
1.498975
1.492300
1.480361
1.454216
1.484683
1.483340
1.491418
1.493496
1.469600
1.449984
1.461269
1.460479
1.492880
1.463761
1.473617
1.496965
1.479005
1.479723
1.464899
1.449302
1.472317
1.473081
1.489632
1.479686
1.492297
1.490425
1.485835
1.501887
1.507092
1.513582
1.529937
1.552694
1.557825
1.582958
1.593305
1.598501
1.632041
1.622601
1.635960
1.619749
1.612659
1.609351
1.588580
1.598371
1.599345
1.616410
1.610962
1.630083
1.649565
1.667913
1.677457
1.710448
1.721553
1.724896
1.717614
1.749268
1.772302
1.789809
1.775759
1.813322
1.847281
1.844028
1.851417
1.870839
1.858623
1.885437
1.898139
1.875610
1.839251
1.853342
1.864029
1.891250
1.892405
1.913939
1.894760
1.925899
1.893589
1.905224
1.903562
1.877769
1.863417
1.838547
1.812755
1.798463
1.790827
1.783573
1.797869
1.796320
1.782546
1.774121
1.787704
1.814944
1.837221
1.829835
1.821818
1.813408
1.804793
1.813303
1.806457
1.777292
1.834602
1.820853
1.786234
1.783838
1.765126
1.800918
1.810452
1.823437
1.818816
1.843630
1.854533
1.861347
1.867990
1.865637
1.858118
1.868301
1.863349
1.870706
1.892240
1.900790
1.845554
1.856970
1.841574
1.861473
1.849166
1.863961
1.852319
1.857040
1.904579
1.915220
1.932018
1.957938
1.932251
1.955320
1.985976
2.020643
2.006514
2.025705
2.006316
2.018090
1.991997
1.957590
1.972716
1.991836
1.961177
1.968534
1.979419
1.997257
2.018244
2.023544
2.025415
2.019967
1.998792
2.023514
2.028564
2.066117
2.089391
2.102227
2.108448
2.137968
2.173345
2.147005
2.161698
2.180404
2.171907
2.215582
2.203720
2.182949
2.170849
2.157893
2.195139
2.208916
2.171939
2.149497
2.129056
2.152841
2.190521
2.155813
2.149102
2.136441
2.129936
2.182360
2.197965
2.205534
2.227195
2.201947
2.181503
2.172167
2.132549
2.136668
2.134585
2.133063
2.138929
2.171099
2.184812
2.236389
2.239425
2.238476
2.200803
2.170926
2.166397
2.146345
2.170310
2.156439
2.158036
2.120389
2.160027
2.118946
2.124480
2.112565
2.146277
2.139256
2.152414
2.138112
2.127178
2.095350
2.092331
2.073092
2.061813
2.111143
2.072996
2.071015
2.058358
2.057574
2.091797
2.093702
2.095630
2.044559
2.061918
2.045810
2.034783
2.041014
2.043177
2.048177
2.054793
2.033394
2.041693
2.046197
2.027877
2.023239
2.011367
2.018433
2.046742
2.037196
2.025002
2.008961
2.006540
1.982027
1.970599
1.968158
1.937071
1.910062
1.908035
1.892272
1.864205
1.853954
1.853216
1.845622
1.869783
1.919227
1.930769
1.936600
1.930207
1.938952
1.948576
2.006343
2.006203
1.992058
2.015313
1.997276
1.989966
1.964312
1.981957
2.000186
2.033784
2.054460
2.066515
2.056227
2.093635
2.109136
2.133199
2.127860
2.125390
2.093889
2.098469
2.112740
2.058919
2.066920
2.069042
2.092531
2.101024
2.083940
2.052132
2.050676
2.050527
2.071561
2.073659
2.039156
2.030441
2.023124
2.007242
2.032126
2.073984
2.079896
2.081675
2.067929
2.024373
2.046102
2.049379
2.048250
2.064474
2.058980
2.069341
2.064925
2.075689
2.054357
2.054415
2.020298
2.012332
2.032788
2.031192
2.033808
2.044518
2.049539
2.041746
2.054777
2.029057
2.003626
2.032512
1.995224
2.015370
2.007256
1.990814
1.956729
1.942669
1.955716
1.941283
1.924165
1.920191
1.921255
1.956370
1.931568
1.958958
1.979652
1.954240
1.964318
1.977091
1.975629
1.991191
2.014855
2.006570
1.992617
1.995790
2.027910
2.043136
2.043978
2.058882
2.030202
2.043074
2.042709
2.059785
2.067173
2.109847
2.077913
2.044600
2.036472
2.051857
2.028999
2.036134
2.018152
1.991501
1.948961
1.938094
1.943216
1.932964
1.917388
1.944962
1.935329
1.930025
1.914484
1.907411
1.921230
1.915978
1.894993
1.869149
1.881137
1.864022
1.883611
1.875041
1.860556
1.867238
1.896060
1.843782
1.845097
1.806571
1.797838
1.800471
1.792072
1.755951
1.753302
1.762589
1.754394
1.730021
1.733623
1.749628
1.726672
1.729904
1.722539
1.733022
1.702964
1.706892
1.714182
1.715226
1.711336
1.717786
1.684120
1.674463
1.666804
1.672925
1.671316
1.664942
1.687254
1.699472
1.684014
1.692196
1.675756
1.672967
1.679911
1.672487
1.674460
1.668463
1.654494
1.669624
1.679957
1.655694
1.675736
1.659750
1.685639
1.686679
1.683675
1.681730
1.702382
1.731328
1.716179
1.675595
1.659320
1.660381
1.670367
1.669551
1.676414
1.707915
1.717197
1.708795
1.694373
1.703404
1.707717
1.690598
1.677960
1.678335
1.677934
1.687515
1.692113
1.670851
1.667643
1.678796
1.660272
1.648499
1.604698
1.604110
1.616878
1.610596
1.616497
1.619404
1.613516
1.593648
1.593546
1.570235
1.582282
1.570947
1.567210
1.531364
1.523331
1.523313
1.543847
1.535485
1.560126
1.570469
1.574511
1.597260
1.596343
1.591600
1.621173
1.615703
1.625584
1.622542
1.645474
1.627826
1.620478
1.600685
1.584868
1.583794
1.617746
1.634961
1.629645
1.638171
1.591169
1.583231
1.606792
1.576694
1.576743
1.566865
1.577256
1.578751
1.570077
1.561763
1.572229
1.590287
1.576016
1.554188
1.562285
1.568424
1.589090
1.580891
1.557790
1.535385
1.531025
1.537361
1.562226
1.553569
1.530615
1.517730
1.514258
1.517909
1.537403
1.541919
1.558612
1.556958
1.549690
1.550996
1.540116
1.533232
1.543520
1.556341
1.542052
1.548089
1.556192
1.561152
1.580018
1.603628
1.620874
1.623277
1.595568
1.590271
1.611277
1.596866
1.579672
1.563132
1.559016
1.560488
1.551603
1.555913
1.568295
1.549073
1.559645
1.537439
1.534829
1.547199
1.550514
1.567548
1.570669
1.572109
1.571858
1.615670
1.648222
1.649461
1.666344
1.648242
1.647934
1.639880
1.633876
1.659439
1.656103
1.660389
1.693589
1.709870
1.731750
1.746004
1.742649
1.722493
1.757619
1.752202
1.739480
1.752078
1.765151
1.770997
1.761464
1.760189
1.737960
1.729615
1.703636
1.693598
1.703322
1.723360
1.706010
1.712500
1.714928
1.717942
1.745170
1.738398
1.737627
1.732706
1.737771
1.747252
1.739381
1.713882
1.718930
1.694746
1.663349
1.670419
1.650494
1.681615
1.704659
1.683794
1.646508
1.669837
1.673491
1.673971
1.698281
1.668900
1.689967
1.710558
1.706812
1.698343
1.704315
1.706804
1.692341
1.688585
1.690771
1.687644
1.654980
1.653871
1.641406
1.618579
1.593463
1.592786
1.596218
1.579060
1.584262
1.578715
1.589827
1.608664
1.597067
1.609333
1.596132
1.619474
1.642207
1.633017
1.620592
1.629404
1.644368
1.635511
1.638272
1.647574
1.620562
1.649091
1.625271
1.646610
1.636754
1.627407
1.641379
1.657278
1.658118
1.644794
1.655167
1.675696
1.657892
1.661706
1.671282
1.654419
1.692605
1.699384
1.676981
1.701725
1.720283
1.709538
1.728188
1.734796
1.739523
1.748728
1.755045
1.771860
1.783580
1.784034
1.797720
1.804594
1.817758
1.829905
1.817816
1.786872
1.786896
1.792962
1.783501
1.789293
1.761401
1.772795
1.779416
1.773053
1.773259
1.780255
1.801277
1.820410
1.789705
1.805151
1.825651
1.820038
1.798990
1.758896
1.771756
1.793036
1.778822
1.781827
1.799036
1.814990
1.790248
1.761361
1.761093
1.756132
1.760070
1.761319
1.746713
1.729326
1.708418
1.695206
1.711212
1.712765
1.712017
1.720624
1.723870
1.722860
1.718303
1.703274
1.697840
1.704952
1.701045
1.670164
1.657520
1.647617
1.647318
1.651179
1.661138
1.661735
1.661297
1.636657
1.643835
1.634724
1.626737
1.629246
1.630674
1.630480
1.635906
1.624358
1.617014
1.606405
1.627814
1.584080
1.590520
1.578407
1.604616
1.625365
1.650273
1.684726
1.675289
1.684093
1.681828
1.698933
1.688295
1.688664
1.693263
1.696356
1.728662
1.728769
1.730253
1.713756
1.712896
1.729763
1.726035
1.749266
1.774913
1.752326
1.744311
1.728849
1.725860
1.747831
1.761766
1.757962
1.757051
1.786683
1.828427
1.819426
1.846139
1.883298
1.885237
1.921633
1.923893
1.918893
1.914342
1.945353
1.901207
1.892563
1.874852
1.892171
1.858450
1.843049
1.841510
1.876006
1.873744
1.862257
1.865853
1.839752
1.874388
1.894411
1.909190
1.919328
1.910961
1.913428
1.895356
1.879604
1.887339
1.880291
1.851319
1.841053
1.804297
1.785030
1.798422
1.789520
1.790113
1.789207
1.783383
1.804047
1.784415
1.806138
1.817375
1.800292
1.845162
1.859416
1.874395
1.875135
1.886589
1.860408
1.825509
1.826201
1.797742
1.803100
1.787307
1.793350
1.808745
1.819280
1.813926
1.778268
1.782250
1.788204
1.778969
1.783104
1.769588
1.778653
1.777303
1.800088
1.840524
1.831143
1.833823
1.854185
1.855483
1.894006
1.897838
1.896447
1.891182
1.868003
1.886981
1.874670
1.865454
1.862141
1.845255
1.840827
1.805391
1.833292
1.826996
1.843254
1.821237
1.828510
1.808786
1.805110
1.821130
1.854619
1.847694
1.844872
1.832286
1.858902
1.865643
1.885512
1.884511
1.909065
1.916379
1.948034
1.950384
1.968911
1.959649
1.980533
1.990768
2.014645
2.020902
2.048002
2.053714
2.023168
2.051916
2.068962
2.088307
2.113081
2.110816
2.068360
2.063473
2.046844
2.034915
2.037906
2.081840
2.101873
2.102619
2.125593
2.130360
2.138733
2.113615
2.101180
2.121432
2.108433
2.111471
2.123082
2.112304
2.107425
2.095670
2.142371
2.130875
2.109422
2.112732
2.127465
2.145062
2.155670
2.195733
2.209166
2.219324
2.209040
2.164944
2.147965
2.143656
2.144430
2.122987
2.101880
2.114671
2.115017
2.114401
2.133789
2.123507
2.102025
2.115926
2.104663
2.119517
2.104747
2.083352
2.077672
2.097324
2.090783
2.054597
2.051961
2.059442
2.046509
2.031414
2.007321
1.978386
1.958574
1.976000
1.984832
1.952845
1.945038
1.936066
1.951831
1.962970
1.979979
2.009090
1.998664
2.016540
2.020321
2.029885
2.013848
2.026920
2.010577
2.021191
2.001745
2.051233
2.065529
2.048762
2.054612
2.032493
2.046397
2.015375
2.001427
2.024516
2.035368
2.062464
2.053152
2.051541
2.059136
2.063470
2.053446
2.030802
1.985828
1.999509
2.009628
2.002923
2.024890
2.022674
2.054294
2.056232
2.113985
2.127515
2.134119
2.122196
2.118562
2.100031
2.059175
2.047085
2.016181
1.961196
1.965533
1.951362
1.948581
1.960660
1.995454
1.982863
1.965527
1.955153
1.942280
1.925691
1.941596
1.909536
1.933986
1.942386
1.930460
1.933350
1.945834
1.987466
1.973545
1.965736
1.959924
1.950303
1.963881
1.954602
1.964074
1.933210
1.940691
1.948187
1.941189
1.945637
1.903103
1.897554
1.926631
1.922086
1.925150
1.898654
1.838795
1.844517
1.846480
1.839491
1.866183
1.859724
1.873003
1.907218
1.892333
1.891048
1.915291
1.894410
1.899178
1.873741
1.867099
1.859276
1.867216
1.886913
1.894774
1.892998
1.908938
1.907080
1.877996
1.886174
1.893920
1.901377
1.878907
1.851707
1.847860
1.849064
1.845258
1.822789
1.821615
1.833226
1.826014
1.843273
1.860878
1.857188
1.872666
1.898681
1.868954
1.851401
1.847239
1.867470
1.850633
1.864295
1.842286
1.829527
1.804473
1.822364
1.829800
1.800800
1.799583
1.805880
1.819152
1.825826
1.857957
1.837744
1.830450
1.803545
1.784744
1.765490
1.775979
1.765428
1.775814
1.779828
1.793739
1.793010
1.804227
1.775863
1.779957
1.762778
1.772751
1.777479
1.745915
1.766575
1.746988
1.751190
1.717480
1.710325
1.707945
1.705872
1.700344
1.690775
1.687494
1.699106
1.701472
1.693029
1.701784
1.685654
1.685300
1.669083
1.678799
1.683728
1.671288
1.676895
1.712540
1.708351
1.707727
1.674590
1.664646
1.640598
1.646505
1.640769
1.653966
1.652633
1.652276
1.649893
1.636244
1.625072
1.639650
1.670321
1.683382
1.690861
1.658862
1.667175
1.696147
1.702089
1.680376
1.677493
1.662142
1.653906
1.657442
1.649116
1.649290
1.653562
1.668409
1.627559
1.652899
1.675385
1.652234
1.661990
1.659506
1.679582
1.724129
1.721170
1.714811
1.699909
1.679670
1.671935
1.676399
1.669110
1.660166
1.697564
1.676885
1.669633
1.699248
1.685834
1.661300
1.671606
1.662385
1.640045
1.644618
1.652903
1.664240
1.675740
1.662404
1.662904
1.642791
1.684620
1.691973
1.707126
1.693191
1.678924
1.681505
1.695598
1.686740
1.716908
1.714135
1.700805
1.728213
1.740537
1.732917
1.724183
1.726779
1.732345
1.707552
1.741968
1.718949
1.722184
1.705795
1.713572
1.736844
1.764271
1.766944
1.772606
1.766025
1.777613
1.805865
1.789939
1.776592
1.789185
1.790229
1.761514
1.774986
1.798768
1.817228
1.794832
1.771349
1.781788
1.782357
1.818691
1.797347
1.768936
1.781329
1.758303
1.747862
1.749975
1.759956
1.766279
1.758963
1.773745
1.793879
1.815815
1.824763
1.813781
1.811281
1.833571
1.811399
1.846031
1.842600
1.843390
1.829485
1.804535
1.847809
1.868143
1.906495
1.893717
1.893903
1.885155
1.892597
1.892806
1.915193
1.911213
1.873903
1.886170
1.866390
1.884292
1.884911
1.913043
1.954376
1.923528
1.896326
1.885038
1.867052
1.861762
1.847931
1.823282
1.814198
1.826984
1.827258
1.834298
1.831397
1.816317
1.810613
1.827138
1.819435
1.822918
1.829187
1.844161
1.823280
1.790867
1.783339
1.777163
1.770204
1.758105
1.772412
1.764820
1.793654
1.779144
1.777826
1.785245
1.766060
1.783236
1.802236
1.763268
1.775629
1.774582
1.781998
1.770788
1.747188
1.771487
1.765217
1.747220
1.753256
1.713845
1.712257
1.691690
1.684030
1.675280
1.685065
1.694967
1.707224
1.727929
1.734887
1.743825
1.752021
1.751091
1.735661
1.725180
1.735162
1.761863
1.773742
1.764598
1.768717
1.771420
1.763512
1.770159
1.748272
1.719746
1.719797
1.705780
1.718993
1.737444
1.740477
1.712696
1.726059
1.694321
1.688432
1.677559
1.663352
1.676636
1.672749
1.696962
1.737270
1.690855
1.682896
1.723913
1.715974
1.705299
1.728197
1.720487
1.738748
1.750344
1.750796
1.745440
1.755651
1.756966
1.770514
1.775997
1.772903
1.757893
1.749377
1.736339
1.742860
1.745852
1.751113
1.754027
1.782427
1.778128
1.792810
1.782471
1.787767
1.771590
1.764546
1.749586
1.738331
1.759073
1.760669
1.733166
1.729449
1.699700
1.692055
1.729290
1.751715
1.771924
1.784380
1.774513
1.784946
1.798587
1.801069
1.811468
1.811532
1.802454
1.818760
1.828674
1.864932
1.853624
1.854289
1.855159
1.839674
1.837686
1.845821
1.848698
1.855220
1.861899
1.884499
1.873156
1.853523
1.814677
1.809838
1.809588
1.867590
1.874444
1.897245
1.923428
1.915106
1.890826
1.916169
1.914380
1.940768
1.932337
1.927899
1.927186
1.938540
1.945288
1.982293
1.979120
1.997527
1.993021
2.012410
2.002341
2.011384
2.066157
2.079762
2.068760
2.068786
2.050097
2.062176
2.061179
2.074248
2.084515
2.082676
2.085779
2.082669
2.075597
2.051190
2.034088
2.003573
1.993034
1.978543
1.980155
2.002080
1.998764
2.009428
2.023401
2.041736
2.029850
2.065323
2.077215
2.063546
2.090152
2.082786
2.116634
2.108752
2.088046
2.104230
2.152227
2.189943
2.177006
2.190848
2.191935
2.211399
2.211606
2.190204
2.175264
2.206874
2.209626
2.250017
2.283182
2.299114
2.284486
2.284556
2.325781
2.334834
2.373039
2.426692
2.434567
2.484365
2.488353
2.482973
2.481656
2.499828
2.531842
2.517806
2.487393
2.444049
2.432958
2.450915
2.431524
2.448610
2.408513
2.424402
2.419683
2.415253
2.407488
2.406896
2.383734
2.388083
2.393426
2.409220
2.436291
2.455797
2.459596
2.453501
2.452133
2.430469
2.451661
2.449113
2.456288
2.414161
2.434640
2.424546
2.404362
2.394644
2.395687
2.372156
2.392422
2.376290
2.392820
2.383530
2.386306
2.371375
2.326943
2.335563
2.366037
2.362970
2.372441
2.384078
2.349864
2.293378
2.287733
2.280299
2.304075
2.276171
2.244529
2.225887
2.215912
2.232751
2.219250
2.240536
2.249910
2.283874
2.275896
2.243492
2.274880
2.284875
2.292146
2.285188
2.254116
2.284970
2.292609
2.311427
2.304655
2.277074
2.260188
2.241156
2.259901
2.260010
2.271540
2.257524
2.255672
2.244962
2.260715
2.270412
2.293972
2.303678
2.325256
2.364237
2.366768
2.375972
2.366017
2.349481
2.339231
2.326801
2.355041
2.341237
2.390304
2.385385
2.390438
2.396910
2.419018
2.408847
2.367015
2.395069
2.366966
2.374735
2.348701
2.334773
2.340173
2.334158
2.336975
2.345892
2.350871
2.339005
2.329158
2.337413
2.281786
2.329052
2.344126
2.353715
2.370738
2.389830
2.412747
2.374904
2.411950
2.407005
2.406479
2.399085
2.407308
2.401821
2.387507
2.405807
2.390773
2.330195
2.322729
2.337298
2.370845
2.399999
2.405606
2.392969
2.385855
2.401014
2.387998
2.344591
2.359616
2.360490
2.380979
2.385404
2.390501
2.360420
2.380047
2.391751
2.408540
2.391319
2.412780
2.431317
2.419724
2.395178
2.426519
2.417479
2.449291
2.429154
2.409660
2.422074
2.411237
2.391631
2.383497
2.362980
2.389455
2.389066
2.375378
2.379443
2.367125
2.347408
2.356593
2.364852
2.339668
2.346262
2.306386
2.352501
2.331617
2.315031
2.338908
2.370716
2.375562
2.337945
2.328387
2.370496
2.349545
2.326247
2.308743
2.268725
2.230436
2.255911
2.304655
2.289820
2.260701
2.266293
2.224276
2.184062
2.156836
2.149338
2.149025
2.171490
2.138413
2.139033
2.145360
2.130723
2.162821
2.146168
2.182992
2.188303
2.173266
2.180901
2.183364
2.211059
2.214067
2.249398
2.313123
2.320250
2.334158
2.319195
2.357035
2.327868
2.414007
2.388405
2.382943
2.363679
2.387673
2.390396
2.374973
2.406189
2.447838
2.457656
2.423866
2.415204
2.393917
2.436661
2.426457
2.422143
2.428408
2.422860
2.415841
2.421598
2.440282
2.448685
2.413819
2.396335
2.395149
2.374914
2.367940
2.383994
2.368369
2.381113
2.366389
2.332539
2.347864
2.342094
2.325701
2.293303
2.313559
2.332776
2.327969
2.329952
2.308980
2.320929
2.343932
2.343783
2.326552
2.338622
2.337996
2.337430
2.327088
2.377765
2.386175
2.380203
2.424552
2.439573
2.494430
2.476162
2.495541
2.484816
2.443948
2.462005
2.468428
2.467017
2.429657
2.405031
2.410403
2.402390
2.376738
2.340840
2.322719
2.314618
2.309202
2.328305
2.352897
2.319468
2.331100
2.346716
2.350192
2.296139
2.321676
2.311759
2.339172
2.348145
2.340400
2.314473
2.311819
2.306098
2.343347
2.332507
2.360883
2.362135
2.358660
2.393116
2.391744
2.399169
2.410655
2.434279
2.474164
2.468477
2.427866
2.420389
2.440431
2.439105
2.422870
2.424840
2.490254
2.467358
2.462455
2.447578
2.435083
2.416449
2.428667
2.427174
2.443200
2.431742
2.440495
2.411844
2.413227
2.425719
2.434768
2.425109
2.377766
2.376693
2.375607
2.369494
2.376185
2.380247
2.396762
2.421727
2.430662
2.429429
2.461919
2.438080
2.409066
2.408576
2.416413
2.426332
2.447369
2.423893
2.432170
2.414730
2.408857
2.420561
2.381711
2.399040
2.390905
2.374969
2.360660
2.388374
2.369514
2.364488
2.344785
2.320224
2.332902
2.332087
2.341240
2.348013
2.370167
2.342485
2.285325
2.301678
2.341226
2.357885
2.347773
2.344986
2.346657
2.349824
2.333203
2.295031
2.286999
2.309165
2.274551
2.284054
2.265903
2.290398
2.296944
2.276622
2.244444
2.266635
2.276905
2.274372
2.274920
2.235217
2.216411
2.182759
2.209954
2.219686
2.251236
2.274059
2.250573
2.226292
2.239601
2.213104
2.230747
2.244091
2.258009
2.266198
2.290020
2.287521
2.299316
2.300262
2.296787
2.297146
2.286361
2.301148
2.268745
2.269462
2.244134
2.249195
2.238419
2.258689
2.278805
2.272471
2.246068
2.262457
2.260473
2.249038
2.262364
2.244092
2.236524
2.224959
2.224843
2.268882
2.265579
2.254364
2.279993
2.243955
2.212996
2.208921
2.188014
2.150207
2.101781
2.089882
2.063833
2.108272
2.137950
2.165052
2.188231
2.184580
2.184844
2.188191
2.213001
2.244350
2.243860
2.273515
2.261154
2.240394
2.244460
2.292940
2.293965
2.289980
2.341695
2.341114
2.337848
2.365798
2.410790
2.428508
2.422926
2.420347
2.456139
2.421931
2.443171
2.478216
2.486193
2.505117
2.524779
2.495430
2.510525
2.492149
2.514169
2.514454
2.507872
2.555226
2.535498
2.512935
2.521804
2.497340
2.520343
2.553513
2.588346
2.554460
2.576460
2.602371
2.587644
2.569207
2.578995
2.582030
2.605819
2.587721
2.586720
2.560155
2.585935
2.569247
2.592868
2.560620
2.551804
2.576657
2.565386
2.571092
2.581684
2.512284
2.495446
2.472290
2.475289
2.446905
2.476260
2.477275
2.476664
2.471489
2.444898
2.488398
2.517972
2.495168
2.466484
2.471290
2.460978
2.478616
2.488225
2.489332
2.460800
2.430595
2.454010
2.462033
2.469502
2.453674
2.480547
2.467615
2.453925
2.476989
2.499048
2.463488
2.453509
2.422338
2.369003
2.385337
2.395777
2.354315
2.348008
2.355746
2.360869
2.310535
2.274184
2.304725
2.275408
2.271389
2.258558
2.267332
2.275513
2.279492
2.290898
2.253814
2.264895
2.244970
2.261966
2.254425
2.275289
2.256228
2.263442
2.241851
2.222326
2.223557
2.193886
2.161695
2.168041
2.175838
2.171518
2.190547
2.177733
2.178209
2.224191
2.244310
2.191591
2.160131
2.160140
2.169144
2.180630
2.171338
2.152633
2.154439
2.147266
2.153595
2.232573
2.208828
2.205729
2.195498
2.192550
2.221271
2.186684
2.170006
2.198829
2.260106
2.240192
2.263972
2.281841
2.302090
2.328784
2.345250
2.333478
2.289366
2.282614
2.260836
2.267869
2.292618
2.323295
2.331241
2.303982
2.341868
2.341905
2.404290
2.423637
2.415100
2.413284
2.434489
2.379365
2.373264
2.384429
2.439022
2.408795
2.404116
2.404032
2.373754
2.361907
2.339153
2.312980
2.305953
2.324695
2.298525
2.320371
2.337527
2.353990
2.336448
2.315747
2.326392
2.368337
2.350314
2.380607
2.362377
2.345162
2.348311
2.366561
2.342672
2.370843
2.358039
2.373192
2.406570
2.403683
2.400750
2.376453
2.333893
2.302369
2.306191
2.298823
2.321652
2.343420
2.377308
2.387381
2.374364
2.364058
2.360106
2.367333
2.369208
2.362283
2.380301
2.403960
2.419499
2.411907
2.370499
2.377323
2.347910
2.352643
2.336358
2.346102
2.331182
2.355328
2.362344
2.340777
2.336157
2.337513
2.354776
2.359433
2.374920
2.362414
2.387729
2.393654
2.403721
2.396020
2.396043
2.385014
2.430785
2.393487
2.400696
2.413663
2.438647
2.461678
2.481039
2.446246
2.447321
2.423839
2.412773
2.436737
2.442377
2.431361
2.419793
2.427759
2.472690
2.451013
2.443867
2.418583
2.386584
2.375802
2.385709
2.383063
2.367105
2.372759
2.382727
2.395325
2.416728
2.369727
2.377436
2.352857
2.387731
2.420993
2.415598
2.389617
2.400772
2.402404
2.401106
2.448172
2.445083
2.476873
2.495014
2.484258
2.515977
2.515314
2.549483
2.553497
2.511902
2.533512
2.491324
2.500433
2.516430
2.489950
2.494221
2.470391
2.487663
2.501088
2.510997
2.503251
2.475882
2.448451
2.475141
2.489409
2.542019
2.547211
2.534235
2.565105
2.571314
2.605201
2.571028
2.608830
2.629670
2.594042
2.619593
2.622891
2.576476
2.616755
2.654220
2.633422
2.639179
2.607656
2.597135
2.565579
2.538737
2.537148
2.499931
2.497399
2.534977
2.532791
2.565617
2.610113
2.614359
2.629443
2.668817
2.644478
2.588339
2.546338
2.538948
2.569476
2.590400
2.588291
2.581536
2.582178
2.593438
2.558644
2.569460
2.587100
2.593856
2.626181
2.598914
2.594977
2.576048
2.575175
2.559539
2.559757
2.536583
2.500331
2.480494
2.462494
2.442708
2.441384
2.422162
2.402652
2.370540
2.278698
2.261839
2.228848
2.239930
2.202666
2.181300
2.218100
2.234327
2.206238
2.220228
2.210181
2.188750
2.170865
2.132479
2.109723
2.089010
2.123803
2.134081
2.125574
2.133374
2.130869
2.154009
2.140863
2.144975
2.106447
2.142078
2.143619
2.159157
2.142985
2.120126
2.124199
2.126039
2.132123
2.166676
2.185189
2.179515
2.191498
2.205734
2.191839
2.219693
2.229463
2.239305
2.247907
2.257273
2.259160
2.251611
2.288324
2.276979
2.304288
2.313650
2.295918
2.302850
2.306095
2.292959
2.251880
2.246689
2.238987
2.223253
2.167157
2.163958
2.180695
2.191169
2.182810
2.176074
2.176962
2.146996
2.140622
2.121030
2.158666
2.195515
2.214643
2.233335
2.237880
2.242102
2.214715
2.217186
2.238957
2.203267
2.226713
2.229788
2.181717
2.175286
2.190843
2.189506
2.201282
2.175578
2.191033
2.240495
2.274100
2.277180
2.281451
2.296097
2.293573
2.314124
2.309809
2.314938
2.276987
2.283655
2.248667
2.261177
2.269415
2.291304
2.307995
2.338593
2.360366
2.356458
2.339834
2.325704
2.313857
2.326932
2.323694
2.323705
2.324739
2.332810
2.300603
2.290056
2.297859
2.295165
2.302551
2.314804
2.299262
2.324280
2.316112
2.328062
2.344424
2.313030
2.324060
2.326931
2.345880
2.397001
2.408879
2.381649
2.397740
2.409726
2.426906
2.411155
2.427627
2.415472
2.430188
2.439567
2.498920
2.520510
2.505763
2.517929
2.488098
2.490290
2.494197
2.505723
2.471789
2.454854
2.469709
2.460996
2.449590
2.451367
2.446778
2.482512
2.515098
2.508246
2.542822
2.533337
2.555346
2.564409
2.538848
2.541208
2.564407
2.538643
2.513679
2.504258
2.506762
2.499501
2.466161
2.459855
2.444610
2.465787
2.484821
2.466286
2.429171
2.457001
2.464594
2.478536
2.491602
2.489418
2.493827
2.498149
2.504096
2.490516
2.524385
2.531672
2.539370
2.569645
2.557981
2.589400
2.546129
2.525981
2.508991
2.521075
2.527993
2.511529
2.517677
2.484595
2.476639
2.457135
2.450531
2.462805
2.477225
2.473576
2.477333
2.450049
2.442867
2.505242
2.510850
2.514988
2.552025
2.553293
2.520157
2.543139
2.561872
2.534178
2.528202
2.499775
2.530158
2.522120
2.485634
2.463768
2.476973
2.472566
2.455207
2.421066
2.450731
2.404376
2.391900
2.408059
2.429130
2.380412
2.385744
2.399967
2.401139
2.400802
2.448040
2.451898
2.485681
2.522596
2.507964
2.519435
2.552069
2.565657
2.537289
2.515623
2.538303
2.501905
2.496415
2.506260
2.465944
2.461910
2.430926
2.430890
2.414992
2.434956
2.389706
2.380177
2.368167
2.353940
2.339370
2.323514
2.339787
2.347722
2.338678
2.341815
2.345951
2.358506
2.352691
2.348043
2.363168
2.365961
2.359234
2.371325
2.399413
2.382231
2.372359
2.372713
2.371462
2.374191
2.415337
2.383610
2.385333
2.351045
2.340004
2.360110
2.339672
2.322670
2.361873
2.349934
2.344137
2.339992
2.338578
2.346045
2.357332
2.370509
2.374881
2.444291
2.412250
2.420856
2.431343
2.384253
2.405095
2.402131
2.388317
2.382199
2.415342
2.388945
2.382428
2.373947
2.416403
2.463973
2.420353
2.412299
2.431696
2.404058
2.378405
2.372556
2.379913
2.340703
2.350544
2.351242
2.378087
2.399849
2.385569
2.355249
2.373129
2.361122
2.342167
2.312414
2.301644
2.319709
2.306907
2.335264
2.323194
2.312788
2.319649
2.314522
2.307291
2.295928
2.316639
2.326091
2.312901
2.281350
2.284138
2.324188
2.356100
2.329762
2.361031
2.354711
2.364105
2.379052
2.380264
2.375846
2.392351
2.403374
2.397370
2.402744
2.398413
2.415171
2.401405
2.415496
2.382596
2.375576
2.370570
2.342478
2.375528
2.377924
2.357680
2.333370
2.324887
2.301704
2.321323
2.309330
2.290924
2.286611
2.328391
2.321296
2.347727
2.375701
2.379029
2.358487
2.343308
2.375091
2.372531
2.356264
2.359999
2.364014
2.366276
2.356711
2.342364
2.335568
2.335066
2.305027
2.251899
2.298887
2.353523
2.330139
2.323081
2.343222
2.339614
2.307912
2.324685
2.273040
2.300353
2.272748
2.312435
2.322017
2.298726
2.290711
2.319734
2.326343
2.278803
2.270197
2.252018
2.231480
2.235561
2.254039
2.227337
2.234496
2.215694
2.256422
2.277773
2.319948
2.337185
2.330562
2.341151
2.323880
2.330395
2.338143
2.383985
2.438613
2.449528
2.424504
2.427351
2.430602
2.405428
2.443729
2.413194
2.410012
2.420441
2.471465
2.481363
2.493714
2.503759
2.515458
2.494550
2.517647
2.503825
2.491190
2.504806
2.501367
2.483623
2.486412
2.447425
2.387843
2.374411
2.380931
2.386720
2.375567
2.338748
2.379467
2.364956
2.325856
2.348671
2.328426
2.337570
2.317237
2.311977
2.319100
2.307770
2.296987
2.305468
2.325506
2.318320
2.326369
2.361553
2.394983
2.356179
2.336341
2.284734
2.292296
2.280562
2.278453
2.247757
2.235975
2.294013
2.321676
2.346588
2.298110
2.331143
2.343777
2.341523
2.363467
2.383978
2.356377
2.382052
2.369073
2.358210
2.360344
2.362294
2.312597
2.297185
2.304850
2.274199
2.279341
2.248738
2.234039
2.255668
2.305610
2.319518
2.329807
2.328956
2.288907
2.271889
2.266945
2.259727
2.210637
2.152702
2.131885
2.111425
2.088723
2.075724
2.067928
2.074582
2.085028
2.095080
2.099906
2.107364
2.101423
2.087256
2.055021
2.050838
2.026813
2.042832
2.024959
2.037616
2.040244
2.072074
2.089836
2.078051
2.085089
2.095230
2.087371
2.095176
2.093002
2.109287
2.132915
2.118586
2.107627
2.118576
2.155826
2.152553
2.184492
2.191724
2.151818
2.152818
2.156433
2.126005
2.100120
2.111174
2.096963
2.078349
2.066206
2.086541
2.094162
2.103842
2.117442
2.104927
2.131313
2.101679
2.102196
2.072914
2.053970
2.064877
2.077647
2.058748
2.048241
2.023252
2.033291
2.016987
2.025922
2.031261
2.042260
2.069540
2.080092
2.102361
2.098510
2.067777
2.060942
2.077144
2.092842
2.085839
2.089976
2.082221
2.102842
2.086394
2.108549
2.092585
2.068994
2.057130
2.085665
2.054469
2.037010
2.034266
2.018996
2.035517
2.049366
2.050609
2.062180
2.080051
2.067762
2.039285
2.054966
2.074471
2.067914
2.083388
2.083883
2.055331
2.051524
2.041257
2.095372
2.105270
2.089625
2.124665
2.142292
2.145483
2.116827
2.109134
2.121312
2.125478
2.115594
2.088808
2.141052
2.134846
2.134536
2.177149
2.230822
2.230466
2.246373
2.270639
2.265327
2.291439
2.324324
2.341905
2.309066
2.283291
2.320889
2.336976
2.317105
2.277160
2.281334
2.268895
2.272512
2.216617
2.199715
2.201772
2.170502
2.156449
2.155941
2.173560
2.182990
2.193731
2.168272
2.160486
2.168121
2.232655
2.239017
2.227439
2.214834
2.211692
2.182192
2.138317
2.149615
2.134666
2.154884
2.133484
2.141242
2.134033
2.164698
2.183111
2.204893
2.188595
2.216186
2.228174
2.265581
2.313529
2.342777
2.309524
2.308019
2.301026
2.319701
2.317315
2.291211
2.295980
2.283033
2.296758
2.310039
2.352278
2.323349
2.315244
2.291258
2.280454
2.277482
2.277885
2.304078
2.300978
2.298817
2.293460
2.290390
2.284864
2.314867
2.348087
2.316013
2.324235
2.322231
2.249197
2.224013
2.235108
2.227813
2.244499
2.252099
2.206958
2.152268
2.144533
2.128748
2.139146
2.158504
2.159972
2.165581
2.181395
2.199830
2.218081
2.200650
2.224736
2.234140
2.245735
2.253073
2.297492
2.294119
2.271932
2.257025
2.245899
2.232182
2.237149
2.220670
2.204451
2.204099
2.164575
2.152882
2.177492
2.205196
2.214234
2.193460
2.224605
2.235113
2.247971
2.226961
2.252413
2.251088
2.266428
2.303330
2.293515
2.299774
2.278349
2.275295
2.291196
2.316958
2.348083
2.303061
2.329724
2.309615
2.296522
2.294703
2.301319
2.282867
2.254544
2.256454
2.239867
2.238033
2.235084
2.218863
2.240636
2.252410
2.286998
2.279274
2.264326
2.280774
2.260668
2.297600
2.327077
2.302150
2.300892
2.339344
2.351500
2.327700
2.259327
2.231583
2.206651
2.226455
2.217723
2.200395
2.188679
2.173549
2.149416
2.187980
2.174430
2.187909
2.160835
2.167624
2.191771
2.171969
2.183218
2.143414
2.156567
2.112665
2.108339
2.117989
2.142131
2.138008
2.112368
2.134615
2.110431
2.106952
2.129927
2.125328
2.096036
2.118449
2.116086
2.105677
2.104105
2.071821
2.073040
2.074561
2.107895
2.108172
2.121989
2.108143
2.095803
2.068477
2.031922
1.997567
2.021500
2.013779
1.991384
2.022739
2.004000
2.012498
2.010443
2.019233
1.997025
2.017306
1.981692
1.983078
1.954653
1.953432
1.943911
1.944539
1.882434
1.871133
1.902202
1.887776
1.877625
1.894695
1.897220
1.895305
1.879207
1.902414
1.868195
1.868810
1.854616
1.874530
1.856059
1.853400
1.862075
1.839167
1.832523
1.837368
1.870741
1.842216
1.859320
1.889639
1.903405
1.902260
1.875639
1.876415
1.914352
1.913471
1.934885
1.930712
1.896419
1.909983
1.908945
1.895549
1.875381
1.876470
1.891401
1.930355
1.920051
1.906573
1.906440
1.897389
1.910837
1.912904
1.925670
1.936489
1.994010
1.966227
1.970665
1.970126
1.964927
1.979331
1.982337
1.967633
1.939765
1.937900
1.951284
1.935585
1.925735
1.956733
1.959817
1.967894
1.955174
1.932842
1.931745
1.908906
1.899705
1.853851
1.854110
1.838598
1.832681
1.877342
1.890083
1.889729
1.905410
1.924390
1.930725
1.963534
1.976898
1.966175
1.979740
1.956517
1.996048
2.008774
2.000933
2.020613
2.019161
2.016214
2.024308
2.026115
2.006971
2.002285
2.013917
2.029018
2.016240
2.023148
1.992873
1.990124
2.016624
1.975945
1.990775
1.982768
1.975556
1.956851
1.979782
1.989795
2.002584
1.989258
1.982661
1.963208
1.952772
1.956489
1.978649
1.948831
1.943827
1.944972
1.975252
1.999198
2.036499
2.046328
2.045020
1.991104
2.014155
2.017801
2.021519
2.047432
2.056168
2.065281
2.079830
2.050464
2.058868
2.071087
2.040280
2.026915
2.054097
2.074912
2.064676
2.047143
2.075259
2.085234
2.069882
2.045813
2.035024
2.044315
2.043711
2.057356
2.020720
2.003391
2.000568
2.027034
2.030167
2.037110
2.038040
2.046445
2.004434
1.986936
1.999097
1.991465
1.984797
1.971313
1.940274
1.918109
1.892851
1.894927
1.889072
1.855744
1.841123
1.822353
1.824093
1.824434
1.826743
1.823155
1.808565
1.798254
1.757186
1.781589
1.772236
1.750992
1.755417
1.743095
1.746233
1.784687
1.820738
1.780853
1.776591
1.781895
1.787989
1.767062
1.787198
1.785695
1.799462
1.823894
1.810252
1.834103
1.831223
1.841578
1.839740
1.848896
1.840427
1.821202
1.815623
1.812615
1.834799
1.836000
1.837326
1.801620
1.806709
1.793527
1.774190
1.787690
1.769296
1.777179
1.797019
1.819532
1.834933
1.840379
1.826124
1.844418
1.861296
1.878811
1.896651
1.867878
1.838885
1.850438
1.872338
1.847737
1.841791
1.862154
1.849096
1.854782
1.855592
1.875955
1.853423
1.853688
1.865862
1.843044
1.864630
1.869030
1.873225
1.862312
1.866917
1.872116
1.904947
1.867256
1.846430
1.835664
1.820415
1.812987
1.806081
1.816302
1.823690
1.813663
1.816644
1.829329
1.809807
1.839172
1.833899
1.840400
1.845452
1.878787
1.880023
1.882424
1.899944
1.883715
1.882797
1.890674
1.879174
1.906669
1.893602
1.874144
1.876989
1.869817
1.879658
1.877009
1.886182
1.905225
1.908770
1.895899
1.892452
1.895569
1.900313
1.905471
1.918076
1.942787
1.908663
1.876533
1.895679
1.919880
1.911050
1.901809
1.903402
1.916049
1.909415
1.912368
1.891698
1.856807
1.901058
1.892867
1.890610
1.852668
1.847932
1.849998
1.858807
1.854507
1.874140
1.907630
1.871537
1.847890
1.833574
1.827384
1.796278
1.789048
1.807816
1.778452
1.808652
1.817617
1.826626
1.804032
1.839134
1.829574
1.805056
1.813306
1.820075
1.821429
1.829371
1.828307
1.845617
1.856971
1.850835
1.886406
1.910197
1.926346
1.954688
1.918626
1.855560
1.872761
1.866439
1.876976
1.915555
1.866272
1.875624
1.861402
1.892007
1.897585
1.915652
1.927094
1.929447
1.927500
1.950548
1.952414
1.954327
1.941017
1.977540
1.954027
1.951734
1.937968
1.969129
1.955463
1.957991
1.946126
1.935230
1.903891
1.903421
1.917591
1.932957
1.924491
1.937478
1.946795
1.927666
1.924167
1.936129
1.893805
1.899893
1.900906
1.938744
1.924197
1.930731
1.957040
1.979378
1.947510
1.925245
1.921535
1.889533
1.865954
1.857998
1.837602
1.841017
1.833283
1.852896
1.850030
1.876140
1.880196
1.861092
1.846349
1.870760
1.848433
1.876052
1.871026
1.883785
1.910975
1.916405
1.899684
1.902708
1.920062
1.947359
1.969971
1.964448
1.972693
1.998075
1.951663
1.961144
1.969496
1.947161
1.931664
1.931574
1.932919
1.948256
1.979078
2.017817
2.000903
1.968643
1.981604
1.956679
1.944826
1.944985
1.944602
1.959615
1.957231
1.934955
1.933313
1.928151
1.893683
1.877135
1.906071
1.897229
1.869265
1.861587
1.861153
1.844397
1.843783
1.832670
1.842400
1.850051
1.825678
1.857731
1.836964
1.854186
1.828296
1.835034
1.839964
1.844368
1.831742
1.855464
1.884240
1.925070
1.921915
1.883865
1.870770
1.863198
1.853584
1.862187
1.847973
1.856686
1.863858
1.856038
1.852486
1.878611
1.869807
1.857568
1.858632
1.841352
1.851672
1.873609
1.859228
1.882647
1.870836
1.860495
1.873866
1.858985
1.857156
1.864522
1.867489
1.885395
1.865073
1.838368
1.818524
1.809893
1.780153
1.757632
1.755438
1.761772
1.794962
1.774784
1.771573
1.785588
1.742566
1.721466
1.726594
1.718070
1.724850
1.684390
1.661615
1.650222
1.650570
1.636855
1.644082
1.663440
1.689464
1.708276
1.724836
1.744012
1.735397
1.745824
1.734123
1.713699
1.720546
1.728858
1.752748
1.746490
1.756951
1.758432
1.752240
1.757972
1.727808
1.706285
1.725199
1.712229
1.720682
1.726084
1.717740
1.723078
1.723775
1.721178
1.693243
1.722257
1.740147
1.751633
1.773176
1.757119
1.747027
1.715529
1.729845
1.727780
1.751502
1.772565
1.803695
1.824324
1.829151
1.803365
1.818731
1.841406
1.876873
1.864941
1.864985
1.845172
1.856302
1.903048
1.910537
1.884028
1.908069
1.936686
1.917257
1.886154
1.885111
1.865064
1.863422
1.883135
1.885055
1.881634
1.843245
1.844573
1.810100
1.794154
1.768936
1.761211
1.771058
1.742073
1.770294
1.769976
1.794942
1.800292
1.791997
1.805172
1.794018
1.794978
1.809881
1.800423
1.791176
1.797783
1.805790
1.808252
1.828189
1.825115
1.825686
1.785994
1.796661
1.801113
1.791764
1.822563
1.853257
1.872959
1.883472
1.877946
1.839337
1.814868
1.826387
1.815094
1.823402
1.811046
1.829045
1.831062
1.844133
1.807131
1.785498
1.806862
1.782799
1.761755
1.757023
1.767598
1.750427
1.752943
1.772867
1.767665
1.772419
1.776761
1.770087
1.755054
1.733289
1.739682
1.721676
1.721811
1.759538
1.729415
1.705942
1.722329
1.700362
1.685115
1.675918
1.730243
1.721296
1.722168
1.740188
1.735580
1.742394
1.736229
1.750487
1.721351
1.706851
1.742861
1.719031
1.709018
1.703941
1.701234
1.717171
1.729046
1.734368
1.773332
1.769106
1.770900
1.786656
1.799491
1.841548
1.836263
1.836712
1.833376
1.831403
1.849255
1.867953
1.907205
1.887696
1.897675
1.914253
1.880006
1.892824
1.879670
1.915358
1.890585
1.910107
1.955910
1.953475
1.927328
1.928300
1.926340
1.931533
1.924229
1.924124
1.897940
1.885142
1.878382
1.900050
1.880988
1.906741
1.885381
1.883741
1.885709
1.886842
1.869564
1.888019
1.883748
1.878349
1.855572
1.856564
1.864224
1.874216
1.858806
1.853156
1.834840
1.848322
1.823083
1.819323
1.809464
1.818945
1.804063
1.797269
1.796638
1.793030
1.793281
1.799465
1.815261
1.822233
1.850595
1.838187
1.838327
1.830663
1.847988
1.837315
1.830291
1.844297
1.870054
1.871941
1.887621
1.887101
1.886984
1.874184
1.883305
1.870305
1.853795
1.824429
1.818318
1.830894
1.794456
1.803448
1.803178
1.807882
1.821252
1.828422
1.828898
1.817069
1.838526
1.835455
1.826440
1.824796
1.834586
1.847891
1.861607
1.805592
1.778412
1.764649
1.763854
1.772565
1.771413
1.765691
1.740020
1.711479
1.719596
1.706560
1.697334
1.673301
1.667473
1.635136
1.649077
1.622941
1.627305
1.609712
1.607382
1.596202
1.592342
1.618507
1.600499
1.573432
1.562738
1.560424
1.552047
1.550524
1.556232
1.568195
1.552139
1.525408
1.528008
1.522242
1.532277
1.536979
1.555752
1.536188
1.558739
1.546746
1.535811
1.532819
1.553426
1.563445
1.560785
1.545875
1.554670
1.541417
1.515327
1.501324
1.483660
1.460792
1.451724
1.438541
1.446123
1.431390
1.436288
1.427785
1.383184
1.356824
1.391656
1.391120
1.393587
1.412140
1.416308
1.433194
1.404141
1.414671
1.416552
1.407081
1.377684
1.376510
1.359163
1.360844
1.363651
1.384874
1.389082
1.395297
1.396764
1.400703
1.407862
1.405381
1.391157
1.392756
1.384726
1.365019
1.351155
1.359704
1.353704
1.379041
1.394173
1.391183
1.387817
1.383123
1.378338
1.378453
1.376678
1.372194
1.387283
1.393082
1.396482
1.387717
1.395100
1.388099
1.374263
1.360004
1.357185
1.336645
1.296748
1.288769
1.279065
1.275098
1.289743
1.299726
1.315220
1.330647
1.339359
1.334230
1.314056
1.321840
1.319128
1.301445
1.317632
1.315126
1.300202
1.297163
1.301004
1.311511
1.311409
1.299677
1.302171
1.309509
1.308978
1.301546
1.309264
1.320827
1.342646
1.334999
1.330694
1.325829
1.327761
1.340079
1.322448
1.327914
1.328805
1.312980
1.312024
1.336725
1.345920
1.345898
1.341310
1.332397
1.340241
1.296076
1.281636
1.282219
1.285157
1.289144
1.284953
1.293498
1.287863
1.277416
1.282613
1.293215
1.311984
1.309690
1.302628
1.301185
1.308097
1.295622
1.297969
1.305587
1.332254
1.328765
1.321919
1.313334
1.316770
1.287260
1.297120
1.295629
1.293339
1.288799
1.291476
1.283626
1.296394
1.296017
1.305381
1.320541
1.303419
1.284809
1.270993
1.291666
1.299728
1.317219
1.301203
1.288071
1.297183
1.291406
1.306051
1.300250
1.298146
1.304512
1.317655
1.316621
1.335515
1.323248
1.329409
1.308365
1.300551
1.283647
1.278403
1.291706
1.287923
1.282905
1.297669
1.286253
1.310531
1.296865
1.304875
1.307881
1.306105
1.311196
1.303491
1.296236
1.292371
1.290426
1.296429
1.311617
1.297218
1.286824
1.302728
1.287015
1.289604
1.289605
1.279709
1.290069
1.266399
1.267247
1.289494
1.283568
1.284546
1.295286
1.292864
1.292002
1.291008
1.268140
1.283186
1.292227
1.288667
1.315763
1.326514
1.322157
1.317129
1.306076
1.308788
1.295456
1.288481
1.285301
1.277430
1.258285
1.261207
1.241785
1.244590
1.242327
1.247480
1.230859
1.214058
1.228073
1.234729
1.236498
1.247002
1.235315
1.229737
1.232133
1.239344
1.259914
1.239449
1.257515
1.245780
1.239955
1.257875
1.254376
1.263678
1.251012
1.270716
1.274185
1.242773
1.249246
1.232958
1.243995
1.230389
1.224903
1.231468
1.247047
1.252318
1.241752
1.249305
1.264501
1.261134
1.271553
1.279263
1.285579
1.306303
1.301764
1.283720
1.287499
1.263934
1.247255
1.257352
1.249340
1.251447
1.253398
1.246127
1.256827
1.261140
1.263105
1.231889
1.228175
1.225611
1.245128
1.229712
1.247999
1.254565
1.255369
1.241682
1.237834
1.238115
1.237019
1.262509
1.251744
1.264076
1.271285
1.261103
1.272336
1.301422
1.304761
1.293885
1.301760
1.306944
1.319909
1.306506
1.273976
1.269743
1.258046
1.240190
1.248981
1.262457
1.248858
1.268385
1.275847
1.255656
1.262187
1.270257
1.258975
1.243343
1.245076
1.228786
1.249304
1.255872
1.248978
1.235353
1.244761
1.248338
1.242695
1.236839
1.228627
1.215152
1.220546
1.223522
1.218242
1.198397
1.193443
1.214495
1.234284
1.246437
1.252423
1.275209
1.279123
1.286584
1.262889
1.268840
1.287255
1.290130
1.306842
1.295613
1.304821
1.290991
1.306755
1.305404
1.287998
1.289566
1.280420
1.300786
1.298488
1.296749
1.302640
1.316778
1.326568
1.333885
1.343262
1.354917
1.346150
1.341546
1.344052
1.353360
1.357749
1.380561
1.375735
1.388503
1.395031
1.379818
1.387915
1.383545
1.359196
1.357138
1.346914
1.374521
1.352948
1.350529
1.362791
1.371405
1.377074
1.383886
1.385564
1.390592
1.378996
1.393153
1.409475
1.430124
1.408006
1.430136
1.437948
1.432069
1.441449
1.441302
1.448900
1.457770
1.449063
1.423324
1.419518
1.403731
1.411554
1.397901
1.390873
1.373705
1.390992
1.391541
1.379131
1.372093
1.377680
1.395052
1.390057
1.374284
1.380657
1.391584
1.403404
1.397944
1.410217
1.422544
1.443008
1.433416
1.426837
1.434251
1.434065
1.438392
1.437668
1.429031
1.427192
1.404605
1.401350
1.405049
1.428222
1.402058
1.404349
1.415766
1.416040
1.422590
1.424402
1.443183
1.412226
1.427102
1.417833
1.410241
1.418994
1.429607
1.408497
1.387683
1.366777
1.347415
1.355602
1.341187
1.342228
1.318536
1.317320
1.307252
1.286545
1.291570
1.276144
1.278942
1.284401
1.288743
1.268728
1.264956
1.269861
1.286400
1.285249
1.295211
1.320665
1.307461
1.304877
1.319428
1.312518
1.311054
1.324873
1.337747
1.366162
1.340675
1.331163
1.327042
1.351453
1.352234
1.335541
1.351998
1.349323
1.356810
1.346199
1.354023
1.328671
1.312319
1.320153
1.324253
1.312906
1.312214
1.328738
1.335410
1.326773
1.334826
1.334829
1.332252
1.356915
1.333062
1.320633
1.344528
1.349189
1.368046
1.355492
1.367791
1.360831
1.349124
1.372528
1.400449
1.392419
1.412778
1.415699
1.404904
1.446037
1.409965
1.385016
1.364402
1.365722
1.360498
1.348647
1.345236
1.333585
1.338819
1.346007
1.343661
1.357310
1.363249
1.364024
1.378809
1.381396
1.385246
1.390736
1.402758
1.361693
1.356244
1.338985
1.319483
1.324273
1.339848
1.347438
1.359436
1.340884
1.320462
1.317888
1.317284
1.318930
1.321892
1.347897
1.345147
1.349400
1.355298
1.365708
1.355759
1.362406
1.350516
1.344752
1.364302
1.362323
1.360660
1.368440
1.340698
1.310481
1.300100
1.305319
1.337677
1.363395
1.345101
1.332563
1.327404
1.306389
1.301108
1.290407
1.285202
1.295621
1.299200
1.306846
1.301456
1.305736
1.304774
1.307408
1.331214
1.348343
1.361796
1.341640
1.348840
1.334363
1.351044
1.329242
1.324495
1.304949
1.306649
1.316660
1.314260
1.310581
1.311129
1.314037
1.308142
1.295007
1.301328
1.273749
1.255883
1.259806
1.253015
1.251192
1.237201
1.234901
1.239131
1.241251
1.237177
1.254225
1.246760
1.242101
1.258905
1.278278
1.289108
1.283882
1.288298
1.280455
1.290139
1.292151
1.288498
1.285592
1.284961
1.265428
1.257175
1.296828
1.301607
1.297073
1.298338
1.277706
1.273752
1.276033
1.267721
1.267968
1.266856
1.265150
1.253371
1.261358
1.281807
1.290418
1.298564
1.295468
1.312796
1.325789
1.322509
1.325632
1.328653
1.334710
1.319202
1.353124
1.352117
1.336361
1.321792
1.297617
1.301006
1.307875
1.314896
1.330425
1.314975
1.313882
1.321995
1.305627
1.289271
1.266049
1.272061
1.281101
1.285658
1.315522
1.320080
1.329676
1.329489
1.311241
1.314150
1.312352
1.309388
1.300659
1.306423
1.308507
1.314448
1.331314
1.325127
1.312198
1.309745
1.317867
1.327303
1.317696
1.324997
1.313614
1.300947
1.302743
1.305391
1.319498
1.299126
1.315554
1.319140
1.306009
1.293811
1.281197
1.282984
1.300341
1.315120
1.315574
1.297475
1.270060
1.286998
1.269671
1.261659
1.268053
1.247978
1.238539
1.226160
1.228889
1.211161
1.204532
1.195317
1.181425
1.201188
1.201063
1.198586
1.199410
1.232279
1.234113
1.228366
1.225660
1.235364
1.251123
1.268121
1.262484
1.271956
1.270702
1.274350
1.285927
1.297586
1.304304
1.291658
1.308334
1.301614
1.318929
1.328756
1.339251
1.331004
1.334733
1.325302
1.324129
1.297899
1.297140
1.291858
1.297066
1.293420
1.285306
1.295101
1.304525
1.302886
1.304458
1.284945
1.295509
1.313039
1.316913
1.301001
1.302530
1.290205
1.283548
1.282563
1.289918
1.286007
1.292392
1.294053
1.299612
1.287317
1.296390
1.289578
1.280739
1.267857
1.256276
1.248639
1.240631
1.248410
1.249442
1.235891
1.248005
1.236813
1.222144
1.197737
1.186680
1.177995
1.196340
1.202161
1.214030
1.214382
1.220653
1.201016
1.183367
1.191677
1.191211
1.163543
1.173392
1.170467
1.161742
1.155974
1.161877
1.166563
1.168266
1.129614
1.132923
1.140174
1.144331
1.147951
1.139989
1.140434
1.140218
1.129381
1.136232
1.119753
1.117864
1.118801
1.093049
1.072325
1.073378
1.061667
1.066931
1.089679
1.083820
1.101483
1.099900
1.091146
1.087257
1.079060
1.082489
1.073787
1.079544
1.093355
1.093298
1.091896
1.074606
1.070933
1.064464
1.059010
1.058828
1.067809
1.067147
1.064559
1.057224
1.054107
1.025822
1.035852
1.036664
1.040159
1.036585
1.048066
1.056556
1.063494
1.055070
1.039808
1.041455
1.045062
1.056280
1.057117
1.073454
1.085608
1.098589
1.079628
1.082145
1.101515
1.113553
1.123788
1.128258
1.158743
1.149487
1.135573
1.151398
1.146965
1.133700
1.136237
1.144992
1.147798
1.152791
1.160234
1.144051
1.143727
1.144966
1.128009
1.110760
1.120937
1.122513
1.128910
1.125581
1.146038
1.167365
1.155335
1.139732
1.123667
1.102729
1.093989
1.090126
1.092920
1.081984
1.091522
1.096771
1.102858
1.101380
1.104646
1.113312
1.143350
1.143316
1.136340
1.150908
1.126217
1.117863
1.092055
1.076588
1.065978
1.077911
1.068112
1.057282
1.042270
1.041542
1.036486
1.017316
1.012976
1.009775
1.009086
1.010064
1.017365
1.026521
1.053100
1.046251
1.025288
1.048407
1.034439
1.031022
1.025660
1.023025
1.012817
0.996251
0.995427
0.982670
0.975537
0.961496
0.960187
0.968145
0.975359
0.963730
0.954474
0.973546
0.980572
0.960264
0.956330
0.949287
0.948789
0.941766
0.941904
0.949260
0.950892
0.934444
0.956830
0.946921
0.946386
0.947965
0.960171
0.954355
0.945201
0.941618
0.938763
0.945767
0.951149
0.941241
0.940157
0.934545
0.945646
0.949151
0.962304
0.976411
0.960423
0.967001
0.983480
0.979904
0.980268
0.984393
0.990652
0.993011
0.991249
1.015291
1.028449
1.012511
1.021636
1.015457
1.021439
1.018420
1.011026
1.001578
0.994559
1.002850
1.001339
0.999961
0.997028
0.994691
0.999757
1.011179
1.021998
1.037829
1.038153
1.018621
1.028893
1.037771
1.032241
1.043783
1.036636
1.036062
1.040559
1.042313
1.010733
1.005175
1.004192
1.014919
1.007101
1.002355
1.004255
1.001510
1.020949
1.020606
1.020432
1.029773
1.025915
1.030125
1.023441
1.016374
1.014408
1.001442
1.012887
1.020898
1.021715
1.021954
1.011216
1.011336
1.000878
0.981205
0.974451
0.986260
0.982983
0.982804
0.989754
0.979898
0.992198
1.003247
1.018771
1.024039
1.033707
1.037813
1.031597
1.039663
1.045197
1.044220
1.055382
1.039742
1.035902
1.042596
1.050477
1.038573
1.036563
1.041003
1.047743
1.059658
1.071266
1.071758
1.084152
1.097585
1.099487
1.107027
1.109136
1.100838
1.087799
1.072877
1.089007
1.097446
1.106041
1.116923
1.132546
1.134758
1.125853
1.132305
1.129815
1.129936
1.134247
1.129522
1.135734
1.156614
1.186906
1.166184
1.189325
1.189353
1.182372
1.194378
1.206621
1.198394
1.221718
1.202498
1.200256
1.221996
1.239647
1.253606
1.237418
1.252034
1.251427
1.245379
1.238615
1.238544
1.238345
1.246024
1.231903
1.249891
1.247713
1.259257
1.258621
1.253995
1.256578
1.241046
1.245631
1.249915
1.239923
1.253783
1.236856
1.251752
1.232860
1.231910
1.221239
1.219614
1.216424
1.219494
1.209946
1.203032
1.207991
1.216059
1.216971
1.193108
1.202175
1.203027
1.202850
1.215853
1.229207
1.226583
1.222265
1.219147
1.236806
1.223379
1.229445
1.212995
1.222280
1.229767
1.222696
1.224748
1.234951
1.232692
1.241955
1.234720
1.235220
1.220612
1.248578
1.266921
1.269177
1.225030
1.224442
1.214107
1.215191
1.211474
1.213011
1.220425
1.203416
1.215716
1.192185
1.186089
1.162632
1.160505
1.163177
1.174295
1.164050
1.175972
1.155655
1.169567
1.156655
1.182418
1.188468
1.177266
1.177050
1.171937
1.170542
1.153630
1.162329
1.154434
1.166133
1.152362
1.162137
1.143075
1.124974
1.111242
1.122646
1.138097
1.155401
1.162535
1.173485
1.180556
1.197268
1.173783
1.169141
1.174388
1.179440
1.184037
1.187039
1.207303
1.219856
1.229040
1.235168
1.252669
1.257059
1.241984
1.258313
1.248824
1.263874
1.263636
1.255289
1.260300
1.265430
1.286869
1.310695
1.323138
1.294826
1.305886
1.307854
1.330562
1.337911
1.326774
1.331142
1.301671
1.298143
1.296890
1.281446
1.286885
1.310630
1.332515
1.337725
1.330466
1.324050
1.342844
1.349287
1.320923
1.353158
1.334245
1.359426
1.362035
1.370817
1.397981
1.409430
1.425443
1.420792
1.425935
1.440812
1.438297
1.438359
1.425873
1.434679
1.449875
1.448911
1.447877
1.427592
1.427224
1.412044
1.381415
1.378692
1.377573
1.341680
1.334112
1.328932
1.342965
1.352461
1.342823
1.325490
1.323663
1.322990
1.338437
1.323364
1.303135
1.308100
1.289039
1.268945
1.271798
1.276057
1.270701
1.281962
1.282620
1.267218
1.268233
1.237499
1.249751
1.235509
1.224758
1.231386
1.225961
1.249424
1.247946
1.241442
1.247880
1.203512
1.205342
1.195850
1.215008
1.199719
1.201431
1.209591
1.198782
1.200670
1.217824
1.232024
1.212517
1.218088
1.224254
1.210051
1.212186
1.190006
1.178292
1.171814
1.174326
1.165047
1.165819
1.165468
1.157391
1.155209
1.170577
1.157586
1.164289
1.179641
1.167547
1.164745
1.155823
1.160970
1.159453
1.150164
1.131217
1.142331
1.149306
1.145813
1.137676
1.139722
1.124777
1.119529
1.123735
1.150615
1.170573
1.167696
1.154858
1.143139
1.121238
1.115177
1.102235
1.093477
1.098113
1.083474
1.093251
1.093416
1.095090
1.096388
1.094589
1.095416
1.102633
1.113540
1.111535
1.104941
1.093696
1.096136
1.108883
1.114950
1.123248
1.140057
1.146346
1.143031
1.151289
1.160289
1.172353
1.192484
1.166493
1.184445
1.180892
1.190940
1.187372
1.196931
1.199978
1.189796
1.181698
1.202552
1.194471
1.191372
1.196921
1.205488
1.217597
1.217359
1.234109
1.247592
1.242299
1.244528
1.247941
1.253703
1.251859
1.263220
1.251558
1.253925
1.259725
1.260541
1.277969
1.270171
1.274986
1.284817
1.282846
1.269132
1.284276
1.300648
1.306030
1.292654
1.296684
1.298534
1.313045
1.363318
1.353859
1.350681
1.342297
1.352814
1.353787
1.351300
1.351304
1.324415
1.328646
1.329808
1.345331
1.345406
1.330428
1.327681
1.323707
1.325162
1.325320
1.331075
1.352568
1.347254
1.340300
1.327334
1.339126
1.362682
1.346663
1.349049
1.347859
1.338984
1.339532
1.350247
1.335168
1.329242
1.307453
1.324208
1.311253
1.328536
1.324670
1.322879
1.308033
1.297521
1.292837
1.318396
1.326696
1.341339
1.337373
1.334392
1.315922
1.326355
1.299641
1.302649
1.290071
1.298679
1.298227
1.307598
1.309007
1.309269
1.294070
1.314287
1.306478
1.303470
1.308665
1.306354
1.301328
1.289195
1.286340
1.272308
1.263689
1.263213
1.274275
1.268886
1.270940
1.268517
1.267718
1.269987
1.262059
1.233438
1.247355
1.241815
1.230208
1.238865
1.246038
1.259854
1.260006
1.270860
1.249656
1.235902
1.227748
1.231868
1.226075
1.233426
1.237910
1.222018
1.212971
1.205895
1.211041
1.215873
1.216233
1.221958
1.213463
1.194105
1.198117
1.212111
1.205204
1.193623
1.186281
1.180755
1.152908
1.158939
1.161635
1.158865
1.159073
1.155628
1.140474
1.147095
1.148183
1.150812
1.167747
1.161197
1.163679
1.161484
1.170598
1.176157
1.181614
1.170730
1.189116
1.188346
1.184642
1.151025
1.155689
1.144197
1.135327
1.131088
1.118159
1.092578
1.089989
1.092309
1.074661
1.065739
1.065737
1.054682
1.038393
1.036794
1.056470
1.069205
1.075746
1.073282
1.069770
1.072709
1.076943
1.080588
1.066893
1.064204
1.067490
1.068943
1.051928
1.070034
1.065143
1.071737
1.070101
1.064687
1.071862
1.073232
1.072467
1.068272
1.068793
1.051728
1.060550
1.052841
1.045567
1.046828
1.062460
1.062831
1.055475
1.051472
1.051314
1.065667
1.052697
1.058422
1.064991
1.054343
1.040799
1.061473
1.066281
1.067019
1.075814
1.068299
1.061198
1.069860
1.052843
1.055794
1.061429
1.066558
1.064442
1.086813
1.087038
1.099101
1.124663
1.141143
1.143164
1.146378
1.144157
1.118664
1.120805
1.138651
1.137576
1.120903
1.138818
1.129871
1.120698
1.121083
1.113583
1.115736
1.124350
1.152785
1.146932
1.120540
1.119626
1.127306
1.132482
1.154438
1.158763
1.185352
1.182336
1.176462
1.160955
1.156983
1.142248
1.129459
1.116424
1.125212
1.117495
1.115025
1.115238
1.103840
1.100535
1.106999
1.113866
1.128956
1.149794
1.149506
1.165151
1.194464
1.180617
1.192704
1.195363
1.197940
1.214054
1.204998
1.205687
1.198412
1.190453
1.166167
1.167133
1.155721
1.156475
1.162064
1.155407
1.163067
1.195310
1.195271
1.196946
1.174118
1.182446
1.188918
1.195014
1.204541
1.183677
1.184280
1.182210
1.182393
1.174159
1.160914
1.136532
1.141582
1.143275
1.135030
1.122154
1.108526
1.089680
1.079067
1.089913
1.096460
1.111487
1.117341
1.120161
1.134401
1.129051
1.124273
1.156393
1.148841
1.159671
1.174659
1.169318
1.162785
1.178309
1.191677
1.215583
1.233425
1.207775
1.232389
1.206374
1.196832
1.199179
1.172200
1.180350
1.166854
1.165291
1.148377
1.148562
1.158997
1.165054
1.157411
1.143366
1.143952
1.146993
1.169353
1.161152
1.169863
1.184226
1.186893
1.192149
1.187308
1.189494
1.175709
1.174999
1.190514
1.193689
1.215583
1.225116
1.212507
1.212708
1.228381
1.224989
1.235129
1.223753
1.225702
1.238837
1.240260
1.236682
1.251379
1.239987
1.248528
1.244928
1.234715
1.240118
1.242649
1.249149
1.235368
1.226717
1.216498
1.209761
1.199548
1.203071
1.181012
1.173191
1.181119
1.167008
1.160946
1.167138
1.168242
1.179430
1.174613
1.165288
1.148807
1.154809
1.157111
1.150002
1.155714
1.146050
1.153148
1.149922
1.142690
1.142493
1.128188
1.125032
1.139642
1.126043
1.136446
1.131203
1.133067
1.127955
1.126665
1.128116
1.127595
1.140322
1.142953
1.137078
1.141439
1.144561
1.144520
1.153051
1.156305
1.177053
1.175356
1.168097
1.163289
1.168735
1.164115
1.160801
1.163485
1.157592
1.135062
1.120651
1.145490
1.129268
1.127320
1.110843
1.080849
1.088529
1.088069
1.093802
1.114961
1.113610
1.124517
1.133516
1.129840
1.135610
1.127028
1.127900
1.109555
1.102983
1.100981
1.093414
1.104040
1.091465
1.091691
1.115838
1.110859
1.140135
1.136483
1.144155
1.144283
1.135744
1.144569
1.122040
1.128836
1.125767
1.099818
1.090250
1.084272
1.105862
1.096880
1.111460
1.130288
1.120153
1.106097
1.115554
1.103727
1.090736
1.097105
1.092195
1.091944
1.078744
1.064214
1.069831
1.085071
1.093812
1.092996
1.099072
1.103080
1.105963
1.081868
1.088569
1.079372
1.075247
1.081473
1.074767
1.076833
1.079336
1.086020
1.087914
1.101997
1.117975
1.114193
1.104942
1.108674
1.094695
1.081617
1.072196
1.068882
1.064811
1.060042
1.074001
1.090556
1.089618
1.109082
1.114641
1.109578
1.095629
1.084378
1.083278
1.102654
1.096732
1.099469
1.098406
1.102793
1.096358
1.119731
1.119182
1.114313
1.101148
1.104582
1.091390
1.102687
1.114551
1.105335
1.098631
1.097013
1.095635
1.102087
1.099380
1.107750
1.099970
1.109923
1.106074
1.100467
1.092028
1.087631
1.099362
1.101732
1.112793
1.114796
1.125521
1.117157
1.121571
1.136361
1.136623
1.143982
1.156377
1.160176
1.168277
1.193374
1.200214
1.224894
1.226676
1.246659
1.238386
1.231561
1.238261
1.241773
1.233365
1.227195
1.234727
1.234031
1.230247
1.213191
1.209916
1.214415
1.229890
1.218944
1.236968
1.235946
1.216947
1.225159
1.228037
1.224699
1.223353
1.213712
1.216692
1.225382
1.216144
1.223097
1.225579
1.212556
1.218321
1.211000
1.193542
1.200788
1.197146
1.187325
1.176200
1.147582
1.148368
1.154489
1.142059
1.151673
1.136463
1.138103
1.130465
1.144765
1.151790
1.145756
1.149790
1.155676
1.161901
1.150052
1.159181
1.152377
1.167646
1.173154
1.167812
1.157594
1.140117
1.134411
1.122532
1.113810
1.095414
1.085178
1.097820
1.112751
1.110591
1.100193
1.099851
1.086722
1.067954
1.064401
1.082395
1.080070
1.080507
1.088259
1.095287
1.092263
1.093270
1.089268
1.086448
1.079120
1.095869
1.081695
1.071084
1.071281
1.064798
1.061934
1.066427
1.058123
1.061105
1.051263
1.045756
1.047771
1.036293
1.018768
1.008808
0.993721
1.012362
1.019728
1.022953
1.037001
1.036628
1.059208
1.043436
1.045273
1.063282
1.069230
1.066632
1.054893
1.071072
1.068671
1.060358
1.054940
1.051315
1.057580
1.075033
1.074776
1.070382
1.082929
1.101527
1.112732
1.119174
1.117199
1.121949
1.115800
1.113395
1.116266
1.147576
1.168565
1.147696
1.139051
1.137459
1.129515
1.145038
1.165627
1.161077
1.151593
1.147512
1.141383
1.146315
1.126792
1.122986
1.111800
1.103969
1.102376
1.109815
1.082954
1.095316
1.083093
1.072887
1.079094
1.080844
1.068099
1.060363
1.048983
1.063500
1.060011
1.072657
1.064030
1.074641
1.073077
1.064790
1.065316
1.044462
1.048883
1.032946
1.034311
1.030839
1.035078
1.037955
1.029524
1.024748
1.041385
1.045079
1.016381
1.031087
1.045958
1.043764
1.060039
1.054419
1.040672
1.041577
1.032334
1.051286
1.060267
1.052175
1.059847
1.052254
1.041973
1.042510
1.050121
1.059065
1.050449
1.053857
1.046992
1.045198
1.030986
1.045112
1.053709
1.050393
1.039215
1.035900
1.038862
1.031943
1.031102
1.001915
1.021188
1.019788
1.013531
1.002244
1.015370
1.024883
1.027641
1.012398
1.014169
1.016661
1.011231
1.000563
1.007417
1.025317
1.023620
1.015838
1.020651
1.025931
1.034408
1.042669
1.028350
1.041351
1.058256
1.051482
1.031102
1.029544
1.009789
1.020598
1.025434
1.028244
1.036577
1.044269
1.069802
1.047552
1.034372
1.026949
1.017639
0.999327
0.996703
0.983857
0.982163
0.978062
0.982514
0.978335
0.991539
0.989731
0.985942
0.990927
0.988469
0.985326
0.993763
1.005802
1.002223
1.005874
1.005458
1.028754
1.040276
1.047656
1.049661
1.050402
1.048328
1.052610
1.060375
1.078557
1.073559
1.076703
1.084859
1.091952
1.101859
1.113215
1.116626
1.125493
1.120278
1.132402
1.143674
1.143033
1.146390
1.142663
1.147464
1.143742
1.154334
1.135870
1.116491
1.126844
1.111348
1.129660
1.118159
1.119731
1.124808
1.125609
1.131873
1.129832
1.123699
1.122786
1.116432
1.127430
1.129764
1.129792
1.118447
1.112005
1.117808
1.140228
1.148502
1.150016
1.172749
1.176838
1.188218
1.192213
1.192089
1.204164
1.214975
1.218067
1.212931
1.207347
1.216052
1.195456
1.191854
1.190272
1.202220
1.188651
1.173739
1.185652
1.186468
1.202950
1.190746
1.198445
1.203372
1.191396
1.191599
1.198371
1.205373
1.200781
1.216143
1.229497
1.236995
1.226036
1.240245
1.229985
1.216861
1.213007
1.224935
1.223306
1.216637
1.223266
1.210553
1.214289
1.225514
1.204961
1.203201
1.201739
1.196474
1.200453
1.185875
1.174260
1.171154
1.178585
1.185450
1.185097
1.175298
1.187488
1.170192
1.181169
1.170846
1.172219
1.167214
1.152402
1.167185
1.171567
1.167314
1.164318
1.139430
1.141342
1.149225
1.140997
1.137413
1.131851
1.131267
1.143240
1.119342
1.137632
1.129762
1.128709
1.150839
1.164259
1.155141
1.167268
1.158935
1.171741
1.177245
1.180994
1.171577
1.164447
1.146056
1.125281
1.131191
1.118289
1.130566
1.131943
1.140224
1.151980
1.155177
1.145345
1.143787
1.147701
1.148571
1.155303
1.154115
1.153561
1.133107
1.132786
1.121553
1.120138
1.128035
1.137998
1.141719
1.125313
1.120609
1.121014
1.110018
1.097804
1.097217
1.106925
1.105977
1.099041
1.102750
1.101050
1.090665
1.111967
1.100509
1.102146
1.102925
1.113176
1.100851
1.102548
1.114855
1.114518
1.118600
1.114529
1.122752
1.125570
1.119607
1.128924
1.118474
1.109599
1.127875
1.115999
1.117975
1.110250
1.122770
1.121071
1.125902
1.128187
1.110661
1.127411
1.125706
1.122611
1.125548
1.116714
1.112464
1.123827
1.134433
1.136722
1.149608
1.140364
1.144952
1.135606
1.157046
1.153223
1.156881
1.152336
1.159288
1.141807
1.128434
1.128204
1.125871
1.121420
1.132490
1.131715
1.110774
1.117413
1.112844
1.097655
1.085907
1.104267
1.089311
1.093430
1.099839
1.087692
1.109664
1.106605
1.096005
1.090529
1.089538
1.117331
1.134942
1.112735
1.104596
1.111003
1.099712
1.107549
1.128858
1.138404
1.124392
1.128801
1.120886
1.139385
1.138899
1.146535
1.143647
1.161325
1.177209
1.176501
1.160623
1.165013
1.169816
1.155080
1.149772
1.169900
1.194464
1.208303
1.178907
1.192565
1.213183
1.208256
1.199352
1.197496
1.205494
1.212385
1.231625
1.240776
1.258582
1.278958
1.271828
1.276565
1.288805
1.270558
1.271174
1.264501
1.272113
1.296398
1.300754
1.292323
1.268523
1.293046
1.296422
1.281558
1.275244
1.282679
1.291230
1.282750
1.262616
1.274520
1.282547
1.260249
1.274876
1.268817
1.249031
1.261888
1.252197
1.252708
1.255534
1.274130
1.295053
1.294966
1.287028
1.295183
1.287980
1.288578
1.269983
1.287160
1.291201
1.282219
1.268612
1.257106
1.258680
1.227931
1.225516
1.210989
1.197132
1.193953
1.175978
1.184635
1.181663
1.170404
1.168289
1.173742
1.171132
1.170549
1.177409
1.173651
1.172103
1.168366
1.182861
1.177353
1.181109
1.183361
1.192481
1.185726
1.193807
1.185522
1.206206
1.236708
1.234143
1.221785
1.221744
1.229565
1.224290
1.223033
1.239390
1.221365
1.210881
1.205353
1.206213
1.181091
1.175188
1.179732
1.167693
1.162262
1.160437
1.167588
1.141442
1.141209
1.140341
1.137156
1.149462
1.147192
1.173642
1.156001
1.136180
1.123953
1.124333
1.127743
1.117932
1.110959
1.115802
1.118179
1.127469
1.131475
1.130023
1.120651
1.123023
1.112840
1.128464
1.124451
1.132593
1.149829
1.151660
1.171920
1.147509
1.157156
1.147552
1.161189
1.152591
1.165282
1.160148
1.164763
1.143747
1.124899
1.130509
1.129821
1.127455
1.149230
1.136432
1.147745
1.141156
1.132343
1.121573
1.118538
1.141627
1.139818
1.143949
1.123046
1.123856
1.118193
1.122436
1.126612
1.134329
1.129431
1.127142
1.127658
1.130208
1.127941
1.131289
1.136627
1.149228
1.135440
1.148721
1.149880
1.139249
1.161089
1.151577
1.143671
1.128882
1.106668
1.101627
1.098993
1.103978
1.097524
1.095412
1.101147
1.100175
1.111544
1.110058
1.095358
1.091138
1.084492
1.077122
1.082307
1.076210
1.067808
1.088363
1.103678
1.095769
1.099262
1.089586
1.093027
1.094900
1.083082
1.078384
1.075961
1.106301
1.094582
1.086821
1.096117
1.089025
1.099590
1.083852
1.075714
1.062025
1.062966
1.050522
1.056641
1.066730
1.062671
1.050889
1.062740
1.064818
1.064295
1.070920
1.066277
1.055405
1.074747
1.087765
1.091341
1.097839
1.112139
1.115046
1.091305
1.086226
1.087797
1.079492
1.066986
1.065688
1.077468
1.076645
1.081386
1.078303
1.070123
1.086240
1.087555
1.077005
1.071028
1.084288
1.099666
1.086002
1.079481
1.065940
1.073182
1.072837
1.071810
1.083176
1.074223
1.068624
1.085676
1.091665
1.100025
1.111099
1.109503
1.115754
1.107306
1.119152
1.129503
1.124504
1.135051
1.131035
1.131729
1.123745
1.133346
1.132777
1.124751
1.118491
1.096166
1.099587
1.109765
1.118481
1.123221
1.119692
1.122386
1.116376
1.119828
1.120839
1.130167
1.117502
1.126964
1.125462
1.123210
1.112256
1.103295
1.118665
1.098590
1.088815
1.094342
1.082021
1.092812
1.097302
1.072773
1.079057
1.065440
1.050104
1.043456
1.030081
1.036407
1.028705
1.039533
1.042787
1.057867
1.072022
1.063177
1.077509
1.080204
1.083338
1.088679
1.081005
1.087837
1.093657
1.097583
1.103300
1.097400
1.098755
1.088625
1.091875
1.087433
1.082887
1.077528
1.086237
1.078134
1.070132
1.073022
1.072910
1.087038
1.091521
1.108965
1.128280
1.145515
1.176799
1.174251
1.186008
1.210749
1.209947
1.202643
1.218067
1.215938
1.237636
1.235048
1.211525
1.202547
1.199159
1.203423
1.193157
1.199293
1.195799
1.187467
1.158932
1.159023
1.155284
1.163818
1.156889
1.154018
1.170923
1.159619
1.146557
1.143901
1.146098
1.164673
1.149986
1.136600
1.132664
1.135841
1.143819
1.146938
1.139147
1.144212
1.152622
1.155696
1.171628
1.167984
1.174164
1.186729
1.196637
1.202337
1.218157
1.232028
1.239466
1.238272
1.261515
1.241513
1.239725
1.241529
1.238925
1.242184
1.241774
1.245596
1.238302
1.231371
1.204986
1.205770
1.188338
1.173448
1.172267
1.175001
1.162201
1.168993
1.178566
1.189198
1.186130
1.179736
1.189355
1.177149
1.169951
1.182206
1.175768
1.151425
1.158435
1.161920
1.180785
1.191693
1.191831
1.168676
1.178091
1.178630
1.165151
1.166681
1.147980
1.155494
1.150439
1.162626
1.167256
1.166859
1.181642
1.144434
1.135185
1.125658
1.108480
1.121111
1.116654
1.089471
1.082860
1.074469
1.070083
1.074354
1.061078
1.067818
1.063633
1.074637
1.078642
1.074407
1.078245
1.077783
1.072893
1.091224
1.084548
1.085059
1.080809
1.091523
1.102976
1.102117
1.110386
1.113524
1.116641
1.119641
1.128931
1.125022
1.092579
1.083337
1.095596
1.101590
1.106382
1.121234
1.112635
1.119248
1.130023
1.133371
1.152418
1.153099
1.146740
1.136321
1.149331
1.155047
1.155094
1.149007
1.166215
1.174030
1.161855
1.176534
1.175608
1.155530
1.145202
1.145014
1.144414
1.128582
1.142307
1.144846
1.145760
1.144424
1.134671
1.140157
1.138032
1.120720
1.131478
1.113329
1.115849
1.080349
1.072685
1.052053
1.055333
1.051602
1.047522
1.044968
1.027896
1.039944
1.040806
1.032593
1.017057
1.032737
1.023548
1.017402
1.014798
1.012009
1.016788
1.016615
0.998938
0.984184
0.983387
0.995481
1.001070
1.005832
1.033237
1.050253
1.049122
1.043017
1.043387
1.042767
1.037588
1.025186
1.020090
1.011558
1.004811
1.015771
1.024590
1.023384
1.037396
1.036194
1.031143
1.034031
1.044905
1.053010
1.060716
1.051569
1.053365
1.059979
1.064870
1.062801
1.068045
1.068571
1.065729
1.054546
1.068434
1.054347
1.049346
1.064603
1.065715
1.064487
1.062028
1.049946
1.057743
1.035194
1.047088
1.056760
1.027972
1.035558
1.028446
1.026233
1.025687
1.023192
1.028672
1.015431
1.003838
1.006925
1.024655
1.020920
1.028746
1.028710
1.035750
1.014494
1.012042
1.013847
1.027073
1.035255
1.056601
1.074088
1.073019
1.079862
1.075654
1.076364
1.097739
1.102404
1.108255
1.101496
1.099474
1.098278
1.104626
1.112484
1.114246
1.107837
1.110339
1.103675
1.121560
1.118215
1.132351
1.120806
1.133712
1.136961
1.135569
1.124802
1.127374
1.125741
1.127649
1.114091
1.111273
1.122670
1.109580
1.097722
1.103145
1.096469
1.097927
1.090846
1.089263
1.080333
1.083061
1.079912
1.079935
1.078505
1.077677
1.074744
1.091876
1.103827
1.097017
1.097204
1.089217
1.077618
1.082176
1.090027
1.114255
1.102110
1.083027
1.070894
1.071670
1.071429
1.089267
1.081777
1.064195
1.067314
1.096386
1.107638
1.120747
1.126746
1.127300
1.122268
1.113822
1.124840
1.156381
1.160610
1.163672
1.173884
1.147616
1.146392
1.146714
1.137604
1.146662
1.140655
1.171280
1.155692
1.140192
1.134362
1.150992
1.159082
1.174191
1.193485
1.186131
1.216581
1.215277
1.222902
1.217156
1.212154
1.221215
1.193891
1.202069
1.182498
1.180624
1.188862
1.191143
1.180261
1.184347
1.191750
1.168684
1.149985
1.133360
1.107334
1.092013
1.102922
1.104197
1.111649
1.119546
1.126062
1.126094
1.128031
1.125843
1.139224
1.145535
1.145366
1.139597
1.133173
1.130354
1.132213
1.140563
1.138130
1.123224
1.120899
1.130000
1.123547
1.125738
1.127406
1.118855
1.128516
1.135744
1.136224
1.135463
1.147517
1.141008
1.136299
1.127954
1.109581
1.118955
1.114663
1.115942
1.126970
1.128004
1.125692
1.135314
1.144381
1.156103
1.156820
1.145784
1.147303
1.171698
1.154036
1.150789
1.143807
1.160446
1.149754
1.143087
1.155544
1.162444
1.179034
1.191147
1.193354
1.189842
1.184501
1.185150
1.177894
1.187129
1.174978
1.169031
1.165296
1.167176
1.169706
1.159802
1.163713
1.158732
1.172516
1.158088
1.155028
1.160179
1.153467
1.156356
1.159499
1.153367
1.143000
1.164394
1.169984
1.158595
1.156946
1.181051
1.181631
1.184126
1.182238
1.193413
1.224090
1.220506
1.208168
1.201669
1.214462
1.209453
1.182913
1.183414
1.194262
1.198778
1.208744
1.221772
1.208064
1.191987
1.177351
1.193938
1.179534
1.167490
1.176807
1.168679
1.165104
1.157713
1.156427
1.161159
1.165817
1.158686
1.182199
1.186516
1.173491
1.163935
1.162086
1.166153
1.188331
1.202089
1.190714
1.192841
1.206833
1.185498
1.166155
1.152014
1.142618
1.127215
1.131506
1.120788
1.137475
1.149689
1.131105
1.128146
1.139689
1.137383
1.154531
1.168031
1.147264
1.134400
1.116688
1.095928
1.072731
1.082141
1.083444
1.093470
1.084695
1.086971
1.093597
1.090151
1.109841
1.094530
1.101943
1.103897
1.137581
1.138104
1.138947
1.121365
1.117395
1.103863
1.094827
1.110207
1.106442
1.087018
1.081494
1.079139
1.087871
1.102435
1.104662
1.080560
1.078202
1.074993
1.071177
1.070665
1.084801
1.090733
1.100420
1.082771
1.088335
1.099365
1.103346
1.090851
1.105256
1.110261
1.101984
1.111920
1.136411
1.143696
1.133593
1.123590
1.133633
1.133177
1.113714
1.136049
1.128281
1.103593
1.097011
1.108981
1.095867
1.103434
1.107472
1.109469
1.104736
1.113683
1.113958
1.103615
1.095150
1.091074
1.077886
1.078212
1.070012
1.059347
1.083876
1.096146
1.083464
1.068485
1.069519
1.071019
1.081818
1.080019
1.066915
1.076237
1.053836
1.056875
1.053489
1.070845
1.066982
1.071697
1.060796
1.040143
1.057646
1.060615
1.044550
1.050809
1.061738
1.049493
1.061360
1.063742
1.067137
1.058695
1.048583
1.045534
1.034348
1.053892
1.036130
1.054163
1.043792
1.056433
1.047634
1.074486
1.079136
1.076214
1.068188
1.073541
1.078869
1.085902
1.085735
1.092921
1.091920
1.092963
1.086488
1.094787
1.063551
1.069570
1.068483
1.062416
1.049611
1.060750
1.056587
1.060758
1.045344
1.031518
1.027143
1.039640
1.048945
1.040021
1.036628
1.037480
1.046083
1.058851
1.039132
1.039115
1.020710
1.027193
1.033148
1.035804
1.050634
1.071467
1.065986
1.070299
1.075160
1.085777
1.081990
1.075576
1.054610
1.057524
1.062847
1.059013
1.072229
1.071182
1.079111
1.065740
1.068270
1.061131
1.069426
1.081455
1.087922
1.096939
1.087636
1.071852
1.052987
1.048642
1.037892
1.040884
1.044808
1.033871
1.032769
1.040169
1.024437
1.029916
1.038246
1.037965
1.021391
1.018689
1.019547
1.029710
1.024125
1.035164
1.034214
1.036977
1.053852
1.060875
1.077437
1.082448
1.069169
1.085615
1.083125
1.076634
1.088983
1.097042
1.095646
1.105391
1.111740
1.111959
1.128996
1.123694
1.136624
1.150251
1.136069
1.150702
1.160259
1.163274
1.160806
1.160665
1.149960
1.139555
1.148832
1.160262
1.160944
1.174839
1.189826
1.186480
1.176494
1.185869
1.175279
1.199406
1.227852
1.218774
1.222576
1.215897
1.198852
1.200665
1.184806
1.192115
1.195357
1.196069
1.205151
1.201444
1.227753
1.235899
1.217867
1.242353
1.226879
1.247555
1.274954
1.269393
1.263958
1.270326
1.304825
1.334485
1.332734
1.337887
1.323841
1.306976
1.325224
1.307449
1.282733
1.287368
1.282898
1.298278
1.289212
1.296739
1.298273
1.305956
1.304282
1.327872
1.332492
1.325593
1.316748
1.300239
1.298267
1.281526
1.296626
1.285089
1.268964
1.254245
1.243040
1.243192
1.235586
1.211522
1.200982
1.205620
1.202382
1.190925
1.188515
1.177036
1.187860
1.188517
1.180864
1.175523
1.189386
1.185605
1.176810
1.146670
1.142725
1.134819
1.139659
1.140473
1.132788
1.141613
1.143231
1.137284
1.165432
1.177989
1.183654
1.172107
1.170604
1.173204
1.208795
1.198371
1.188426
1.175756
1.156991
1.154779
1.158734
1.163690
1.166412
1.166619
1.157583
1.156319
1.150128
1.147122
1.131648
1.122448
1.120565
1.103980
1.079723
1.070819
1.055373
1.058301
1.062723
1.069678
1.057904
1.070124
1.062434
1.053333
1.044675
1.036534
1.036422
1.048254
1.049016
1.055386
1.051807
1.060355
1.058989
1.043776
1.040234
1.031877
1.050193
1.058285
1.055018
1.035299
1.028930
1.025730
1.021113
1.006651
1.018459
1.047597
1.055803
1.061668
1.064276
1.075841
1.076118
1.075496
1.084917
1.067780
1.082676
1.070226
1.068419
1.089873
1.093496
1.089563
1.099715
1.088112
1.099478
1.089561
1.072133
1.078780
1.066370
1.038665
1.034377
1.047523
1.049808
1.050169
1.033055
1.051739
1.035540
1.049304
1.049809
1.061599
1.051529
1.050223
1.029440
1.030780
1.024322
