1.93485
2.11739
2.12327
2.04974
2.16652
2.18482
2.05836
2.07188
2.09055
2.26521
2.18733
2.15497
2.33143
2.1776
2.20614
2.29247
2.32627
2.36042
2.43915
2.37616
2.46004
2.41331
2.51669
2.42878
2.44503
2.54934
2.55247
2.53191
2.5841
2.49085
2.65861
2.61181
2.58402
2.7017
2.53736
2.70162
2.63794
2.70485
2.74239
2.63537
2.68666
2.71399
2.69415
2.72157
2.72093
2.84321
2.89211
2.89293
2.89516
2.73401
2.8093
2.81426
2.8919
2.84242
2.93989
2.96081
2.88071
2.90008
2.94916
2.94022
2.94224
2.84804
2.93545
3.03717
2.93251
2.93528
2.93819
3.00332
3.01383
3.07776
2.93427
3.01634
2.91238
2.94044
3.07005
3.08956
2.92917
3.09101
2.93059
2.95533
2.94809
2.98906
2.9932
3.07406
3.08317
3.03197
3.03514
3.07183
2.98646
3.04337
3.03713
2.99224
2.9095
2.9312
2.86256
3.00263
2.85653
2.88268
2.90085
2.93835
2.87934
2.82711
2.98981
2.84675
2.90313
2.76343
2.81226
2.92842
2.91605
2.89918
2.87431
2.71948
2.74321
2.81505
2.78525
2.74427
2.8168
2.79307
2.77948
2.75112
2.66976
2.71659
2.6507
2.66167
2.56038
2.66141
2.64524
2.47915
2.48239
2.59586
2.51825
2.55786
2.45049
2.54436
2.46242
2.40236
2.45915
2.34666
2.43758
2.39246
2.29436
2.37055
2.36253
2.29277
2.20048
2.26855
2.27124
2.2605
2.24928
2.07142
2.11814
2.09383
2.17425
2.10024
1.96532
2.1277
1.9825
2.0714
2.06419
1.87286
1.96987
1.93902
1.90998
1.97519
1.78535
1.94107
1.79669
1.74108
1.72984
1.8174
1.71884
1.80476
1.65779
1.68217
1.58308
1.70635
1.5686
1.64261
1.52425
1.58548
1.53732
1.55106
1.4271
1.48189
1.4116
1.39535
1.38505
1.35864
1.38423
1.32092
1.37099
1.33816
1.39137
1.33135
1.23394
1.36053
1.35529
1.23347
1.28947
1.35615
1.32295
1.23253
1.15355
1.17084
1.19872
1.19716
1.1321
1.1164
1.24742
1.11422
1.06349
1.14991
1.08548
1.05181
1.10464
1.14173
0.980324
1.01054
1.1251
0.988493
0.955607
1.1382
1.04506
1.10042
1.03074
0.93249
0.926132
1.06178
1.1028
0.986719
1.04593
1.07241
0.96718
1.02102
0.994694
1.05248
0.946651
1.07035
1.00284
1.08267
1.09803
1.1026
1.00987
0.988027
0.948982
1.05507
1.02687
1.01395
1.00723
1.09503
1.0258
1.02293
1.01933
1.02463
1.14948
1.12543
1.03979
1.00875
1.10673
1.18972
1.12428
1.15711
1.06929
1.12421
1.06725
1.24195
1.18246
1.14057
1.16636
1.28655
1.24287
1.26334
1.17983
1.27742
1.27673
1.20649
1.33046
1.29641
1.40545
1.27324
1.3496
1.35508
1.33554
1.51232
1.4091
1.35976
1.42236
1.47242
1.58845
1.6158
1.48806
1.60285
1.51275
1.66701
1.61845
1.54903
1.68473
1.59094
1.70968
1.65928
1.64737
1.66285
1.81024
1.85652
1.84418
1.74614
1.92486
1.91492
1.89826
1.95223
1.97434
2.02468
1.88352
1.87909
1.98709
2.11533
1.99837
2.12878
2.02559
2.05156
2.02928
2.1178
2.10356
2.21037
2.27833
2.22954
2.14995
2.21239
2.25961
2.26938
2.33439
2.31428
2.39686
2.32618
2.33936
2.4982
2.49375
2.52884
2.38923
2.52483
2.43228
2.5256
2.60985
2.47998
2.5813
2.67327
2.6686
2.6537
2.67924
2.57175
2.64915
2.68349
2.77274
2.63878
2.75281
2.68756
2.83977
2.71578
2.73612
2.75518
2.76314
2.806
2.72844
2.87318
2.82352
2.75293
2.90235
2.90174
2.89216
2.80432
2.86038
2.89937
2.87916
2.91238
2.86444
2.89332
2.85686
2.98623
2.96685
2.93521
3.0679
3.03017
3.04614
2.93533
2.9474
2.91965
3.03556
3.07587
2.95918
2.93563
3.03022
2.93374
2.95152
2.90004
2.93101
3.04646
3.07999
3.03785
3.03306
2.90572
2.88992
2.9932
2.88614
3.01885
2.8814
2.91195
2.87824
2.92063
3.04282
2.88581
2.84592
2.90766
2.99924
2.85333
2.86075
2.99536
2.90679
2.84254
2.83619
2.92914
2.78081
2.89365
2.83971
2.8137
2.7816
2.74717
2.76787
2.73007
2.82519
2.65349
2.67474
2.79118
2.62812
2.73951
2.65497
2.62386
2.64229
2.64458
2.53049
2.66464
2.66151
2.5508
2.5241
2.607
2.47396
2.42815
2.41311
2.45039
2.44761
2.48747
2.32399
2.47165
2.44039
2.38637
2.37446
2.28495
2.25625
2.31617
2.3052
2.27849
2.2759
2.17021
2.122
2.13941
2.09142
2.0629
2.0338
2.10905
2.0005
1.94976
2.10599
2.08127
1.96641
1.95454
2.02667
1.9778
1.93713
1.81197
1.92119
1.84702
1.82076
1.80354
1.75215
1.85163
1.72902
1.82596
1.6558
1.78409
1.58664
1.66436
1.62654
1.69806
1.63789
1.62763
1.64872
1.5227
1.50357
1.57541
1.45506
1.56337
1.41061
1.4627
1.37425
1.44599
1.45329
1.44045
1.31543
1.26786
1.39069
1.27167
1.26395
1.34128
1.24086
1.20101
1.1627
1.19807
1.12051
1.19991
1.19642
1.13549
1.1832
1.20434
1.24613
1.07422
1.03127
1.07303
1.13819
1.14499
1.08305
1.08114
1.17177
1.07608
1.14984
1.0899
1.00311
1.00259
1.06406
1.11313
1.11917
1.12165
1.06523
1.05499
1.01214
0.964077
1.02195
0.992572
0.925967
1.01029
1.09189
1.09681
1.08208
1.04213
1.00682
1.05411
1.09121
0.96583
1.04345
1.00042
1.04939
0.9669
1.09365
1.09399
1.01643
1.04466
1.08728
1.02018
1.04353
1.13102
1.02042
0.982497
1.00281
1.11043
1.18902
1.13229
1.06501
1.04067
1.0778
1.22234
1.25351
1.21887
1.27589
1.13729
1.19401
1.16511
1.2194
1.20945
1.19217
1.30539
1.24849
1.22899
1.25826
1.25355
1.32842
1.4117
1.40158
1.4224
1.35313
1.40883
1.42269
1.3717
1.4242
1.39732
1.41126
1.43511
1.59014
1.64401
1.62828
1.49896
1.52138
1.61668
1.618
1.65128
1.77832
1.74245
1.70377
1.72337
1.66465
1.86922
1.81057
1.73458
1.8218
1.94945
1.90173
1.87274
1.95376
1.87238
1.8878
2.03068
2.03259
2.05852
1.96885
2.0286
2.1463
2.08967
2.20887
2.12166
2.25073
2.17261
2.25081
2.18377
2.27974
2.17247
2.19502
2.2164
2.37375
2.35245
2.35291
2.32497
2.28972
2.4232
2.51404
2.48353
2.35783
2.44501
2.53059
2.4485
2.61816
2.59739
2.62199
2.63819
2.58557
2.59769
2.66751
2.6502
2.70247
2.72753
2.61099
2.60512
2.70872
2.73306
2.81397
2.66993
2.81648
2.87424
2.81753
2.89789
2.86864
2.78381
2.80475
2.91661
2.79374
2.78806
2.8829
2.87774
2.97382
2.96945
2.85303
2.85136
2.90592
3.0001
2.92516
2.88544
2.87028
3.03358
3.02564
3.06437
2.99125
3.05046
2.98178
2.97562
2.97989
2.95466
2.94531
3.04554
3.03272
3.01046
2.91256
3.02551
2.90078
2.99362
2.9364
2.91912
2.97052
2.95795
2.91448
2.9385
2.96535
3.04766
2.93359
2.88965
3.0003
3.02466
2.89317
2.91804
3.03346
2.94264
3.00646
2.82941
2.95627
2.85026
2.9603
2.9483
2.8619
2.91532
2.91805
2.92665
2.80752
2.75002
2.88146
2.88563
2.83597
2.71178
2.7319
2.80976
2.80618
2.63104
2.78667
2.73814
2.67494
2.6599
2.70941
2.6639
2.61781
2.67684
2.67303
2.59116
2.53048
2.56159
2.59818
2.56496
2.43686
2.46084
2.37912
2.42182
2.48548
2.49408
2.30226
2.36966
2.24471
2.24616
2.39107
2.33886
2.23055
2.21015
2.24615
2.2215
2.20261
2.1828
2.0521
2.18231
2.04638
2.18335
2.09732
2.05849
2.08884
1.92258
1.89076
1.92228
1.95238
1.85707
1.89546
1.84221
1.88702
1.83811
1.85727
1.90769
1.7956
1.72534
1.652
1.76651
1.71176
1.75427
1.66313
1.73277
1.54839
1.69817
1.52949
1.64994
1.61801
1.47872
1.55601
1.51301
1.5596
1.38605
1.38822
1.46765
1.4823
1.45273
1.33027
1.29198
1.36109
1.27562
1.39597
1.33658
1.26672
1.33458
1.37265
1.33678
1.26974
1.26265
1.137
1.2319
1.18066
1.27433
1.27344
1.22195
1.24529
1.05851
1.2277
1.08336
1.14072
1.04275
0.99544
1.05064
1.06469
0.992953
1.04872
1.07672
1.0958
1.03627
0.985954
1.1165
1.05649
1.09855
1.03732
0.968678
1.03203
1.09574
0.941765
0.970875
1.00183
1.08115
1.04859
1.01277
1.00172
1.04918
0.992436
1.02748
0.953512
1.05589
0.99064
1.08941
0.930394
0.916392
1.05437
1.11016
1.05061
0.959789
1.06625
1.03482
1.04787
0.998612
1.02617
1.12923
1.11324
1.13962
1.11235
1.17174
1.16218
1.21654
1.14521
1.15822
1.09059
1.15758
1.11868
1.25896
1.24902
1.25763
1.20605
1.17491
1.30515
1.3578
1.22834
1.29737
1.36509
1.34656
1.25331
1.42959
1.28691
1.39271
1.37539
1.45678
1.5099
1.36254
1.40453
1.40784
1.42351
1.52143
1.59849
1.62095
1.55892
1.59281
1.63324
1.66684
1.66602
1.66105
1.5847
1.68743
1.76958
1.63382
1.84803
1.84108
1.72455
1.89681
1.74364
1.80434
1.82238
1.82995
1.84019
1.83733
1.96384
2.03885
2.08994
1.978
2.10071
1.97402
2.04092
2.06844
2.16639
2.05074
2.22064
2.14332
2.13594
2.1849
2.32817
2.31169
2.2691
2.36896
2.31419
2.253
2.24844
2.32442
2.35431
2.41987
2.49888
2.48274
2.54899
2.41235
2.40055
2.41918
2.42718
2.46187
2.63414
2.65008
2.64219
2.56312
2.54396
2.71233
2.67073
2.72426
2.6008
2.68852
2.74269
2.70263
2.69217
2.78646
2.81562
2.76688
2.87533
2.79805
2.87807
2.91409
2.77737
2.87047
2.92576
2.79246
2.81175
2.94894
2.95087
2.97914
2.8618
2.97187
2.85395
2.96401
3.03574
2.8985
2.90734
3.0457
3.06491
3.0604
3.03768
2.98379
3.05606
2.98864
2.96087
2.93196
3.04095
2.96984
2.99565
3.03361
3.03213
2.91999
3.04182
2.96182
2.99514
2.98157
2.96635
3.0686
3.00606
2.89854
2.96724
2.94751
3.06244
3.00735
2.94173
3.05542
2.85885
2.90707
2.97623
2.86175
2.98927
2.89782
2.89237
2.85038
2.98218
2.96672
2.86054
2.87519
2.8564
2.86927
2.8549
2.82461
2.77109
2.72245
2.73514
2.77358
2.86045
2.76338
2.75793
2.66026
2.73745
2.71188
2.73964
2.71519
2.73167
2.63282
2.59994
2.56568
2.52001
2.65797
2.63911
2.64036
2.60732
2.58013
2.46063
2.48739
2.52408
2.46409
2.40149
2.40321
2.30279
2.2683
2.42642
2.33257
2.36261
2.28375
2.16904
2.2599
2.32687
2.26843
2.24191
2.15844
2.08971
2.08737
2.01231
2.11805
2.07262
2.01306
1.96058
1.93342
2.019
1.95537
1.85784
1.92911
1.98212
1.98366
1.86147
1.82974
1.9014
1.88885
1.81448
1.78798
1.73131
1.67614
1.62283
1.66851
1.6
1.64877
1.58841
1.69396
1.60985
1.66077
1.59952
1.50556
1.54515
1.60932
1.57299
1.52206
1.4818
1.4808
1.43767
1.41983
1.37805
1.44266
1.32733
1.35611
1.404
1.41908
1.37855
1.34626
1.29896
1.24008
1.3161
1.14237
1.15239
1.30228
1.25269
1.28108
1.12442
1.21843
1.17335
1.23735
1.16012
1.10992
1.14627
1.17975
1.1274
1.06083
1.17405
1.04342
1.10701
1.00829
1.03342
0.966589
0.985687
0.997308
1.05001
0.952961
1.01643
0.939222
1.11152
1.07993
0.995672
0.943502
0.970308
1.0547
1.01337
1.05935
0.950743
1.08769
0.922365
0.984602
1.02152
1.09499
1.07684
0.947515
1.07489
0.925768
1.05114
1.01692
1.06941
1.03252
0.97973
0.976488
1.02752
1.03524
0.982727
1.04086
1.06105
1.17657
1.15138
1.17953
1.14544
1.10426
1.07009
1.23683
1.23547
1.15696
1.22031
1.13329
1.16096
1.25652
1.13447
1.1495
1.1505
1.23805
1.29928
1.22552
1.38532
1.37089
1.41746
1.25608
1.30538
1.35988
1.45978
1.3795
1.38717
1.36497
1.42699
1.50062
1.44059
1.56582
1.50984
1.46642
1.57347
1.53072
1.61736
1.6393
1.73062
1.55978
1.73685
1.65317
1.7044
1.77096
1.70689
1.86022
1.85025
1.82454
1.90621
1.80462
1.92977
1.85334
1.88161
1.91671
1.89126
2.02901
1.91694
1.98815
2.02095
1.97166
2.15908
2.14453
2.13386
2.15328
2.10701
2.11245
2.09094
2.18467
2.19409
2.22107
2.3362
2.26898
2.27398
2.37382
2.24425
2.28811
2.39606
2.36837
2.49513
2.42618
2.4307
2.4798
2.47918
2.5688
2.59799
2.50238
2.55281
2.61891
2.55106
2.5737
2.57686
2.68747
2.66758
2.58698
2.67614
2.72809
2.67753
2.79291
2.65466
2.84263
2.78348
2.76417
2.72001
2.87344
2.75989
2.85975
2.73582
2.77832
2.8131
2.90055
2.90016
2.94559
2.8739
2.82583
2.89314
2.91636
2.92303
3.01589
2.94799
3.03467
3.02876
2.86894
3.06112
2.9171
3.02931
3.0404
2.89681
3.02387
3.01397
3.07634
3.07941
2.90279
2.95175
3.08546
2.95842
2.97403
3.05901
3.03894
2.9296
3.01352
2.97517
2.90642
3.08815
2.89
3.08339
3.02805
3.05818
2.90843
2.94018
2.88619
3.00867
3.02961
2.99981
2.92964
2.94044
2.87315
2.9868
2.87476
2.8645
2.89319
2.90013
2.77061
2.83316
2.74959
2.85697
2.78272
2.91387
2.81443
2.80125
2.78747
2.78835
2.76525
2.82484
2.74544
2.72869
2.66258
2.75747
2.75984
2.65606
2.70651
2.66907
2.55013
2.67059
2.56159
2.55604
2.55942
2.5911
2.55414
2.42689
2.44917
2.53767
2.53359
2.5043
2.34993
2.29669
2.27903
2.37709
2.27093
2.23615
2.38191
2.18971
2.21393
2.2876
2.18239
2.18772
2.08323
2.12053
2.14342
2.14796
2.17986
2.03572
1.95698
2.0336
1.96469
2.06759
2.06012
1.90998
1.87582
1.9733
1.94444
1.94022
1.89593
1.80192
1.84695
1.71508
1.74611
1.77183
1.66907
1.64238
1.79485
1.67438
1.66565
1.67537
1.53253
1.68944
1.63901
1.65982
1.4896
1.61018
1.45385
1.55574
1.54429
1.48481
1.42357
1.48636
1.34775
1.48923
1.30395
1.39384
1.31904
1.43299
1.339
1.36551
1.36179
1.1993
1.23825
1.32652
1.21168
1.14641
1.30456
1.2824
1.12861
1.21102
1.18467
1.21156
1.23877
1.20385
1.16751
1.1404
1.15477
1.16396
1.02183
1.13786
1.15331
1.02073
1.0373
1.01084
1.06938
1.02428
1.03255
1.10272
1.02786
0.956235
0.918487
1.04469
1.03295
1.07695
0.981675
1.0012
0.983826
0.945643
0.986359
0.917769
1.09324
0.949344
0.917351
1.02047
0.920191
0.970778
1.01065
0.944216
1.05814
1.02808
1.08368
0.96141
0.96742
1.03727
1.09994
1.03789
1.03059
1.02724
1.02865
1.11956
1.12027
1.01403
1.11311
1.12716
1.08242
1.09362
1.09272
1.14972
1.08802
1.10868
1.16392
1.23589
1.23112
1.29351
1.17149
1.21087
1.24128
1.30191
1.23115
1.2319
1.32811
1.41544
1.36027
1.44243
1.43188
1.34462
1.3789
1.41385
1.46664
1.5448
1.40868
1.45817
1.41522
1.53343
1.49041
1.65851
1.67451
1.61855
1.64033
1.66063
1.61458
1.62341
1.72359
1.78255
1.76902
1.75214
1.72553
1.77694
1.83218
1.91118
1.90764
1.8866
1.92072
1.94596
1.83431
1.89573
2.03426
1.92743
2.01746
1.94388
2.09777
2.02453
2.04249
2.04546
2.11553
2.11454
2.08616
2.17178
2.14395
2.13955
2.21534
2.196
2.18297
2.33328
2.24599
2.38202
2.38137
2.27666
2.35133
2.48797
2.38986
2.44207
2.42403
2.54334
2.52252
2.54546
2.53272
2.49884
2.49785
2.52275
2.5613
2.61064
2.72677
2.60425
2.60036
2.63971
2.74834
2.78889
2.67287
2.67527
2.84281
2.77275
2.84669
2.7436
2.88385
2.80571
2.82108
2.87342
2.84107
2.8206
2.804
2.95376
2.87616
2.97526
2.93528
2.85315
2.95931
2.88379
2.99424
2.9498
2.88964
2.89593
2.97901
2.94526
2.9597
3.05798
2.90229
2.95944
3.03694
2.9925
3.03886
2.90906
2.927
2.94498
3.03617
3.09574
2.96856
2.93103
3.08942
3.03159
3.0254
2.98737
2.94581
2.93217
3.07861
2.98221
3.07479
3.04706
2.97537
3.01655
2.88624
2.88211
2.90627
2.87763
2.93931
3.01311
2.91207
2.86044
2.83153
2.88475
2.96575
2.81518
2.93914
2.93159
2.94337
2.91005
2.77266
2.9159
2.74701
2.71305
2.77092
2.7335
2.7382
2.82732
2.66528
2.7401
2.7954
2.7862
2.76498
2.66148
2.64484
2.69241
2.63298
2.49953
2.60057
2.62482
2.60803
2.47785
2.56414
2.43417
2.47666
2.39557
2.50307
2.39119
2.38372
2.30212
2.28381
2.36558
2.39296
2.26043
2.36182
2.31957
2.34942
2.23932
2.21794
2.25458
2.26213
2.23916
2.1164
2.20317
2.00395
2.09864
2.08954
2.00062
1.93044
1.90644
2.02518
1.98276
1.84275
1.82205
1.84443
1.85877
1.78243
1.92789
1.86355
1.71372
1.74639
1.74299
1.79085
1.65558
1.77523
1.64228
1.72627
1.681
1.6026
1.6781
1.62231
1.57482
1.59018
1.4888
1.49358
1.45654
1.52337
1.51775
1.39969
1.45616
1.44603
1.43273
1.29291
1.44857
1.28617
1.42646
1.34416
1.34616
1.21391
1.25311
1.21627
1.17992
1.20159
1.18982
1.22375
1.26856
1.17555
1.14782
1.13806
1.14996
1.09019
1.05208
1.20413
1.03953
1.07457
1.1839
1.11874
1.08472
1.03666
0.976799
1.07804
1.04364
1.0249
1.07566
0.976953
1.06007
1.08275
1.03289
0.988258
1.00766
0.960569
1.00787
0.966097
0.994812
1.01808
0.959154
0.915078
0.961641
1.03839
0.938287
1.10063
0.953939
0.933593
1.09283
0.912189
0.960824
0.937537
1.01162
0.943569
0.976366
1.01316
0.961007
0.943809
0.956609
1.13968
0.995878
0.988399
1.14738
1.15625
1.1286
1.00099
1.05141
1.01863
1.21272
1.1472
1.17281
1.24836
1.17239
1.15657
1.2496
1.12025
1.27477
1.29111
1.18026
1.22564
1.30811
1.35581
1.32548
1.37139
1.26589
1.2803
1.27181
1.31637
1.43572
1.43396
1.36958
1.521
1.40436
1.46752
1.48382
1.58426
1.5881
1.5018
1.54526
1.48679
1.5144
1.6627
1.67069
1.74723
1.56901
1.64702
1.79096
1.65781
1.79797
1.80562
1.82329
1.80023
1.74866
1.86183
1.83635
1.78635
1.84671
1.90957
1.85658
2.03161
1.94854
2.02604
1.96644
2.09149
1.96283
2.01074
2.15708
2.1903
2.09203
2.25031
2.26339
2.19266
2.26841
2.28681
2.16747
2.23426
2.22313
2.31542
2.38383
2.29279
2.37384
2.39233
2.40378
2.47084
2.40306
2.53134
2.48774
2.43903
2.54917
2.59965
2.55033
2.58575
2.48267
2.6837
2.52556
2.70303
2.59623
2.73106
2.65784
2.64971
2.61877
2.63546
2.71089
2.74354
2.75467
2.72115
2.78228
2.89035
2.85297
2.80807
2.85932
2.8405
2.79171
2.95797
2.84528
2.82214
2.90422
2.97916
2.95702
2.92311
2.92325
2.9174
2.87098
3.03795
2.93953
3.00248
3.0385
2.95349
2.99307
3.02729
3.06032
2.98332
3.08211
2.98143
2.99846
3.07296
2.9972
2.976
3.00031
2.95822
2.99229
2.90857
2.941
2.97007
2.98214
3.01488
3.07414
3.02095
3.01343
3.02145
3.07751
2.98695
2.96853
2.99477
3.0375
3.00479
2.91407
2.91886
3.02511
2.94545
2.85586
2.92388
2.9569
2.9007
2.97668
2.83201
2.82857
2.94451
2.84922
2.73744
2.86793
2.80771
2.88494
2.75138
2.73122
2.85736
