0.232
0.2504
0.28
0.2228
0.34
0.334
0.3792
0.2652
0.3036
0.302
0.6344
0.3408
0.2932
0.3036
0.3568
0.3532
0.36
0.4
0.3416
0.412
0.3648
0.2628
0.2532
0.3016
0.28
0.174
0.1812
0.2256
0.2428
0.2028
0.2652
0.2392
0.094
0.0928
0.114
0.176
0.14
0.2
0.284
0.2372
0.2388
0.1584
0.3136
0.1172
0.1084
0.1864
0.1504
0.16
0.176
0.128
0.1828
0.152
0.144
0.1268
0.088
0.156
0.112
0.1
0.08
0.0268
0
0.012
0.0068
0.0548
0.0828
0.1068
0.0752
0.0492
0.0328
0.0964
0.0528
0.0168
0.0408
0.0448
0.0272
0.026
0
0
0.0344
0.0128
0.0712
0.0948
0.0272
0.08
0.05
0.0284
0.0216
0.0376
0.05
0.0516
0.0144
0.0256
0.0472
0.0572
0.068
0.0376
0.0564
0.0848
0.1048
0.12
0.1524
0.0512
0.1
0.2052
0.1588
0.13
0.2588
0.134
0.1504
0.208
0.196
0.2892
0.1856
0.18
0.176
0.1548
0.25
0.1508
0.172
0.172
0.1932
0.176
0.1872
0.188
0.196
0.2
0.204
0.2852
0.3088
0.2388
0.1852
0.228
0.2692
0.238
0.2988
0.2332
0.288
0.1932
0.264
0.3024
0.2452
0.2024
0.2388
0.244
0.28
0.364
0.3228
0.2868
0.4288
0.3972
0.3764
0.3644
0.4028
0.3548
0.3588
0.184
0.1752
0.2912
0.1828
0.2408
0.1596
0.3084
0.1352
0.2708
0.274
0.2772
0.3112
0.3088
0.226
0.1276
0.1368
0.1316
0.1308
0.1432
0.2168
0.106
0.2724
0.1852
0.2436
0.2456
0.2388
0.2388
0.1608
0.1376
0.1772
0.12
0.12
0.12
0.1128
0.112
0.104
0.1028
0.096
0.104
0.1
0.088
0.0808
0.08
0.108
0.1188
0.064
0.056
0.056
0.052
0.048
0.044
0.1464
0.024
0.1072
0.012
0.0132
0.016
0.0172
0.02
0.0228
0.0768
0.1096
0.12
0.172
0.1316
0.1192
0.1332
0.0876
0.1632
0.1708
0.1764
0.2188
0.2132
0.214
0.2644
0.1852
0.1708
0.3108
0.3096
0.2104
0.2672
0.2992
0.3112
0.3624
0.4472
0.2956
0.2568
0.2572
0.3868
0.2944
0.3776
0.4744
0.4812
0.5952
0.6328
0.5924
0.448
0.416
0.57
0.3204
0.204
0.2804
0.3332
0.4392
0.5052
0.4176
0.4144
0.5288
0.4092
0.144
0.1848
0.1868
0.2596
0.6108
0.478
0.2708
0.234
0.4056
0.36
0.3988
0.3828
0.4036
0.3632
0.1244
0.3688
0.152
0.228
0.3092
0.2248
0.202
0.3144
0.2452
0.256
0.2184
0.116
0.2048
0.1316
0.1644
0.1136
0.1108
0.0508
0.1172
0.1052
0.1636
0.1728
0.1872
0.2616
0.2228
0.1752
0.2052
0.114
0.07
0.0264
0.0316
0.056
0.0708
0.0488
0.0176
0
0.0464
0.0448
0.0156
0.0492
0.004
0.0316
0.0128
0.0224
0.0604
0.0316
0.0868
0.0464
0.0252
0.0872
0.0448
0.076
0.004
0.0968
0.064
0.12
0.14
0.16
0.18
0.146
0.156
0.382
0.3212
0.3228
0.38
0.448
0.4648
0.426
0.584
0.6292
0.7092
0.4372
0.536
0.58
0.9556
0.6864
0.612
0.56
0.6868
0.6252
0.6012
0.42
0.4588
0.6628
0.472
0.58
0.56
0.4548
0.572
0.448
0.444
0.496
0.456
0.44
0.28
0.392
0.392
0.38
0.4288
0.352
0.344
0.344
0.3748
0.308
0.24
0.2348
0.3948
0.2988
0.212
0.2732
0.4188
0.3908
0.294
0.264
0.204
0.1092
0.268
0.1408
0.216
0.15
0.148
0.164
0.2172
0.152
0.148
0.176
0.136
0.0928
0.126
0.12
0.112
0.1548
0.1068
0.1132
0.092
0.1008
0.1288
0.08
0.072
0.032
0.06
0.042
0.052
0.032
0.044
0.04
0.024
0.036
0.024
0.04
0.04
0.032
0.068
0.056
0.026
0.032
0.036
0.0628
0.0828
0.1052
0.1452
0.08
0.128
0.1888
0.1608
0.1092
0.1488
0.1904
0.1908
0.3416
0.3692
0.236
0.332
0.3588
0.446
0.4492
0.464
0.4508
0.5388
0.424
0.3496
0.5088
0.5392
0.3968
0.512
0.5488
0.6292
0.628
0.566
0.696
0.552
0.5168
0.5732
0.434
0.452
0.6168
0.566
0.544
0.564
0.568
0.3788
0.518
0.456
0.5012
0.48
0.4932
0.494
0.48
0.468
0.412
0.448
0.3588
0.536
0.542
0.412
0.51
0.3852
0.376
0.372
0.364
0.2772
0.348
0.3092
0.3372
0.328
0.296
0.2908
0.248
0.296
0.3088
0.2948
0.2568
0.284
0.172
0.266
0.2468
0.268
0.264
0.232
0.256
0.252
0.3028
0.248
0.244
0.1832
0.24
0.236
0.236
0.228
0.224
0.224
0.22
0.222
0.212
0.2092
0.204
0.2
0.1172
0.096
0.188
0.176
0.1828
0.18
0.176
0.152
0.1136
0.2228
0.166
0.164
0.16
0.0444
0.114
0.2696
0.2056
0.0856
0.1596
0.0504
0.0744
0.124
0.0684
0.0516
0.1028
0.054
0.078
0.1
0.072
0.088
0.0952
0.0628
0.1268
0.084
0.0268
0.1076
0.006
0.0736
0.044
0.0336
0.0204
0.0576
0.0168
0.016
0.016
0.0292
0.0444
0.0172
0.024
0.0228
0.0276
0.0232
0.012
0.008
0.016
0.0496
0.0044
0
0
0
0.012
0.0096
0.006
0.05
0.0396
0.0064
0.0504
0.0868
0.0336
0.0328
0.0424
0.0084
0
0
0.0184
0.0108
0.0344
0.0276
0.0372
0.0556
0
0.02
0.0948
0.084
0.078
0.046
0.0492
0.042
0.1604
0.108
0.116
0.12
0.124
0.128
0.1248
0.14
0.1548
0.134
0.1304
0.1592
0.1928
0.1912
0.188
0.1632
0.168
0.176
0.184
0.192
0.2
0.2072
0.154
0.138
0.2
0.2
0.2032
0.118
0.1
0.1772
0.144
0.1932
0.1364
0.1812
0.2172
0.204
0.192
0.1812
0.1932
0.192
0.2024
0.1336
0.1392
0.1192
0.1724
0.212
0.2492
0.244
0.24
0.244
0.1764
0.2056
0.15
0.156
0.162
0.1504
0.1708
0.1776
0.1176
0.164
0.1532
0.156
0.1184
0.1308
0.1108
0.1056
0.1024
0.12
0.1052
0.096
0.108
0.1
0.096
0.048
0.0488
0.0384
0.0952
0.04
0.048
0.0508
0.048
0.0228
0.032
0.0104
0
0
0.018
0
0.0492
0.054
0.054
0.0268
0.032
0.0468
0.0188
0.042
0.0492
0.0288
0.0368
0.0036
0.01
0.008
0.0308
0.0012
0.0008
0.0016
0
0
0
0
0
0
0
0
0
0
0
0
0
0
0
0
0
0
0
0
0
0.0264
0
0.0096
0.0244
0.0032
0.0044
0.0452
0.0076
0.0028
0
0.004
0.0052
0.002
0.0624
0.0208
0.0156
0.0316
0.0404
0
0.0412
0.0076
0.0664
0.022
0.0448
0.0732
0.0336
0.0612
0.1112
0.0668
0.0572
0.0888
0.048
0.0228
0.0952
0.0232
0.0596
0.074
0.0092
0.0324
0.0772
0.058
0.0804
0.0768
0.1288
0.1048
0.1264
0.0392
0.2236
0.142
0.1888
0.126
0.134
0.1488
0.26
0.1052
0.2752
0.2948
0.2352
0.1772
0.1744
0.1552
0.0928
0.1912
0.2256
0.1524
0.1196
0.1456
0.2316
0.3848
0.1056
0.0848
0.16
0.2
0.18
0.1468
0.1024
0.1156
0.1136
0.1396
0.0896
0.1016
0.138
0.2124
0.1456
0.112
0.126
0.1044
0.1264
0.0436
0.1032
0.1312
0.0828
0.0148
0.0808
0.0784
0.14
0.1256
0.1044
0.0596
0.11
0.1004
0.1224
0.0768
0.1064
0.018
0.0776
0.1172
0.0432
0.0824
0.1036
0.0208
0.0356
0.0316
0.0364
0.086
0.0168
0.0228
0.0368
0.0068
0.0072
0.01
0.0192
0.0176
0.0752
0.0176
0.0008
0
0.0036
0.0644
0.054
0.006
0.0224
0.0316
0.0084
0
0.0016
0
0
0
0
0.0024
0
0
0
0.002
0
0
0
0
0.0816
0.0868
0.0432
0
0.0776
0.0112
0
0
0.0056
0.082
0.1008
0
0.0032
0.02
0.062
0.0896
0.0152
0.062
0.0616
0.1236
0.1028
0.0628
0.0624
0.0468
0.088
0.0708
0.0728
0.1468
0.096
0.1296
0.1484
0.21
0.1584
0.0756
0.2024
0.158
0.2724
0.1384
0.1896
0.2312
0.184
0.2252
0.2268
0.1692
0.2148
0.1984
0.2244
0.1928
0.1844
0.2112
0.2576
0.26
0.2444
0.3564
0.392
0.2168
0.3056
0.2016
0.2188
0.228
0.1876
0.172
0.1976
0.2892
0.38
0.2696
0.2956
0.3632
0.3104
0.2112
0.2288
0.2704
0.226
0.2088
0.2884
0.3384
0.4252
0.2652
0.2604
0.1756
0.2028
0.2484
0.3376
0.3248
0.3284
0.19
0.2004
0.3736
0.218
0.1524
0.1336
0.1808
0.22
0.1516
0.1852
0.174
0.1156
0.1236
0.2224
0.2204
0.1076
0.1652
0.1068
0.056
0.0356
0.0328
0.0844
0.0572
0.11
0.0452
0.0596
0.0472
0.0112
0.0516
0.004
0.028
0.0228
0.0464
0.03
0.0236
0.0396
0.0196
0.0724
0.0156
0.0056
0.0352
0.0312
0.0348
0.016
0.046
0.0992
0.122
0.138
0.03
0.098
0.0788
0.246
0.1744
0.1328
0.2392
0.236
0.4032
0.3808
0.4
0.31
0.3544
0.4304
0.3928
0.5716
0.4456
0.4988
0.4668
0.4312
0.3804
0.5496
0.4836
0.8248
0.752
0.7024
0.5384
0.5528
0.4468
0.632
0.6512
0.536
0.3852
0.4948
0.428
0.5192
0.5796
0.3392
0.5632
0.5064
0.5504
0.378
0.4328
0.3152
0.2944
0.3632
0.3096
0.3192
0.4224
0.41
0.3108
0.2472
0.2152
0.2184
0.3392
0.5248
0.5308
0.3636
0.2752
0.2548
0.3248
0.3508
0.2712
0.2636
0.2768
0.194
0.2428
0.2312
0.296
0.22
0.2172
0.2148
0.0964
0.1196
0.1188
0.1608
0.27
0.2228
0.1232
0.1572
0.146
0.114
0.0792
0.1552
0.0816
0.0884
0.0868
0.1076
0.0996
0.082
0.0504
0.1064
0.0736
0.1524
0.162
0.0704
0.0532
0.014
0.0332
0.038
0.0844
0.042
0.038
0.0472
0.0168
0.0212
0.0764
0.0508
0.0376
0.0588
0.0544
0.0832
0.0464
0.0148
0.0848
0.0956
0.028
0.086
0.0428
0.0864
0.1028
0.1744
0.1732
0.228
0.1912
0.1244
0.1224
0.1292
0.1184
0.1628
0.1576
0.2388
0.1548
0.204
0.2556
0.2772
0.2396
0.2604
0.186
0.2192
0.4284
0.2236
0.2416
0.262
0.2504
0.1796
0.3428
0.1788
0.3016
0.3412
0.2088
0.5624
0.6436
0.7216
0.5556
0.4384
0.6364
0.4472
0.4344
0.4284
0.4088
0.516
0.5568
0.5304
0.4012
0.5296
0.4584
0.638
0.628
0.5268
0.3848
0.41
0.3224
0.3244
0.312
0.2708
0.3748
0.286
0.396
0.388
0.312
0.3576
0.3304
0.1764
0.2464
0.28
0.1564
0.2464
0.3448
0.284
0.2192
0.244
0.302
0.4216
0.2584
0.226
0.2504
0.2528
0.1444
0.2296
0.2716
0.25
0.204
0.2856
0.2736
0.2656
0.2448
0.2616
0.2196
0.1876
0.1684
0.1588
0.15
0.2692
0.2172
0.1816
0.1644
0.1716
0.1508
0.1904
0.1388
0.16
0.1836
0.2016
0.134
0.1692
0.1152
0.0936
0.0616
0.08
0.0828
0.106
0.096
0.0844
0.0748
0.0632
0.0896
0.0504
0.1128
0.0864
0.0492
0.0456
0.0696
0.0176
0.0364
0.0212
0.0016
0.0124
0
0.0384
0.0168
0.0124
0.002
0.0196
0.0016
0.026
0
0.0208
0.0184
0.0236
0.0176
0.018
0.0308
0.0288
0.0548
0.0296
0.0208
0.0444
0.1144
0.064
0.0888
0.0676
0.1696
0.1624
0.1256
0.1488
0.156
0.1396
0.23
0.1532
0.1656
0.178
0.2268
0.2212
0.3204
0.3648
0.2076
0.2676
0.3348
0.3504
0.3612
0.3428
0.364
0.3484
0.3808
0.4272
0.4232
0.4584
0.3888
0.324
0.3296
0.3532
0.3956
0.2856
0.4284
0.4344
0.4668
0.4012
0.3688
0.3604
0.3916
0.3824
0.2492
0.3108
0.404
0.394
0.2272
0.3524
0.312
0.33
0.3196
0.2688
0.2148
0.322
0.2524
0.258
0.1744
0.2148
0.2576
0.336
0.2936
0.25
0.2664
0.1676
0.2024
0.1636
0.1932
0.2268
0.2656
0.1624
0.2152
0.1632
0.1308
0.1924
0.088
0.1596
0.1508
0.1648
0.2308
0.1884
0.2652
0.1432
0.1624
0.2312
0.2188
0.2192
0.114
0.1356
0.2304
0.1144
0.1948
0.1572
0.158
0.1176
0.138
0.1344
0.1072
0.1512
0.0864
0.0684
0.0984
0.0512
0.1264
0.1536
0.0984
0.0704
0.0516
0.066
0.0372
0.0508
0.0292
0.0564
0.036
0.006
0
0.0028
0.0368
0.0204
0.0116
0.006
0.02
0.0192
0.0392
0.054
0.0384
0.1008
0.0624
0.0628
0.106
0.1464
0.1068
0.1244
0.116
0.1376
0.1888
0.2464
0.2364
0.2704
0.2436
0.2396
0.2108
0.164
0.4156
0.4336
0.2368
0.3184
0.3224
0.2372
0.3124
0.4172
0.3092
0.4596
0.6304
0.64
0.704
0.5424
0.5296
0.6152
0.544
0.5856
0.59
0.52
0.3532
0.5012
0.5728
0.6496
0.582
0.3668
0.412
0.4404
0.3212
0.356
0.4216
0.3616
0.318
0.4804
0.3536
0.4084
0.4304
0.4396
0.422
0.3716
0.4584
0.4104
0.448
0.3356
0.3468
0.428
0.3932
0.3048
0.1916
0.1792
0.2676
0.2728
0.1884
0.1884
0.2216
0.1968
0.2432
0.2568
0.1856
0.128
0.1784
0.1528
0.2712
0.2452
0.112
0.1372
0.1156
0.1172
0.0584
0.086
0.1352
0.1164
0.046
0.0956
0.05
0.0584
0.0096
0.0508
0.0708
0.0396
0.0572
0.06
0.1224
0.0092
0.0204
0.0064
0.0608
0.0352
0.0396
0.0572
0.0396
0.0328
0.0976
0.0348
0.0476
0.0632
0.0864
0.0568
0.024
0.0252
0.0676
0.0268
0.0568
0.0088
0.0132
0.0264
0.0312
0.0004
0.0236
0.0256
0.0004
0
0.0212
0.0044
0.0164
0.002
0.004
0.0024
0
0.0248
0.0096
0.0192
0.03
0.0428
0.0244
0.0492
0.0524
0.0292
0.096
0.1088
0.0772
0.078
0.094
0.1364
0.0876
0.1924
0.264
0.172
0.1228
0.1184
0.1456
0.2128
0.206
0.2064
0.174
0.242
0.3076
0.2336
0.2128
0.2576
0.2192
0.1892
0.18
0.278
0.2672
0.3832
0.2564
0.1808
0.1816
0.1616
0.2308
0.2368
0.3376
0.1672
0.2424
0.1876
0.1712
0.3284
0.126
0.3052
0.3224
0.184
0.2104
0.3352
0.338
0.3036
0.366
0.3476
0.35
0.3044
0.266
0.2048
0.2124
0.2232
0.2476
0.1912
0.1464
0.1888
0.1712
0.2872
0.1992
0.22
0.292
0.3348
0.266
0.2
0.1584
0.1548
0.1236
0.0868
0.1196
0.1036
0.2292
0.1748
0.1228
0.1084
0.1212
0.0676
0.0856
0.0344
0.0012
0.052
0.0412
0.0528
0.0168
0.0276
0.08
0.0628
0.0932
0.0856
0.0296
0.0264
0.0276
0.0828
0.0508
0.0284
0.0312
0.0204
0.028
0.0284
0.0124
0.0112
0.0352
0.0084
0.0428
0.0268
0.0032
0.034
0.0268
0.0172
0.0096
0.0256
0.0376
0.0824
0.026
0.0084
0.0008
0.0268
0.0212
0.0024
0.0204
0.0064
0.0192
0.0052
0.0464
0.034
0.0688
0.0448
0.0384
0.0312
0.054
0.0888
0.0416
0.082
0.1644
0.1932
0.2352
0.132
0.2152
0.206
0.1676
0.13
0.2764
0.3024
0.1996
0.2784
0.3184
0.3052
0.306
0.4056
0.2512
0.282
0.2616
0.3144
0.3
0.292
0.2628
0.3524
0.3388
0.3596
0.3544
0.5168
0.3116
0.32
0.3004
0.3752
0.3328
0.3384
0.2092
0.3264
0.4048
0.3956
0.424
0.2812
0.2636
0.302
0.2264
0.24
0.2532
0.2688
0.244
0.3076
0.27
0.286
0.1912
0.2756
0.2308
0.2716
0.1888
0.2828
0.116
0.2296
0.208
0.1752
0.1108
0.196
0.18
0.1088
0.2452
0.1148
0.152
0.1704
0.1624
0.1176
0.1164
0.124
0.08
0.0452
0.1104
0.0872
0.1924
0.0572
0.0336
0.1332
0.1208
0.1456
0.1532
0.058
0.1032
0.0892
0.036
0.1256
0.1392
0.1376
0.1236
0.0504
0.078
0.0368
0.0724
0.0568
0.0308
0.082
0.054
0.0116
0.0336
0.052
0.0312
0.042
0.0376
0.0544
0.0344
0.064
0.0608
0.0484
0.0332
0.0172
0.0332
0.0516
0.018
0.0012
0.0008
0.0096
0.018
0
0.0408
0.0232
0.0028
0.004
0.0024
0.0148
0.0152
0
0.022
0
0.0496
0
0.0112
0.0056
0.0036
0.0092
0.0304
0.0652
0.0412
0.0044
0.0332
0.068
0.054
0.1044
0.0584
0.0652
0.1116
0.1152
0.0444
0.1556
0.178
0.1824
0.1264
0.098
0.1488
0.172
0.158
0.1676
0.2024
0.2328
0.1204
0.2168
0.152
0.2184
0.2192
0.3432
0.226
0.1572
0.192
0.196
0.292
0.2352
0.22
0.3148
0.4288
0.222
0.182
0.1252
0.258
0.2212
0.2308
0.2528
0.4144
0.1908
0.2244
0.0712
0.1556
0.2588
0.3056
0.4328
0.2428
0.2104
0.1716
0.1616
0.1988
0.2172
0.34
0.2616
0.246
0.1892
0.1568
0.1356
0.1148
0.2304
0.1632
0.1924
0.158
0.362
0.3476
0.1292
0.182
0.158
0.2268
0.1864
0.2652
0.1292
0.144
0.0904
0.1432
0.0924
0.1552
0.2336
0.2232
0.2168
0.1056
0.126
0.0856
0.0336
0.0888
0.0492
0.0564
0.046
0.1048
0.1532
0.0196
0.0232
0.0136
0.036
0.0312
0.066
0.036
0.0088
0.014
0.016
0.016
0.0104
0.0168
0.0088
0.0012
0
0.0196
0.018
0.0176
0.0164
0.012
0.0012
0.038
0.0184
0.0044
0.0256
0.0092
0.0116
0.002
0.0036
0
0
0.0068
0.0008
0.0048
0.0124
0.0028
0.0152
0.0112
0.0104
0.0124
0.0692
0.0208
0.0456
0.0216
0.0308
0.0508
0.0328
0.0656
0.0892
0.092
0.1692
0.1552
0.1652
0.132
0.2752
0.2864
0.2784
0.198
0.214
0.17
0.138
0.1812
0.2216
0.268
0.2872
0.298
0.2708
0.214
0.1408
0.1804
0.2028
0.2624
0.212
0.2988
0.2876
0.3792
0.2988
0.4564
0.4596
0.4792
0.618
0.5176
0.2888
0.3856
0.5172
0.384
0.2612
0.2888
0.322
0.3068
0.2376
0.4304
0.4068
0.3196
0.34
0.3336
0.2368
0.1924
0.318
0.266
0.2072
0.3524
0.4448
0.2588
0.276
0.2188
0.2112
0.168
0.1396
0.2044
0.2156
0.2808
0.0592
0.1332
0.1548
0.11
0.0768
0.1452
0.1984
0.1088
0.1196
0.126
0.1132
0.1068
0.1296
0.0888
0.1348
0.1676
0.0912
0.0712
0.0728
0.0712
0.0812
0.0472
0.1056
0.2188
0.044
0.032
0.0232
0.0436
0.026
0.0188
0.0248
0.0296
0.07
0.018
0.006
0.0132
0.0244
0.0128
0.0364
0.014
0.002
0.0528
0.0464
0.04
0.0112
0.002
0.0204
0.0072
0.0452
0.0832
0.096
0.1124
0.0772
0.1004
0.1024
0.09
0.066
0.022
0.0928
0.072
0.1268
0.1712
0.19
0.154
0.1516
0.2408
0.2768
0.2344
0.3944
0.2872
0.2796
0.25
0.154
0.2572
0.294
0.2092
0.2464
0.2432
0.286
0.242
0.3176
0.3264
0.372
0.2784
0.374
0.3164
0.2364
0.2196
0.2152
0.2736
0.2524
0.2688
0.1808
0.334
0.294
0.3416
0.3224
0.308
0.3656
0.392
0.3352
0.3588
0.2456
0.2012
0.236
0.2756
0.2512
0.2008
0.2112
0.2328
0.2876
0.2808
0.2632
0.1376
0.216
0.3244
0.432
0.2612
0.1996
0.14
0.1528
0.1472
0.1152
0.0876
0.0996
0.1284
0.1376
0.1424
0.1032
0.0584
0.1724
0.12
0.1248
0.0984
0.0612
0.0696
0.052
0.076
0.04
0.0748
0.0712
0.0484
0.0424
0.0448
0.0448
0.0716
0.0888
0.0384
0.0272
0.016
0.0356
0.0328
0.044
0.0492
0.0888
0.0404
0.0116
0.0128
0.0208
0.0112
0.0008
0.0204
0.012
0.0024
0.0012
0.0136
0.0312
0.0172
0.0452
0.0788
0.0268
0.0372
0.0332
0.016
0.0228
0.0348
0.0616
0.0744
0.082
0.0924
0.0488
0.1092
0.1828
0.1356
0.1204
0.1684
0.2128
0.2568
0.246
0.2512
0.2972
0.3084
0.2996
0.2184
0.28
0.2092
0.348
0.304
0.356
0.4616
0.4936
0.53
0.514
0.3356
0.4372
0.4668
0.5212
0.5804
0.5508
0.4028
0.4996
0.2976
0.3552
0.3936
0.4768
0.346
0.404
0.5096
0.39
0.6612
0.4628
0.3584
0.3964
0.4888
0.3708
0.3212
0.3096
0.2584
0.4364
0.4732
0.404
0.3904
0.4232
0.4504
0.3524
0.2724
0.1684
0.202
0.2376
0.3332
0.2428
0.2176
0.3356
0.27
0.422
0.266
0.22
0.2336
0.2732
0.1824
0.178
0.1856
0.1312
0.118
0.2392
0.2676
0.24
0.2636
0.1852
0.1536
0.1348
0.1424
0.2112
0.2168
0.2428
0.1
0.0456
0.0708
0.0808
0.0688
0.0768
0.1228
0.09
0.0496
0.1156
0.1096
0.1044
0.0564
0.0304
0.0528
0.0776
0.04
0.0312
0.0408
0.0752
0.0148
0.002
0.044
0.0012
0.01
0.02
0.02
0.0668
0.0572
0.0676
0.0432
0.1136
0.074
0.0508
0.086
0.128
0.1224
0.1448
0.1704
0.1036
0.1396
0.2752
0.184
0.1096
0.1904
0.3448
0.3064
0.3028
0.3396
0.294
0.4648
0.4288
0.3776
0.4092
0.4952
0.4868
0.4628
0.5336
0.5192
0.5992
0.8052
0.6556
0.6316
0.7552
0.6776
0.6544
0.512
0.466
0.434
0.3444
0.3792
0.7588
0.696
0.6712
0.5688
0.6316
0.5732
0.5452
0.3832
0.552
0.4764
0.7292
0.63
0.588
0.4248
0.4868
0.5032
0.4952
0.5812
0.5264
0.574
0.4704
0.4064
0.3792
0.4388
0.4536
0.4248
0.3344
0.364
0.3408
0.2052
0.2456
0.2192
0.2164
0.2396
0.2396
0.2236
0.3716
0.434
0.4024
0.246
0.244
0.3324
0.2064
0.2096
0.1832
0.1628
0.0908
0.088
0.1164
0.0936
0.1456
0.1572
0.2196
0.1128
0.0952
0.0884
0.1372
0.106
0.0156
0.04
0.1112
0.05
0.0872
0.0344
0.094
0.0772
0.0328
0.0064
0.01
0.0008
0.002
0.0436
0.0072
0.0032
0.0008
0.0192
0.0336
0.006
0.028
0.0368
0.0304
0.0924
0.0832
0.0196
0.0452
0.1156
0.1268
0.1068
0.1628
0.1708
0.234
0.3568
0.3076
0.2944
0.496
0.4736
0.4428
0.5464
0.4664
0.5164
0.6784
0.6928
0.6212
0.8052
0.7684
0.66
0.5208
0.6296
0.7008
0.6584
0.8028
0.7488
0.632
0.9432
1.0152
0.8436
0.9576
0.81
0.6596
0.7628
0.784
0.7012
0.686
0.7656
0.8008
0.8048
0.726
0.6092
0.7504
0.8696
0.5724
0.7428
0.6532
0.688
0.6748
0.5984
0.7984
0.5808
0.4456
0.496
0.5
0.5852
0.424
0.4088
0.488
0.4784
0.4408
0.4868
0.5364
0.5088
0.3312
0.3584
0.3424
0.2316
0.1844
0.212
0.2456
0.204
0.3096
0.2808
0.2232
0.2544
0.1508
0.1304
0.1596
0.1548
0.2012
0.1824
0.1856
0.1748
0.168
0.0872
0.0872
0.2052
0.158
0.1076
0.0928
0.0792
0.0976
0.0684
0.1172
0.172
0.1436
0.0784
0.1328
0.1552
0.1412
0.0936
0.0596
0.0612
0.0708
0.066
0.0344
0.038
0.0364
0.0124
0.0372
0.0188
0.0244
0.0296
0.0604
0.07
0.0568
0.0468
0.0272
0.0964
0.0636
0.0476
0.0356
0.0672
0.0804
0.0632
0.068
0.1128
0.0976
0.1012
0.1948
0.1812
0.1908
0.2268
0.2048
0.2008
0.2288
0.2288
0.2816
0.4436
0.3744
0.4472
0.278
0.346
0.2692
0.366
0.4288
0.3072
0.3528
0.3772
0.5056
0.4872
0.4476
0.3688
0.3248
0.5088
0.4412
0.3844
0.4372
0.4688
0.4308
0.344
0.4392
0.4176
0.482
0.5432
0.4272
0.48
0.424
0.3872
0.392
0.3652
0.3828
0.374
0.3916
0.446
0.5112
0.4116
0.438
0.51
0.4272
0.45
0.372
0.398
0.3464
0.3808
0.334
0.3652
0.316
0.2428
0.2872
0.23
0.1992
0.324
0.2456
0.2008
0.2068
0.2528
0.3288
0.246
0.3536
0.3204
0.2528
0.322
0.352
0.306
0.3072
0.256
0.2452
0.1664
0.1812
0.1736
0.1716
0.184
0.2308
0.1696
0.158
0.0924
0.1024
0.2372
0.1228
0.0956
0.0932
0.1104
0.104
0.0852
0.1612
0.158
0.144
0.2232
0.1344
0.1608
0.1884
0.1
0.082
0.0756
0.046
0.046
0.0204
0.036
0.0456
0.1128
0.1588
0.0556
0.0364
0.0776
0.0312
0.0324
0.0172
0.0876
0.0752
0.0496
0.0488
0.0076
0.0656
0.054
0.0824
0.0208
0.0612
0.0656
0.0924
0.0348
0.0516
0.0744
0.154
0.0856
0.1204
0.176
0.1752
0.1164
0.1728
0.2076
0.3744
0.306
0.3988
0.3308
0.3804
0.2816
0.2324
0.5528
0.5004
0.3916
0.4908
0.6664
0.55
0.552
0.406
0.5376
0.598
0.6376
0.5688
0.7536
0.7448
0.7332
0.7052
0.6384
0.62
0.5048
0.6564
0.7196
0.6292
0.5452
0.5416
0.62
0.6588
0.5916
0.6976
0.456
0.5652
0.542
0.6256
0.51
0.3636
0.5752
0.6348
0.6692
0.6496
0.55
0.6004
0.4448
0.6544
0.6152
0.488
0.3288
0.4416
0.4244
0.4304
0.4752
0.3788
0.3924
0.508
0.3372
0.204
0.266
0.3228
0.3968
0.3644
0.3288
0.2872
0.2012
0.2232
0.1332
0.1336
0.228
0.3416
0.334
0.2788
0.3056
0.1844
0.1496
0.102
0.0628
0.048
0.0912
0.0748
0.066
0.0636
0.0688
0.0648
0.11
0.0968
0.1228
0.0444
0.0156
0.0744
0.0648
0.0692
0.01
0.0928
0.0604
0.074
0.0548
0.0044
0.0724
0.0296
0.0152
0.1416
0.0608
0.0272
0.0416
0.0096
0.0588
0.1584
0.132
0.0696
0.132
0.1548
0.1356
0.2424
0.1596
0.1084
0.236
0.16
0.3048
0.352
0.2404
0.4072
0.4552
0.4464
0.4804
0.5004
0.5004
0.7168
0.6452
0.6604
0.5256
0.5224
0.554
0.7848
0.5076
0.6756
0.7068
0.6376
0.692
0.662
0.7092
0.522
0.5612
0.5592
0.528
0.4208
0.588
