56.8889 50.7136 1.93178721511997 0.538984377754405 0.186073273590045 7.69323329188655 1350.35648474389 
56.74076 50.7136 1.08397056135604 0.538984377754405 0.186073273590045 7.69323329188655 1350.35648474389 
56.5926 50.2078 1.70151824365423 0.538984377754405 0.186073273590045 7.69323329188655 1350.35648474389 
55.7037 52.2674 0.371046455459941 0.465827718272716 0.186073273590045 7.69323329188655 1350.35648474389 
55.46876 53.1792 0.371046455459941 0.465827718272716 0.559715006301641 -5.64496300602581 2560.06000036617 
55.24872 53.1421 1.08397056135604 0.600870309555164 0.68646403470947 -9.92623190463142 2143.13200856715 
55.11112 51.7254 1.08397056135604 0.29073122416103 0.506901613905091 0.731664726055747 1350.35648474389 
55.10538 52.6842 1.47660926569671 0.649297060090181 0.735149034541877 -16.8700876132996 3085.45095688656 
55.06284 51.5406 1.47660926569671 0.702809787180136 0.409405873083624 0.731664726055747 1887.57221552138 
55.03904 52.948 1.49163359567057 0.600870309555164 0.764327576115311 -6.80377111408731 2560.06000036617 
54.94298 53.2785 1.46095863978552 0.702809787180136 0.461024712601151 -11.10523893288 2630.51512992116 
54.9265 51.7964 1.37651498752885 0.649220997112976 0.936695131988899 -8.62042810331669 4213.2892704678 
54.91088 53.1579 1.08397056135604 0.649297060090181 0.735149034541877 -16.8700876132996 3085.45095688656 
54.91086 53.2105 1.09605481997514 0.649297060090181 0.735149034541877 -16.8700876132996 3085.45095688656 
54.90154 53.3386 1.09605481997514 0.600870309555164 0.397857280362828 -6.80377111408731 1838.0663625614 
54.89976 51.4959 1.46095863978552 0.383431676484728 0.936695131988899 -6.80377111408731 1838.0663625614 
54.8828 53.0405 1.08397056135604 0.649220997112976 0.559715006301641 -5.64496300602581 2560.06000036617 
54.86692 53.4195 0.872394172607966 0.702809787180136 0.409405873083624 -10.2518105538342 2630.51512992116 
54.86692 53.208 1.37651498752885 0.702809787180136 0.461024712601151 -11.10523893288 2630.51512992116 
54.8666 50.8463 1.08397056135604 0.29073122416103 0.486385002988768 6.97451711494974 1154.96024117162 
54.85882 53.1211 1.04580894645971 0.160581338952016 0.599342717093584 -11.4491544990004 4466.07608715372 
54.84564 52.8909 1.46095863978552 0.383431676484728 0.67922193918058 -14.2835095552132 2786.6025874017 
54.84376 52.4162 1.93178721511997 0.538984377754405 0.559715006301641 -5.64496300602581 2560.06000036617 
54.82774 53.3625 1.84660420660682 1.31899543949255 0.735149034541877 -15.7524240817148 3688.59815295963 
54.8148 51.617 1.58667326822469 1.05790436383632 0.186073273590045 7.69323329188655 1350.35648474389 
54.79168 52.9225 0.872394172607966 0.702809787180136 0.409405873083624 -6.80377111408731 1838.0663625614 
54.75568 52.8036 1.09605481997514 0.649297060090181 0.67922193918058 -14.2835095552132 1713.28107340527 
54.74074 50.3884 1.08397056135604 0.29073122416103 0.186073273590045 7.69323329188655 1350.35648474389 
54.73584 52.5064 0.499481397812256 0.474589969965662 0.296204048251019 0.731664726055747 1838.0663625614 
54.71148 53.9702 1.5465645434335 0.512495573974017 0.599342717093584 -14.7564673164414 1243.84900417875 
54.70248 52.7077 1.5465645434335 0.519525952428084 0.599342717093584 -11.4491544990004 4466.07608715372 
54.68862 52.0877 1.25545123471155 0.314582410699355 0.409405873083624 -3.08500984311827 2143.13200856715 
54.68136 51.7337 1.08397056135604 0.649220997112976 0.936695131988899 -6.80377111408731 1838.0663625614 0.863411107492535
54.67682 53.255 1.04580894645971 0.702809787180136 0.461024712601151 -11.10523893288 2630.51512992116 
54.65622 53.3858 1.84660420660682 0.512495573974017 0.599342717093584 -14.7564673164414 4596.53675545269 
54.63036 51.8907 1.46095863978552 0.160581338952016 0.557798337127625 9.62073643148674 2786.6025874017 
54.59648 52.5517 0.441288164772557 0.702809787180136 0.409405873083624 -3.08500984311827 2143.13200856715 
54.57366 53.1405 1.09605481997514 0.600870309555164 0.397857280362828 -6.80377111408731 1838.0663625614 
54.57028 52.2312 1.08397056135604 0.29073122416103 0.889901156873492 -5.64496300602581 2560.06000036617 
54.54758 52.4246 1.08397056135604 0.649220997112976 0.936695131988899 -8.62042810331669 4596.53675545269 
54.50086 53.2054 0.371046455459941 0.649220997112976 0.735149034541877 -8.04056252590946 2611.2363760009 
54.47148 52.6409 1.84660420660682 1.31899543949255 0.599342717093584 -8.62042810331669 1243.84900417875 
54.46602 51.6941 1.47660926569671 0.383431676484728 0.936695131988899 -6.80377111408731 1838.0663625614 
54.4517 52.6198 1.93178721511997 0.538984377754405 0.599342717093584 -8.62042810331669 4213.2892704678 
54.44868 53.0435 1.08397056135604 0.35038021295471 0.304526852830693 2.11188966038407 2630.51512992116 
54.41406 52.6474 0.834790331156789 0.538984377754405 0.764327576115311 -6.80377111408731 2560.06000036617 
54.37264 53.2315 1.37651498752885 0.35038021295471 0.304526852830693 2.11188966038407 2630.51512992116 
54.36738 52.383 1.65079353509007 0.702809787180136 0.409405873083624 -3.08500984311827 2143.13200856715 
54.35296 52.1242 1.04580894645971 0.702809787180136 0.296204048251019 0.731664726055747 3825.63282166414 
54.34304 52.0371 0.98991754559429 0.314582410699355 0.557798337127625 9.62073643148674 2786.6025874017 
54.3268 52.5817 1.08397056135604 0.702809787180136 0.409405873083624 -3.08500984311827 3825.63282166414 
54.31196 53.2482 1.067382512989 0.519525952428084 0.409405873083624 1.14548048428073 4222.09602070785 
54.30068 53.5621 0.98991754559429 0.512495573974017 0.506901613905091 0.731664726055747 3825.63282166414 
54.2745 52.7451 1.08397056135604 0.702809787180136 0.409405873083624 -3.08500984311827 3825.63282166414 
54.26908 52.8656 0.834790331156789 1.25903771326972 0.68646403470947 -15.547839472677 4006.6114961377 
54.26218 52.1332 0.98991754559429 0.512495573974017 0.782995824732361 -16.8700876132996 4213.2892704678 
54.25856 52.6204 1.76473314018945 0.503661836096243 0.764327576115311 -10.2518105538342 2630.51512992116 
54.24342 52.5416 1.46095863978552 0.383431676484728 0.67922193918058 -3.73740089466217 2616.86864683821 
54.24316 51.4167 1.93178721511997 0.124141494322437 0.599342717093584 -6.80377111408731 1838.0663625614 
54.19608 52.0915 0.441288164772557 0.649297060090181 0.506901613905091 0.731664726055747 3825.63282166414 
54.18328 52.4944 1.08397056135604 0.649220997112976 0.936695131988899 -8.62042810331669 1052.2058428724 
54.17756 52.5876 1.46095863978552 0.720481058782297 0.27514396659171 -0.952619135878585 3291.05660354836 
54.17378 50.6722 1.09605481997514 0.185606379812401 0.965188364960238 -1.39258393988825 5918.34882647609 
54.15606 52.9052 1.46095863978552 0.702809787180136 0.409405873083624 -3.08500984311827 4596.53675545269 
54.07784 50.5641 0.872394172607966 0.702809787180136 0.409405873083624 -6.80377111408731 5910.95950915719 
54.0305 53.2395 0.441288164772557 0.600870309555164 0.397857280362828 -6.80377111408731 1838.0663625614 
54.01308 52.0588 1.93178721511997 0.29073122416103 0.506901613905091 0.731664726055747 3825.63282166414 
54.0015 52.8443 0.371046455459941 0.465827718272716 0.936695131988899 -8.62042810331669 4213.2892704678 
53.9924 53.067 1.46095863978552 0.35038021295471 0.304526852830693 2.11188966038407 2630.51512992116 
53.94452 52.1088 1.08397056135604 1.05790436383632 0.889901156873492 -9.92623190463142 2143.13200856715 
53.9416 53.2687 1.08397056135604 1.05790436383632 0.889901156873492 -14.7564673164414 2143.13200856715 
53.93724 52.12 0.834790331156789 0.519525952428084 0.557798337127625 -5.64496300602581 5918.34882647609 
53.89758 53.2006 1.93178721511997 0.538984377754405 0.67922193918058 -14.2835095552132 5479.61695598432 
53.88754 51.1933 1.5465645434335 0.124141494322437 0.735149034541877 -8.04056252590946 2611.2363760009 
53.86478 53.1603 0.441288164772557 0.383431676484728 0.936695131988899 -6.80377111408731 1838.0663625614 
53.84116 53.2105 1.08397056135604 0.29073122416103 0.735149034541877 -16.8700876132996 3085.45095688656 
53.72674 51.7324 1.76473314018945 0.503661836096243 0.782995824732361 -5.79028024736271 4374.38299895577 
53.7218 52.5876 1.46095863978552 0.720481058782297 0.27514396659171 -0.952619135878585 3291.05660354836 
53.6502 52.0799 1.47660926569671 0.383431676484728 0.936695131988899 -10.2518105538342 2630.51512992116 
53.63282 52.5318 1.5465645434335 1.31899543949255 0.559715006301641 -5.64496300602581 2560.06000036617 
53.58928 53.0861 1.93178721511997 0.519525952428084 0.557798337127625 9.62073643148674 2786.6025874017 
53.44476 53.4213 0.872394172607966 1.76035035773133 0.68646403470947 -15.547839472677 4006.6114961377 
53.41636 51.9319 1.08397056135604 0.29073122416103 0.506901613905091 -1.04790645735672 1243.84900417875 
53.397 50.2585 1.93178721511997 0.302536931909177 0.965188364960238 -1.39258393988825 5918.34882647609 
53.28816 52.2533 0.441288164772557 0.600870309555164 0.939779880895291 -13.4348737860121 2447.27577385734 
53.19492 52.8422 1.46095863978552 0.29073122416103 0.559715006301641 9.62073643148674 2786.6025874017 
53.0343 51.5455 0.834790331156789 0.519525952428084 0.557798337127625 9.62073643148674 2291.26140768225 
52.91552 52.6993 1.25545123471155 0.314582410699355 0.271861567695731 -3.08500984311827 2143.13200856715 
52.64198 50.936 1.46095863978552 0.702809787180136 0.461024712601151 7.69323329188655 2291.26140768225 
52.59262 52.8817 1.93178721511997 0.538984377754405 0.735149034541877 -15.7524240817148 1350.35648474389 
52.546 54.8274 0.371046455459941 0.465827718272716 0.559715006301641 -14.7564673164414 4596.53675545269 
52.5446 52.0877 0.834790331156789 0.519525952428084 0.186073273590045 -3.08500984311827 2143.13200856715 
52.43346 53.678 0.827360261725813 0.702809787180136 0.297853285271632 -10.2518105538342 2630.51512992116 
52.28134 52.4324 1.93178721511997 0.538984377754405 0.186073273590045 -11.10523893288 2630.51512992116 
52.24808 51.3931 1.93178721511997 0.538984377754405 0.764327576115311 7.69323329188655 2291.26140768225 
52.05328 55.9744 1.08397056135604 0.720481058782297 0.27514396659171 -14.2835095552132 5479.61695598432 
52.0288 54.027 0.872394172607966 0.702809787180136 0.409405873083624 -14.2835095552132 2291.26140768225 
51.99222 52.2081 1.93178721511997 0.538984377754405 0.186073273590045 -6.80377111408731 2560.06000036617 
51.84966 50.7208 0.673930198531004 1.25903771326972 0.186073273590045 -14.7564673164414 4596.53675545269 
51.81162 52.6121 1.46095863978552 0.702809787180136 0.557798337127625 9.62073643148674 2291.26140768225 
