55.43832 1.6952011068202 0.563381247987581 0.313348745812512 -6.37925902218051 
55.42276 1.6952011068202 0.563381247987581 0.313348745812512 -6.37925902218051 
55.26742 1.6952011068202 0.563381247987581 0.313348745812512 -6.37925902218051 
55.14304 1.23201865845159 0.563381247987581 0.313348745812512 -6.37925902218051 
55.1275 1.47216931653644 0.563381247987581 0.313348745812512 -6.37925902218051 
55.06532 1.47216931653644 1.33929903722809 0.66175991113874 -17.6802196928514 
55.0653 1.4408581753711 1.30611741257475 0.66175991113874 -17.6802196928514 
55.03432 1.6952011068202 0.563381247987581 0.313348745812512 -5.71474240930975 
54.98774 1.6952011068202 1.22188398084641 0.66175991113874 -13.1504405205106 
54.9409 1.34408205175789 1.22188398084641 0.66175991113874 -17.6802196928514 
54.8943 1.4408581753711 1.22188398084641 0.66175991113874 -18.0433016910319 
54.84772 1.4408581753711 1.22188398084641 0.66175991113874 -17.6802196928514 
54.81692 1.47216931653644 1.22188398084641 0.66175991113874 -16.2200326032373 
54.81654 1.47216931653644 1.22188398084641 0.66175991113874 -17.6802196928514 
54.80132 1.6952011068202 0.563381247987581 0.313348745812512 -5.38258030484194 
54.7858 1.34408205175789 1.33929903722809 0.66175991113874 -17.6802196928514 
54.77004 1.47216931653644 1.30611741257475 0.780111648390301 -17.6802196928514 
54.7546 1.47216931653644 1.1709553954524 0.66175991113874 -17.6802196928514 
54.7545 1.4408581753711 1.1709553954524 0.66175991113874 -17.6802196928514 
54.73912 1.4408581753711 1.30611741257475 0.780111648390301 -12.5334721465749 
54.73908 1.47216931653644 1.30611741257475 0.780111648390301 -17.6802196928514 
54.73882 0.739038890366714 1.02997866588496 0.66175991113874 -17.6802196928514 
54.72358 1.47216931653644 1.02299255306172 0.50397572317403 -13.1504405205106 
54.72346 1.83260309363564 1.30611741257475 0.66175991113874 -17.6802196928514 
54.708 1.80804670056594 1.22188398084641 0.66175991113874 -16.2200326032373 
54.70788 1.02807210506139 1.1709553954524 0.780111648390301 -18.0433016910319 
54.67708 1.47216931653644 1.22188398084641 0.66175991113874 -12.5334721465749 
54.66148 1.83260309363564 1.11958044973653 0.401119048590374 -12.5334721465749 
54.64594 1.02807210506139 1.02299255306172 0.50397572317403 -13.1504405205106 
54.64578 1.4408581753711 1.1709553954524 0.66175991113874 -18.0433016910319 
54.55276 1.47216931653644 1.22188398084641 0.66175991113874 -12.5334721465749 
54.55252 1.47216931653644 0.563381247987581 0.343414450731163 -3.90994910171521 
54.55228 1.47216931653644 1.08627627307228 0.50397572317403 -16.565146570695 
54.53726 1.4408581753711 1.11958044973653 0.401119048590374 -12.5334721465749 
54.53704 1.47216931653644 1.30611741257475 0.780111648390301 -16.565146570695 
54.52168 1.83260309363564 1.11958044973653 0.401119048590374 -12.5334721465749 
54.49032 1.47216931653644 1.30611741257475 0.780111648390301 -17.6802196928514 
54.475 1.4408581753711 1.11958044973653 0.401119048590374 -12.5334721465749 
54.45944 1.47216931653644 1.30611741257475 0.66175991113874 -17.6802196928514 
54.42842 1.35875622727961 1.11958044973653 0.401119048590374 -12.5334721465749 
54.41282 1.6952011068202 1.1709553954524 0.66175991113874 -17.6802196928514 
54.41262 1.02807210506139 1.1709553954524 0.66175991113874 -18.0433016910319 
54.41252 1.6952011068202 1.08627627307228 0.50397572317403 -16.565146570695 
54.39726 1.6952011068202 1.1709553954524 0.780111648390301 -18.0433016910319 
54.38172 1.4408581753711 1.30611741257475 0.780111648390301 -17.6802196928514 
54.38164 1.8741188771857 1.30611741257475 0.66175991113874 -12.5334721465749 
54.36634 0.87525761907603 1.30611741257475 0.780111648390301 -18.0433016910319 
54.36622 1.02807210506139 0.563381247987581 0.343414450731163 -3.90994910171521 
54.35068 1.4408581753711 1.30611741257475 0.780111648390301 -18.0433016910319 
54.35064 1.6952011068202 0.563381247987581 0.50397572317403 -12.4816414226095 
54.33518 1.02807210506139 1.22188398084641 0.66175991113874 -18.0433016910319 
54.33512 1.4408581753711 1.30611741257475 0.780111648390301 -18.0433016910319 
54.31982 1.4408581753711 1.54169314132268 0.654408947198697 -17.6802196928514 
54.27298 1.03387007739258 1.30611741257475 0.780111648390301 -18.0433016910319 
54.24154 1.4408581753711 1.02299255306172 0.50397572317403 -16.565146570695 
54.2263 1.47216931653644 1.22188398084641 0.313348745812512 -6.37925902218051 
54.22604 1.4408581753711 1.08627627307228 0.50397572317403 -16.565146570695 
54.21072 1.02807210506139 1.1709553954524 0.66175991113874 -6.37925902218051 
54.21064 1.6952011068202 0.563381247987581 0.343414450731163 -3.90994910171521 
54.19524 1.02807210506139 1.1709553954524 0.780111648390301 -18.0433016910319 
54.19512 1.83260309363564 1.11958044973653 0.401119048590374 -6.37925902218051 
54.11754 1.20607276909431 0.715162575678761 0.221997939112254 -5.38258030484194 
54.10164 1.47216931653644 1.08627627307228 0.50397572317403 -18.0433016910319 
54.08628 1.4408581753711 1.54169314132268 0.654408947198697 -19.6858236987165 
54.07092 0.870807006037942 1.22188398084641 0.66175991113874 -17.6802196928514 
54.024 1.47216931653644 1.02299255306172 0.50397572317403 -17.6802196928514 
54.0088 1.6952011068202 1.22188398084641 0.343414450731163 -13.1504405205106 
53.99328 1.03387007739258 1.30611741257475 0.66175991113874 -17.6802196928514 
53.99318 1.04137799847174 1.01914659960237 0.175701423877141 -3.90994910171521 
53.97774 1.74139954342382 1.02299255306172 0.780111648390301 -18.0433016910319 
53.96216 1.83260309363564 0.95780599533813 0.854979741472262 -14.5703959817526 
53.94634 1.47216931653644 1.02299255306172 0.50397572317403 -17.6802196928514 
53.91554 1.6952011068202 0.563381247987581 0.66175991113874 -16.2200326032373 
53.89992 1.20607276909431 0.715162575678761 0.221997939112254 -6.37925902218051 
53.88446 1.4408581753711 1.22188398084641 0.313348745812512 -6.37925902218051 
53.86906 1.47216931653644 1.22188398084641 0.899754230866602 -12.5334721465749 
53.74472 0.739038890366714 1.54169314132268 0.654408947198697 -17.6802196928514 
53.69824 1.47216931653644 1.30611741257475 0.780111648390301 -13.1504405205106 
53.69808 1.34408205175789 1.22188398084641 0.95740342994267 -17.6802196928514 
53.52696 1.6952011068202 0.694462750057487 0.543901151360093 7.56367504954916 
53.43388 1.2413638894691 0.396731363135443 0.897482173493835 -10.9817574911063 
53.32504 1.47216931653644 1.22188398084641 0.452678533793703 -5.71474240930975 
53.29344 1.83260309363564 1.11958044973653 0.401119048590374 -18.0433016910319 
53.1074 0.870807006037942 1.33929903722809 0.452678533793703 -5.71474240930975 
53.10736 1.2413638894691 0.396731363135443 0.780111648390301 -18.0433016910319 
53.02986 1.47216931653644 1.22188398084641 0.66175991113874 -3.90994910171521 
52.96764 1.4408581753711 1.30611741257475 0.897482173493835 -10.9817574911063 
52.68756 1.6952011068202 0.563381247987581 0.313348745812512 -12.5334721465749 
52.65672 1.52203678003243 0.409025296840605 0.66175991113874 -17.6802196928514 
52.60986 1.20607276909431 0.715162575678761 0.221997939112254 -17.6802196928514 
52.57882 0.739038890366714 0.580893719458351 0.190065911189247 -17.6802196928514 
52.56334 0.739038890366714 0.580893719458351 0.190065911189247 -12.5334721465749 
52.5321 1.6952011068202 0.563381247987581 0.313348745812512 -14.712481237044 
52.42396 1.02807210506139 1.1709553954524 0.780111648390301 -3.90994910171521 
52.4077 1.6952011068202 0.563381247987581 0.313348745812512 -18.0433016910319 
52.34554 1.4408581753711 0.563381247987581 0.343414450731163 -18.0433016910319 
52.25284 1.80804670056594 1.01914659960237 0.175701423877141 -13.1504405205106 
51.95772 1.83260309363564 0.694462750057487 0.0557108795829199 -5.15666308002359 
51.69292 1.03387007739258 0.208059974379222 0.66175991113874 -17.6802196928514 
51.67818 1.47216931653644 1.30611741257475 0.780111648390301 -6.37925902218051 
