54.8014 1.39043764392965 1.86597107836609 0.681527050761277 -11.0615050097456 
54.75462 1.39043764392965 1.62763339522993 0.51806994714228 -9.96346912705526 
54.61476 1.17036136147763 1.62763339522993 0.629379658788523 -13.3616475402365 
54.52148 1.75340378323226 1.43902500294691 0.611915912064599 -11.3585393427569 
54.47478 1.24082907027784 0.83111020516579 0.571562396668956 -5.63886090019217 
54.44374 0.964284578239225 1.24693634082164 0.611915912064599 -11.3585393427569 
54.42828 0.665875992994357 1.28967021443542 0.67497646902648 -13.6135143215126 
54.41262 0.846350666760818 1.28732287935138 0.739227141087103 -14.1570734601634 
54.39712 1.69642600839256 1.11814231569118 0.90079659451702 -10.1295776880175 
54.3817 0.846350666760818 1.24998979437226 0.51806994714228 -9.96346912705526 
54.35072 0.665875992994357 1.28967021443542 0.51806994714228 -11.0200580778955 
54.33496 1.69642600839256 1.11814231569118 0.51806994714228 -9.96346912705526 
54.33494 1.16731322750168 1.11814231569118 0.739227141087103 -10.1295776880175 
54.31956 0.599571712812273 1.31258421207873 0.338207355362365 -8.12330382464104 
54.30388 0.964284578239225 1.24693634082164 0.69351770629011 -11.3585393427569 
54.30386 1.50495952593732 1.11814231569118 0.739227141087103 -11.0200580778955 
54.28832 1.75340378323226 1.16521651811871 0.611915912064599 -11.3585393427569 
54.27302 1.17036136147763 1.62763339522993 0.51806994714228 -8.12330382464104 
54.2728 1.16731322750168 1.11814231569118 0.739227141087103 -9.96346912705526 
54.25746 1.17036136147763 1.62763339522993 0.739227141087103 -11.0200580778955 
54.22646 1.17036136147763 1.80560574172546 0.611915912064599 -11.3585393427569 
54.21062 1.24082907027784 1.24693634082164 0.681527050761277 -11.0615050097456 
54.19508 0.740776127314798 0.608889202007099 0.942441733858674 -5.70186894855048 
54.19508 1.69642600839256 1.11814231569118 0.611915912064599 -11.3585393427569 
54.17952 0.740776127314798 0.608889202007099 0.942441733858674 -5.70186894855048 
54.16432 1.17036136147763 1.62763339522993 0.51806994714228 -9.96346912705526 
54.16404 1.24082907027784 0.83111020516579 0.90079659451702 -10.2813098732785 
54.16402 1.69642600839256 1.11814231569118 0.739227141087103 -8.12330382464104 
54.14842 1.75340378323226 1.43902500294691 0.739227141087103 -8.12330382464104 
54.11758 1.69642600839256 1.79763522765699 0.51806994714228 -11.3585393427569 
54.11734 0.976478304506764 0.173126394161223 0.666032248702584 -10.1295776880175 
54.10198 0.964284578239225 1.24693634082164 0.69351770629011 -10.1295776880175 
54.1019 1.50495952593732 0.38350591434162 0.611915912064599 -11.3585393427569 
54.1018 0.976478304506764 0.173126394161223 0.666032248702584 -10.1295776880175 
54.07092 0.89432432797538 1.24693634082164 0.681527050761277 -11.0615050097456 
54.0557 0.846350666760818 1.68719907582315 0.611915912064599 -11.3585393427569 
54.0552 1.22057927710514 1.29440300954265 0.709030739734637 -11.0615050097456 
54.0397 1.75340378323226 0.68176146644758 0.571562396668956 -9.96346912705526 
54.03966 1.69642600839256 1.11814231569118 0.336743375643581 -5.63886090019217 
54.0243 1.22057927710514 1.11814231569118 0.359929797184703 -5.63886090019217 
54.02428 0.740776127314798 0.608889202007099 0.942441733858674 -9.96346912705526 
54.02424 1.50495952593732 0.68176146644758 0.51806994714228 -9.96346912705526 
54.0241 1.17036136147763 1.62763339522993 0.67497646902648 -13.6135143215126 
54.00872 0.66262261357952 0.68176146644758 0.571562396668956 -8.12330382464104 
54.00858 1.69642600839256 0.38350591434162 0.69351770629011 -9.96346912705526 
53.9931 1.75340378323226 1.80560574172546 0.51806994714228 -9.96346912705526 
53.97766 0.846350666760818 0.83111020516579 0.90079659451702 -10.2813098732785 
53.9623 0.665875992994357 1.28967021443542 0.739227141087103 -11.0200580778955 
53.96228 0.665875992994357 1.28967021443542 0.51806994714228 -5.63886090019217 
53.9622 1.02385937932481 1.29440300954265 0.90079659451702 -10.1295776880175 
53.96214 1.69642600839256 1.11814231569118 0.51806994714228 -11.0200580778955 
53.96212 1.17036136147763 1.62763339522993 0.51806994714228 -14.1570734601634 
53.96206 1.50495952593732 0.38350591434162 0.739227141087103 -11.0200580778955 
53.93106 1.22057927710514 1.24998979437226 0.675944331868337 -14.1570734601634 
53.93098 1.75340378323226 1.43902500294691 0.336743375643581 -5.63886090019217 
53.93094 1.58745210743774 0.38350591434162 0.69351770629011 -11.0200580778955 
53.93094 1.58745210743774 0.38350591434162 0.675944331868337 -11.0200580778955 
53.91584 0.66262261357952 1.43902500294691 0.51806994714228 -10.2813098732785 
53.91578 0.66262261357952 1.43902500294691 0.611915912064599 -11.3585393427569 
53.91556 0.740776127314798 0.562918322876719 0.397077199912154 -5.11148270251972 
53.9155 1.24082907027784 1.24998979437226 0.629379658788523 -13.3616475402365 
53.91544 1.58745210743774 0.68176146644758 0.69351770629011 -14.4927951182085 
53.8845 0.66262261357952 1.43902500294691 0.739227141087103 -11.0200580778955 
53.88444 1.75340378323226 1.80560574172546 0.611915912064599 -11.3585393427569 
53.86896 1.02385937932481 1.29440300954265 0.90079659451702 -8.12330382464104 
53.83778 0.964284578239225 1.24693634082164 0.681527050761277 -11.0615050097456 
53.8225 0.304748711282718 1.11814231569118 0.906426151811823 -10.1295776880175 
53.82226 1.02385937932481 1.29440300954265 0.90079659451702 -14.4927951182085 
53.82222 0.599571712812273 0.608889202007099 0.942441733858674 -5.70186894855048 
53.79118 1.69642600839256 1.11814231569118 0.739227141087103 -14.1570734601634 
53.77598 0.304748711282718 1.12331012486697 0.611915912064599 -9.96346912705526 
53.76 1.50495952593732 0.38350591434162 0.629379658788523 -13.3616475402365 
53.74474 1.17036136147763 1.62763339522993 0.681527050761277 -11.0615050097456 
53.74458 1.24082907027784 1.24693634082164 0.611915912064599 -11.3585393427569 
53.7293 0.964284578239225 1.24693634082164 0.611915912064599 -5.63886090019217 
53.71346 1.50495952593732 1.86597107836609 0.681527050761277 -11.0200580778955 
53.69808 1.39043764392965 1.29440300954265 0.336743375643581 -5.63886090019217 
53.68252 1.02385937932481 1.29440300954265 0.90079659451702 -10.1295776880175 
53.68242 1.50495952593732 1.28732287935138 0.739227141087103 -14.1570734601634 
53.66698 1.02385937932481 1.11814231569118 0.739227141087103 -14.1570734601634 
53.6514 1.39043764392965 1.86597107836609 0.681527050761277 -9.96346912705526 
53.63608 1.39043764392965 1.86597107836609 0.51806994714228 -9.96346912705526 
53.62024 0.740776127314798 0.608889202007099 0.51806994714228 -9.96346912705526 
53.58942 1.39043764392965 1.86597107836609 0.681527050761277 -9.96346912705526 
53.57364 0.740776127314798 0.38350591434162 0.611915912064599 -11.3585393427569 
53.55818 0.740776127314798 0.38350591434162 0.611915912064599 -11.3585393427569 
53.4493 0.976478304506764 0.173126394161223 0.611915912064599 -11.3585393427569 
53.35606 1.39043764392965 1.80560574172546 0.675944331868337 -9.96346912705526 
53.34062 1.69642600839256 1.11814231569118 0.611915912064599 -5.63886090019217 
53.24732 1.09998705559124 0.38350591434162 0.51806994714228 -9.96346912705526 
53.13886 1.02385937932481 1.86597107836609 0.681527050761277 -9.96346912705526 
53.09158 0.846350666760818 0.562918322876719 0.336743375643581 -11.0200580778955 
52.9675 1.58745210743774 0.68176146644758 0.336743375643581 -11.3585393427569 
52.82802 0.66262261357952 1.43902500294691 0.90079659451702 -8.12330382464104 0.0455729453589733
52.79668 0.66262261357952 1.80560574172546 0.51806994714228 -11.0200580778955 
51.383 1.62976504576984 1.80560574172546 0.90079659451702 -8.12330382464104 0.0455729453589733
51.38276 0.66262261357952 1.43902500294691 0.611915912064599 6.61883790767504 
51.1033 1.02385937932481 1.29440300954265 0.739227141087103 4.01464481766684 
50.7926 1.17036136147763 1.62763339522993 0.942441733858674 -5.70186894855048 
50.7925 0.304748711282718 1.80560574172546 0.675944331868337 -14.1570734601634 
