55.11666 53.5593 0.76460258980811 1.07902319411938 0.760723045992459 -19.466317208221 
55.05 53.1073 1.68417426391291 0.933592934880856 0.492090790282968 -14.6230334373748 
54.96668 52.4294 1.12370924185983 1.07902319411938 0.760723045992459 -19.466317208221 
54.96664 52.9944 1.13437762932181 1.00086384330978 0.420874432780906 -14.6230334373748 
54.94998 53.1073 1.62085989708025 1.07902319411938 0.492090790282968 -9.22100032038891 
54.93332 51.8644 1.65815526547206 1.21972489378445 0.760723045992459 -19.466317208221 
54.93332 51.6384 1.74656684153325 1.07902319411938 0.492090790282968 -14.6230334373748 
54.91666 52.5424 1.05826963316671 1.07902319411938 0.760723045992459 -19.466317208221 
54.81666 51.1864 1.38887328365948 1.07902319411938 0.492090790282968 -14.6230334373748 
54.78334 51.7514 1.37075876213028 1.07902319411938 0.760723045992459 -19.466317208221 
54.76666 51.0734 1.62085989708025 1.09692750009484 0.492090790282968 -14.6230334373748 
54.75 51.7514 1.62085989708025 1.07902319411938 0.492090790282968 -14.6230334373748 
54.73334 51.8644 1.90362339076442 1.21972489378445 0.760723045992459 -19.466317208221 
54.73332 50.8475 1.19375449359415 1.04388684066206 0.533174623163814 -14.6230334373748 
54.70002 51.8644 1.90362339076442 1.07902319411938 0.760723045992459 -14.6230334373748 
54.7 52.2034 1.74656684153325 1.07902319411938 0.492090790282968 -9.22100032038891 
54.68334 51.2994 1.65815526547206 1.21972489378445 0.570977459221182 -14.6230334373748 
54.68332 51.4124 1.38887328365948 1.07902319411938 0.492090790282968 -14.6230334373748 
54.66668 52.4294 1.74656684153325 1.07902319411938 0.760723045992459 -14.6230334373748 
54.66664 53.3333 0.79619725784391 0.392097590947759 0.646955272161957 -14.6230334373748 
54.65 51.6384 1.41550026106084 0.604909986766427 0.492090790282968 -6.61661569548919 
54.64998 54.3503 0.159556365353349 0.830431173051389 0.630642980226085 -14.6230334373748 
54.63334 52.2034 1.05826963316671 0.830431173051389 0.630642980226085 -14.6230334373748 
54.61668 51.4124 0.101255104480881 0.313061877298131 0.860026467864624 3.97442213462092 
54.61666 51.8644 1.74656684153325 1.07902319411938 0.492090790282968 -11.1475342411791 
54.6 51.0734 0.978074778091357 1.07902319411938 0.492090790282968 -14.6230334373748 
54.6 51.7514 0.76460258980811 0.677333628264347 0.492090790282968 -9.22100032038891 
54.58334 51.7514 1.41550026106084 1.09692750009484 0.492090790282968 -11.1475342411791 
54.56666 51.9774 1.41550026106084 1.1374319599211 0.492090790282968 -14.6230334373748 
54.55 52.5424 1.90362339076442 0.378485696635525 0.570977459221182 -14.2475651145205 
54.55 51.2994 1.90362339076442 1.07902319411938 0.760723045992459 -19.466317208221 
54.5 52.0904 0.459746578149331 0.604909986766427 0.492090790282968 -6.61661569548919 
54.5 51.9774 1.74656684153325 1.07902319411938 0.760723045992459 -19.466317208221 
54.48334 51.7514 1.62085989708025 1.09692750009484 0.492090790282968 -11.1475342411791 
54.46668 52.3164 1.42907524727551 0.392097590947759 0.492090790282968 -9.22100032038891 
54.46666 51.5254 1.62085989708025 1.07902319411938 0.492090790282968 -10.7778118260783 
54.46664 51.8644 0.896568850283956 0.685122936431074 0.650831968585855 -14.6230334373748 
54.43334 52.5424 0.76460258980811 0.44054040942258 0.492090790282968 -9.22100032038891 
54.35002 52.0904 1.13437762932181 1.00086384330978 0.860026467864624 -14.6230334373748 
54.35 54.0113 0.76460258980811 0.745494640609708 0.760723045992459 -19.466317208221 
54.34998 52.2034 1.74656684153325 1.09692750009484 0.492090790282968 -11.1475342411791 
54.33334 52.3164 1.05826963316671 0.677333628264347 0.570977459221182 -14.6230334373748 
54.33332 51.9774 1.05826963316671 0.677333628264347 0.630642980226085 -10.7778118260783 
54.33332 50.5085 1.90362339076442 0.378485696635525 0.570977459221182 0.613741312506235 
54.28336 52.0904 1.68417426391291 0.100804767830581 0.537964119002495 3.97442213462092 
54.28332 51.7514 1.68417426391291 1.21972489378445 0.760723045992459 -14.6230334373748 
54.26666 53.1073 0.159556365353349 0.677333628264347 0.492090790282968 -9.22100032038891 
54.26666 50.3955 1.12370924185983 0.443633135046829 0.274203548166892 -1.67353641930553 
54.25 51.9774 0.79619725784391 1.07902319411938 0.492090790282968 -14.6230334373748 
54.24998 50.1695 0.76460258980811 1.07902319411938 0.492090790282968 -11.1475342411791 
54.24998 52.6554 0.101255104480881 0.313061877298131 0.603135462608302 -4.88708773548957 
54.23334 52.3164 1.68417426391291 0.933592934880856 0.760723045992459 -19.466317208221 
54.23332 53.5593 0.76460258980811 0.313061877298131 0.274203548166892 -1.58950498882128 
54.18334 55.1412 0.978074778091357 1.07902319411938 0.492090790282968 -19.466317208221 
54.16666 49.7175 0.721598890058196 0.93125522799495 0.420874432780906 -11.1475342411791 
54.16666 51.5254 1.74656684153325 1.1374319599211 0.808380771482355 -14.2475651145205 
54.15 52.5424 1.65815526547206 0.100804767830581 0.537964119002495 5.00028900696798 
54.14998 51.6384 1.05826963316671 0.677333628264347 0.274203548166892 -1.58950498882128 
54.13334 51.6384 1.37075876213028 0.378485696635525 0.630642980226085 -9.22100032038891 
54.06666 51.6384 0.978074778091357 1.04577938676651 0.630642980226085 -10.7778118260783 
54.06666 52.5424 1.38887328365948 0.100804767830581 0.537964119002495 3.97442213462092 
54.06666 54.5763 0.101255104480881 0.677333628264347 0.760723045992459 -19.466317208221 
54.03332 50.8475 0.978074778091357 1.07902319411938 0.420874432780906 -9.22100032038891 
54.01668 51.4124 1.74656684153325 0.392097590947759 0.646955272161957 -7.43891508279496 
54 52.0904 1.65815526547206 1.21972489378445 0.760723045992459 -11.1475342411791 
53.93334 51.1864 1.74656684153325 0.313061877298131 0.630642980226085 -4.3402537283314 
53.9 52.0904 0.978074778091357 0.100804767830581 0.537964119002495 3.97442213462092 
53.88334 51.7514 1.62085989708025 1.09692750009484 0.492090790282968 -1.67353641930553 
53.85 52.0904 1.74656684153325 1.07902319411938 0.274203548166892 -1.58950498882128 
53.83332 50.7345 1.74656684153325 1.09692750009484 0.492090790282968 -1.58950498882128 
53.75002 57.4011 1.65815526547206 0.100804767830581 0.492090790282968 -11.1475342411791 
53.73334 52.4294 1.50304281140124 0.443633135046829 0.860026467864624 3.97442213462092 
53.71666 50.7345 0.721598890058196 0.93125522799495 0.646955272161957 -11.1475342411791 
53.7 56.3842 1.62085989708025 1.09692750009484 0.492090790282968 -19.466317208221 
53.66666 50.5085 1.05826963316671 0.313061877298131 0.917329832088654 -7.43891508279496 
53.63332 51.9774 0.460934646392257 0.392097590947759 0.646955272161957 1.77967908869753 
53.54998 57.7401 1.37075876213028 0.313061877298131 0.492090790282968 -14.6230334373748 
53.38334 53.4463 1.13437762932181 1.00086384330978 0.420874432780906 1.41954473383301 
53.38332 51.1864 1.91171743083206 0.313061877298131 0.917329832088654 -11.1475342411791 
53.30002 50.7345 0.79619725784391 0.313061877298131 0.860026467864624 -11.1475342411791 
53.08334 51.4124 1.37075876213028 1.04577938676651 0.630642980226085 -4.3402537283314 
53.06666 57.4011 1.42907524727551 0.392097590947759 0.420874432780906 -14.6230334373748 
52.96666 52.4294 1.57815892170237 0.313061877298131 0.860026467864624 -14.6230334373748 
52.9 51.8644 1.05826963316671 0.581488734093824 0.860026467864624 3.97442213462092 
52.83334 55.4802 0.978074778091357 0.313061877298131 0.250598732472247 -4.3402537283314 
52.75 51.5254 1.62085989708025 1.09692750009484 0.537964119002495 3.97442213462092 
52.68332 52.6554 1.74656684153325 1.07902319411938 0.492090790282968 3.97442213462092 
52.63334 57.5141 1.57815892170237 0.313061877298131 0.420874432780906 -14.6230334373748 
52.53334 55.7062 0.76460258980811 0.443633135046829 0.274203548166892 -11.1475342411791 
52.51668 51.1864 0.76460258980811 1.07902319411938 0.760723045992459 -9.22100032038891 
52.41668 52.2034 1.37075876213028 0.745494640609708 0.808380771482355 0.613741312506235 
52.39998 49.9435 0.459746578149331 1.1374319599211 0.808380771482355 -14.2475651145205 
52.21666 56.2712 0.460934646392257 0.933592934880856 0.274203548166892 -14.6230334373748 
51.94998 56.8362 0.76460258980811 0.443633135046829 0.492090790282968 -19.466317208221 
51.70002 51.6384 1.62085989708025 1.07902319411938 0.646955272161957 1.77967908869753 
51.53334 57.6271 1.50304281140124 0.100804767830581 0.537964119002495 -14.6230334373748 
51.41666 50.6215 0.978074778091357 1.07902319411938 0.420874432780906 4.86840790998691 
51.05 50.5085 0.460934646392257 1.07902319411938 0.492090790282968 -0.926856865939598 
50.41664 49.8305 0.101255104480881 1.1374319599211 0.420874432780906 -14.6230334373748 
50.23334 46.3277 1.38887328365948 1.07902319411938 0.906702602236974 1.77967908869753 
