55.2673 1.62842396503489 0.642348295853419 0.367266775375011 -7.83726627702087 
55.11196 1.55018775755806 0.642348295853419 0.367266775375011 -7.83726627702087 
55.03422 1.22802885583339 0.642348295853419 0.367266775375011 -7.83726627702087 
54.90988 0.571413202267302 0.642348295853419 0.367266775375011 -7.83726627702087 
54.87882 1.22802885583339 0.642348295853419 0.367266775375011 -7.83726627702087 
54.81672 1.66311067543227 0.603030668365122 0.367266775375011 -7.83726627702087 
54.81672 1.55018775755806 0.857244589752547 0.471055565985151 -10.9184961140603 
54.7235 1.47786256252643 0.857244589752547 0.721043263791179 -10.9184961140603 
54.66154 1.55018775755806 1.16676901908235 0.575519617134515 -14.6848298317854 
54.56814 1.22802885583339 1.16676901908235 0.471055565985151 -10.7048597549525 
54.56796 0.136478982763672 0.975897749125733 0.651396249590701 -14.6848298317854 
54.55266 0.955381039170312 0.561840441907283 0.382358053929628 -7.83726627702087 
54.50614 1.55018775755806 1.16676901908235 0.575519617134515 -14.6848298317854 
54.49046 0.571413202267302 0.561840441907283 0.382358053929628 -7.83726627702087 
54.44392 0.136478982763672 0.975897749125733 0.575519617134515 -10.9184961140603 
54.42826 0.215831587928214 0.375315734105864 0.328307543196558 1.085968017968 
54.42822 1.55018775755806 0.463449670337172 0.367266775375011 -7.06660753948917 
54.39718 0.87061117067961 0.57016385181319 0.367266775375011 -7.83726627702087 
54.3816 1.55018775755806 0.463449670337172 0.367266775375011 -7.83726627702087 
54.36612 0.571413202267302 0.642348295853419 0.492414114798077 4.64367123392769 
54.31958 0.215831587928214 0.463449670337172 0.328307543196558 1.085968017968 
54.304 0.215831587928214 0.463449670337172 0.631667570672493 -10.7048597549525 
54.28848 1.47786256252643 0.857244589752547 0.382358053929628 -7.83726627702087 
54.28836 1.22802885583339 1.16676901908235 0.471055565985151 -10.9184961140603 
54.27294 1.47786256252643 0.722427617772337 0.637547851758611 -11.4861228823172 
54.2729 0.571413202267302 0.463449670337172 0.328307543196558 1.085968017968 
54.25744 0.215831587928214 0.375315734105864 0.328307543196558 6.86351032772045 
54.24214 0.387465299107503 1.16676901908235 0.799388103366435 -14.6848298317854 
54.2419 0.215831587928214 0.375315734105864 0.328307543196558 6.86351032772045 
54.21076 0.215831587928214 0.463449670337172 0.631667570672493 -10.9184961140603 
54.17976 0.955381039170312 0.857244589752547 0.755147257596907 -14.6848298317854 
54.17958 1.55018775755806 0.463449670337172 0.367266775375011 1.085968017968 
54.1795 1.62842396503489 0.642348295853419 0.367266775375011 -10.9184961140603 
54.16416 0.215831587928214 0.463449670337172 0.631667570672493 5.15441502744885 
54.14876 1.66311067543227 0.603030668365122 0.631667570672493 -7.83726627702087 
54.14868 1.18005948125233 0.357737981480662 0.492414114798077 4.64367123392769 
54.14866 1.10792465121148 0.373178537975689 0.575519617134515 -10.7048597549525 
54.1331 1.62842396503489 0.642348295853419 0.631667570672493 -10.9184961140603 
54.11762 1.22802885583339 0.722427617772337 0.637547851758611 -14.6848298317854 
54.11754 0.215831587928214 0.463449670337172 0.631667570672493 -10.9184961140603 
54.10194 0.996348719810738 1.05372214991157 0.666711342741197 -7.83726627702087 
54.07112 1.55018775755806 0.603030668365122 0.631667570672493 -7.83726627702087 
54.07094 0.688328137945637 0.536111804265944 0.328307543196558 1.085968017968 
54.05544 1.22802885583339 0.642348295853419 0.575519617134515 -10.7048597549525 
54.05542 0.571413202267302 0.857244589752547 0.755147257596907 -10.9184961140603 
54.02448 0.87061117067961 0.857244589752547 0.471055565985151 -7.83726627702087 
54.02424 1.55018775755806 0.463449670337172 0.328307543196558 1.085968017968 
53.9932 0.571413202267302 0.857244589752547 0.755147257596907 -14.9594950000235 
53.9932 0.688328137945637 0.536111804265944 0.575519617134515 -10.7048597549525 
53.97766 0.571413202267302 0.463449670337172 0.721043263791179 -15.1258203224267 
53.96222 0.571413202267302 0.375315734105864 0.575519617134515 8.77234985476441 
53.96216 1.18005948125233 0.857244589752547 0.721043263791179 -14.9594950000235 
53.96202 1.18005948125233 0.357737981480662 0.328307543196558 2.85440782483867 
53.9468 1.66311067543227 0.603030668365122 0.631667570672493 -7.83726627702087 
53.94666 0.571413202267302 0.642348295853419 0.168775581775959 1.085968017968 
53.9466 0.955381039170312 0.463449670337172 0.367266775375011 -7.83726627702087 
53.93124 1.62842396503489 0.642348295853419 0.631667570672493 -7.83726627702087 
53.93108 1.10792465121148 0.373178537975689 0.328307543196558 1.085968017968 
53.91562 1.18005948125233 0.357737981480662 0.575519617134515 8.77234985476441 
53.91558 1.55018775755806 0.536111804265944 0.328307543196558 1.085968017968 
53.91552 0.955381039170312 0.603030668365122 0.631667570672493 -2.77884396655828 
53.91538 1.47786256252643 0.536111804265944 0.575519617134515 8.77234985476441 
53.9001 0.116906457639181 0.448791735193268 0.668645029827944 -0.371553858179183 
53.90002 0.571413202267302 0.857244589752547 0.755147257596907 -14.6848298317854 
53.85356 0.571413202267302 0.642348295853419 0.328307543196558 1.085968017968 
53.82232 1.62842396503489 0.642348295853419 0.328307543196558 6.86351032772045 
53.80674 1.62842396503489 0.642348295853419 0.328307543196558 1.085968017968 
53.79126 0.215831587928214 0.463449670337172 0.631667570672493 -7.83726627702087 
53.7912 0.688328137945637 0.857244589752547 0.755147257596907 -14.6848298317854 
53.76018 0.215831587928214 0.463449670337172 0.631667570672493 -7.83726627702087 
53.76016 1.55018775755806 0.57016385181319 0.367266775375011 5.15441502744885 
53.76014 0.513865330564358 0.463449670337172 0.367266775375011 -7.06660753948917 
53.75982 0.136478982763672 0.975897749125733 0.575519617134515 -16.8758890583532 
53.71338 1.55018775755806 1.16676901908235 0.575519617134515 -2.77884396655828 
53.69794 0.471815299729974 0.463449670337172 0.721043263791179 -14.9594950000235 
53.69778 1.22802885583339 1.16676901908235 0.328307543196558 -14.6848298317854 
53.65162 0.571413202267302 0.857244589752547 0.471055565985151 -7.83726627702087 
53.60484 0.688328137945637 1.10999112917792 0.651396249590701 -16.8758890583532 
53.6047 1.62842396503489 0.642348295853419 0.663979104641933 3.17836828555834 
53.54248 0.571413202267302 0.375315734105864 0.367266775375011 -7.06660753948917 
53.52712 0.955381039170312 0.561840441907283 0.721043263791179 3.17836828555834 
53.37188 0.387465299107503 0.790943832689612 0.799388103366435 1.085968017968 
53.35588 0.571413202267302 1.16676901908235 0.471055565985151 -16.8758890583532 
53.34068 0.136478982763672 0.975897749125733 0.328307543196558 4.64367123392769 
53.29364 0.513865330564358 0.642348295853419 0.367266775375011 -10.9184961140603 
53.23174 1.22802885583339 0.642348295853419 0.645062740589796 4.64367123392769 
53.10734 1.33021036825672 1.16676901908235 0.367266775375011 1.085968017968 
53.02988 0.688328137945637 1.10999112917792 0.328307543196558 1.085968017968 
52.9365 1.18005948125233 0.357737981480662 0.328307543196558 -7.83726627702087 
52.65646 0.215831587928214 0.375315734105864 0.328307543196558 -7.83726627702087 
52.65642 1.55018775755806 0.463449670337172 0.328307543196558 -14.6848298317854 
52.64098 0.215831587928214 0.463449670337172 0.206047332921294 -10.9184961140603 
52.6098 1.66311067543227 0.463449670337172 0.328307543196558 -14.6848298317854 
52.6098 1.55018775755806 0.463449670337172 0.328307543196558 -14.6848298317854 
52.57924 0.387465299107503 1.16676901908235 0.471055565985151 -3.41387827286475 
52.36114 1.55018775755806 0.463449670337172 0.471055565985151 -16.8758890583532 
52.23716 0.471815299729974 0.463449670337172 0.168775581775959 1.085968017968 
52.14398 0.688328137945637 1.16676901908235 0.328307543196558 1.085968017968 
51.70928 0.688328137945637 1.16676901908235 0.799388103366435 -2.77884396655828 
51.07232 0.688328137945637 1.05372214991157 0.755147257596907 5.15441502744885 
