54.56668 51.7766 3.95700329813039 1.45320665361498 -14.2243781805905 
54.56668 51.7766 4.36615871339379 1.40089427839472 -13.99333685039 
54.56668 51.7766 3.695511579022 1.4000738181077 -13.99333685039 
54.56668 51.7766 4.30317205609248 1.45320665361498 -14.2243781805905 
54.56668 51.7766 4.36615871339379 1.45320665361498 -14.2243781805905 
54.56668 51.7766 3.95700329813039 1.45320665361498 -14.2243781805905 
54.56668 51.7766 4.0583231741264 1.45320665361498 -13.99333685039 
54.56668 51.7766 4.43483250958633 1.4000738181077 -14.2243781805905 
54.56668 51.7766 3.695511579022 1.4000738181077 -14.2243781805905 
54.56668 51.7766 4.30317205609248 1.40089427839472 -13.99333685039 
54.56668 51.7766 4.30317205609248 1.40089427839472 -13.99333685039 
54.56668 51.7766 4.45328463138279 1.45320665361498 -14.2243781805905 
54.56668 51.7766 3.95700329813039 1.36060442031461 -14.2243781805905 
54.56668 51.7766 3.95700329813039 1.45320665361498 -14.2243781805905 
54.56668 51.7766 4.45328463138279 1.45320665361498 -13.99333685039 
54.56668 51.7766 4.0583231741264 1.40089427839472 -14.2243781805905 
54.56668 51.7766 4.36615871339379 1.36060442031461 -14.2243781805905 
54.56668 51.7766 3.695511579022 1.4000738181077 -13.99333685039 
54.56668 51.7766 4.36615871339379 1.45320665361498 -14.2243781805905 
54.56668 51.7766 3.695511579022 1.4000738181077 -13.99333685039 
54.56668 51.7766 4.0583231741264 1.40089427839472 -13.99333685039 
54.55 52.0812 3.695511579022 1.4000738181077 -11.2105131619208 
54.55 52.0812 4.45328463138279 1.33639658173366 -11.2105131619208 
54.55 52.0812 4.0583231741264 1.33639658173366 -11.2105131619208 
54.55 52.0812 3.95700329813039 1.40089427839472 -11.2105131619208 
54.55 52.0812 3.95700329813039 1.40089427839472 -11.2105131619208 
54.55 52.0812 3.65937259844335 1.33639658173366 -11.2105131619208 
54.55 52.0812 3.695511579022 1.4000738181077 -11.2105131619208 
54.55 52.0812 3.59577446686143 1.40089427839472 -11.2105131619208 
54.55 52.0812 3.695511579022 1.33639658173366 -11.2105131619208 
54.55 52.0812 3.95700329813039 1.32539953994659 -11.2105131619208 
54.55 52.0812 3.695511579022 1.4000738181077 -11.2105131619208 
54.55 52.0812 3.95700329813039 1.40089427839472 -11.2105131619208 
54.55 52.0812 4.0583231741264 1.33639658173366 -11.2105131619208 
54.55 51.9797 4.0583231741264 1.45320665361498 -11.0264055282508 
54.55 52.0812 3.95700329813039 1.45320665361498 -11.2105131619208 
54.55 52.0812 4.43483250958633 1.4000738181077 -11.2105131619208 
54.55 52.0812 3.95700329813039 1.40089427839472 -11.2105131619208 
54.55 52.0812 4.43483250958633 1.4000738181077 -11.2105131619208 
54.55 52.0812 3.65937259844335 1.33639658173366 -11.2105131619208 
54.53332 52.5888 3.65937259844335 1.53867634837475 -6.57471049539897 
54.53332 52.5888 3.59577446686143 1.53867634837475 -6.57471049539897 
54.53332 52.5888 3.695511579022 1.72216805978993 -6.57471049539897 
54.51668 51.7766 4.0583231741264 1.36060442031461 -11.6473192093485 
54.51668 51.7766 4.36615871339379 1.45320665361498 -11.6473192093485 
54.51668 51.7766 4.36615871339379 1.36060442031461 -11.6473192093485 
54.51668 51.7766 4.30317205609248 1.33639658173366 -11.6473192093485 
54.51668 51.7766 3.95700329813039 1.36060442031461 -11.6473192093485 
54.51668 51.7766 4.36615871339379 1.36060442031461 -11.6473192093485 
54.51668 51.7766 3.58122115093369 1.33639658173366 -11.6473192093485 
54.48334 51.8782 3.95700329813039 1.4000738181077 -17.0688924122423 
54.48334 51.8782 4.36615871339379 1.4000738181077 -17.0688924122423 
54.48334 51.8782 3.695511579022 1.4000738181077 -17.0688924122423 
54.48334 51.8782 3.695511579022 1.4000738181077 -17.0688924122423 
54.48334 51.8782 4.0583231741264 1.33639658173366 -16.5591295597088 
54.48334 51.8782 4.36615871339379 1.32458546043301 -17.0688924122423 
54.48334 51.8782 4.30317205609248 1.4000738181077 -17.0688924122423 
54.48334 51.8782 4.36615871339379 1.45320665361498 -17.0688924122423 
54.48334 51.8782 3.59577446686143 1.32539953994659 -17.9873538131693 
54.48332 52.6904 3.695511579022 1.90585303773475 -2.92348737792842 
54.48332 52.6904 4.43483250958633 1.90585303773475 -2.92348737792842 
54.46666 52.6904 3.95700329813039 1.72216805978993 3.76087850576312 
54.46666 52.6904 4.45328463138279 1.72216805978993 3.76087850576312 
54.46666 52.6904 4.43483250958633 1.90585303773475 6.18326474772893 
54.46666 52.6904 3.695511579022 1.72216805978993 2.92943693886585 
54.36666 51.6751 4.5886186068945 1.32539953994659 -11.2105131619208 
54.36666 51.6751 4.5886186068945 1.33639658173366 -11.2105131619208 
54.35 52.4873 4.36615871339379 1.82744675693321 -7.15153826752527 
54.35 52.4873 4.45328463138279 1.53867634837475 -7.15153826752527 
54.35 52.4873 4.36615871339379 1.90585303773475 -7.15153826752527 
54.33334 51.9797 4.36615871339379 1.45320665361498 2.92943693886585 
54.33334 51.9797 3.695511579022 1.32539953994659 -4.7780455119123 
54.33334 51.9797 4.0583231741264 1.40089427839472 4.99876243392325 
54.33334 51.9797 3.95700329813039 1.45320665361498 4.99876243392325 
54.33334 51.9797 3.65937259844335 1.33639658173366 6.18326474772893 
54.33334 51.9797 3.95700329813039 1.45320665361498 2.92943693886585 
54.33334 51.9797 4.30317205609248 1.4000738181077 2.92943693886585 
54.33334 51.9797 4.0583231741264 1.40089427839472 3.69324651683623 
54.33334 51.9797 4.36615871339379 1.03372500855121 9.6874741807569 
54.33334 51.9797 3.65937259844335 1.4000738181077 4.99876243392325 
54.33334 51.9797 3.695511579022 1.4000738181077 -2.92348737792842 
54.33334 51.9797 4.36615871339379 1.41709915130817 -1.10503268990144 
54.33334 51.9797 3.95700329813039 1.45320665361498 -2.92348737792842 
54.33332 51.7766 4.0583231741264 1.40089427839472 -6.59491790296009 
54.33332 51.7766 3.58122115093369 1.33639658173366 -6.57471049539897 
54.33332 51.7766 4.43483250958633 1.4000738181077 -6.57471049539897 
54.33332 51.7766 4.30317205609248 1.4000738181077 -6.57471049539897 
54.33332 51.7766 4.30317205609248 1.32539953994659 -6.57471049539897 
54.26668 51.8782 4.57374063660751 1.41709915130817 4.99876243392325 
54.25 52.2843 4.60296888149608 1.45320665361498 -14.2243781805905 
54.23334 52.0812 4.88769670938504 1.4000738181077 -13.99333685039 
53.93334 51.1675 4.43483250958633 1.90585303773475 -17.0688924122423 
53.85 51.6751 7.51686000709702 1.31142113975973 -13.99333685039 
53.83332 51.4721 4.43483250958633 1.90585303773475 -11.2105131619208 
53.83332 51.4721 3.81072109769582 1.88910160568625 -11.2105131619208 
53.83332 51.4721 4.45328463138279 1.53867634837475 -11.2105131619208 
53.8 52.2843 4.88769670938504 1.90585303773475 -11.2105131619208 
53.76668 51.1675 3.81072109769582 1.72216805978993 -13.99333685039 
53.75 51.066 3.95700329813039 1.95123053293171 -14.2243781805905 
53.73332 51.066 4.36615871339379 1.53867634837475 -11.6473192093485 
