52.85576 0.986147098102681 1.58747153417347 0.555052214386436 -18.7923849490993 
52.76262 1.67417821162645 1.29259564255867 0.0356985772319029 -17.5086601476206 
52.68486 1.67417821162645 1.59582672772588 0.0356985772319029 -17.5086601476206 
52.6694 0.851238184673363 1.12034634485571 0.112635428832889 -18.7923849490993 
52.59196 0.851238184673363 1.12034634485571 0.112635428832889 -18.7923849490993 
52.59164 1.96756041126478 1.34748702165778 0.219146754947515 -17.2386898127942 
52.45202 0.695414822934361 1.59582672772588 0.41675971425058 -19.4387210755162 
52.2193 0.851238184673363 1.12034634485571 0.112635428832889 -18.7923849490993 
52.12546 0.851238184673363 1.12034634485571 0.112635428832889 -11.8893885484846 
52.04852 0.851238184673363 1.12034634485571 0.112635428832889 -2.57920493342361 
52.04846 1.19366108363659 1.25314773743136 0.112635428832889 -11.8893885484846 
51.9405 1.96756041126478 1.12034634485571 0.112635428832889 -17.5086601476206 
51.93998 0.851238184673363 1.12034634485571 0.112635428832889 -18.7923849490993 
51.93958 0.538053535786737 1.12034634485571 0.555052214386436 0.331885183488154 
51.9095 0.367757071027397 0.410373672236139 0.113516410689406 5.37266450399109 
51.8933 0.851238184673363 0.410373672236139 0.113516410689406 5.37266450399109 
51.89312 0.243550848126806 0.921260598783169 0.279407963270345 -17.5086601476206 
51.87784 0.986147098102681 0.410373672236139 0.113516410689406 5.37266450399109 
51.83108 0.554159230368026 1.04843773086505 0.41675971425058 -19.4387210755162 
51.8171 1.47136328171708 1.58747153417347 0.0617694556028354 -17.5086601476206 
51.81542 1.7735317207478 0.40752713646532 0.0617694556028354 -2.21763252907074 
51.78482 1.7788643226746 1.58747153417347 0.555052214386436 -18.7923849490993 
51.76972 1.67417821162645 0.134504548190526 0.0322830665831969 -9.51577783264462 
51.73908 1.17100047766308 0.44818782158809 0.119976945697365 -2.21763252907074 
51.73836 0.851238184673363 0.44818782158809 0.086633607542177 -9.51577783264462 
51.73802 1.7788643226746 0.356806576741256 0.0617694556028354 -2.57920493342361 
51.723 0.986147098102681 0.40752713646532 0.086633607542177 -17.2386898127942 
51.72262 1.96756041126478 1.59582672772588 0.305790093132367 -13.8135652902064 
51.70864 1.17100047766308 1.29259564255867 0.0356985772319029 -17.5086601476206 
51.70736 0.851238184673363 0.44818782158809 0.086633607542177 -18.7923849490993 
51.70672 1.72018112742441 0.443349553268985 0.0617694556028354 -2.21763252907074 
51.67628 1.72018112742441 0.443349553268985 0.0617694556028354 -17.0625686490531 
51.67538 0.851238184673363 1.13910909193228 0.0169897998579916 -11.8893885484846 
51.6612 0.986147098102681 0.134504548190526 0.0322830665831969 -9.51577783264462 
51.66116 0.367757071027397 0.410373672236139 0.0356985772319029 -17.5086601476206 
51.66116 1.70921555441265 0.356806576741256 0.0617694556028354 -18.7923849490993 
51.66096 0.986147098102681 1.58747153417347 0.555052214386436 -17.5086601476206 
51.66078 0.554159230368026 0.44818782158809 0.086633607542177 9.81603932922603 
51.64548 1.7735317207478 0.40752713646532 0.0322830665831969 -18.7923849490993 
51.64538 0.986147098102681 1.58747153417347 0.555052214386436 -18.7923849490993 
51.6299 1.72018112742441 0.443349553268985 0.0617694556028354 -19.4387210755162 
51.62884 1.72018112742441 0.443349553268985 0.0617694556028354 1.31845885409454 
51.6142 1.7735317207478 0.40752713646532 0.119976945697365 0.331885183488154 
51.59876 0.986147098102681 0.356806576741256 0.0617694556028354 -17.5086601476206 
51.5831 0.851238184673363 0.410373672236139 0.113516410689406 5.37266450399109 
51.55256 1.7788643226746 0.356806576741256 0.0617694556028354 -18.7923849490993 
51.55206 1.7735317207478 0.40752713646532 0.086633607542177 -17.2386898127942 
51.53702 0.533012553121453 0.410373672236139 0.113516410689406 5.37266450399109 
51.52124 0.367757071027397 0.410373672236139 0.113516410689406 -18.7923849490993 
51.52078 1.72018112742441 0.443349553268985 0.0617694556028354 -2.21763252907074 
51.49002 0.752079939105492 0.44818782158809 0.086633607542177 9.81603932922603 
51.4741 1.72018112742441 0.443349553268985 0.0617694556028354 -2.21763252907074 
51.45932 0.851238184673363 1.12034634485571 0.112635428832889 -11.8893885484846 
51.44392 0.851238184673363 1.13910909193228 0.337634691964915 -9.8544002139004 
51.42876 0.243550848126806 1.04843773086505 0.587561175688175 9.81603932922603 
51.42792 1.17100047766308 0.44818782158809 0.086633607542177 -2.57920493342361 
51.36548 1.96756041126478 1.12034634485571 0.555052214386436 -18.7923849490993 
51.33456 0.851238184673363 1.12034634485571 0.086633607542177 -2.57920493342361 
51.3196 0.851238184673363 1.12034634485571 0.112635428832889 -18.7923849490993 
51.3189 0.986147098102681 1.6979054517571 0.0169897998579916 -2.21763252907074 
51.30416 0.367757071027397 0.40752713646532 0.086633607542177 -2.57920493342361 
51.3041 1.7985940463701 0.410373672236139 0.113516410689406 -2.57920493342361 
51.25778 0.533012553121453 0.40752713646532 0.086633607542177 -4.63059311297364 
51.2576 0.568766387716844 1.32776000692521 0.587561175688175 3.81752921663001 
51.21094 0.851238184673363 0.134504548190526 0.112635428832889 -18.7923849490993 
51.19388 0.851238184673363 1.13910909193228 0.555052214386436 -2.21763252907074 
51.16618 1.96756041126478 1.29259564255867 0.0356985772319029 -17.5086601476206 
51.1644 0.851238184673363 0.134504548190526 0.086633607542177 5.37266450399109 
51.1335 0.851238184673363 1.13910909193228 0.555052214386436 -17.5086601476206 
51.13304 1.7735317207478 0.40752713646532 0.086633607542177 -4.63059311297364 
51.11752 1.67417821162645 0.134504548190526 0.086633607542177 5.37266450399109 
51.03986 0.533012553121453 0.412297867881927 0.279407963270345 -2.21763252907074 
51.02446 0.986147098102681 1.58747153417347 0.555052214386436 -18.7923849490993 
50.8849 1.7735317207478 0.410373672236139 0.113516410689406 5.37266450399109 
50.83818 1.72018112742441 0.443349553268985 0.43558313712128 -2.57920493342361 
50.83776 0.243550848126806 0.921260598783169 0.544101447794862 -18.7923849490993 
50.80694 1.7735317207478 0.40752713646532 0.0322830665831969 5.37266450399109 
50.74544 0.986147098102681 1.29259564255867 0.41675971425058 -13.4508624928059 
50.66756 0.851238184673363 1.12034634485571 0.751501378619113 -17.2386898127942 
50.58964 0.367757071027397 1.13910909193228 0.555052214386436 -2.21763252907074 
50.57344 1.7735317207478 1.25314773743136 0.751501378619113 -17.2386898127942 
50.52722 0.851238184673363 1.25314773743136 0.751501378619113 -4.63059311297364 
50.49646 0.752079939105492 1.04843773086505 0.92670511675033 -17.2386898127942 
50.46532 0.851238184673363 1.12034634485571 0.112635428832889 -18.7923849490993 
50.4647 1.7735317207478 0.412297867881927 0.279407963270345 1.31845885409454 
50.45094 1.14788948158936 1.58747153417347 0.555052214386436 5.92512760923121 
50.43482 0.243550848126806 1.58747153417347 0.555052214386436 -18.7923849490993 
50.41824 0.851238184673363 1.13910909193228 0.219146754947515 0.229654596284448 
50.37214 0.986147098102681 1.04843773086505 0.587561175688175 9.81603932922603 
50.09418 0.851238184673363 1.12034634485571 0.112635428832889 -2.21763252907074 
50.04668 0.243550848126806 1.04843773086505 0.587561175688175 9.81603932922603 
49.95252 1.67417821162645 1.13910909193228 0.555052214386436 -2.21763252907074 
49.90706 0.568766387716844 1.32776000692521 0.587561175688175 -18.7923849490993 
49.73604 0.367757071027397 1.25314773743136 0.751501378619113 -18.089800324704 
49.65864 1.96756041126478 0.412297867881927 0.544101447794862 3.81752921663001 
49.59546 0.986147098102681 1.29259564255867 0.0356985772319029 1.31845885409454 
49.47132 1.96756041126478 1.59582672772588 0.41675971425058 -2.21763252907074 
49.14668 0.986147098102681 1.12034634485571 0.112635428832889 5.37266450399109 
49.0087 1.7788643226746 0.356806576741256 0.555052214386436 -18.7923849490993 
48.83616 0.986147098102681 1.29259564255867 0.113516410689406 5.37266450399109 
