55.03422 1.0 1.02624195163448 0.658396677589396 -15.7385496955394 
54.95658 1.0 1.02624195163448 0.658396677589396 -15.7385496955394 
54.8789 1.0 1.02624195163448 0.658396677589396 -15.7385496955394 
54.81678 1.0 1.02624195163448 0.658396677589396 -15.7385496955394 
54.77004 1.0 1.02624195163448 0.658396677589396 -15.7385496955394 
54.75452 1.0 1.02624195163448 0.658396677589396 -15.7385496955394 
54.73904 1.0 1.02624195163448 0.644950950452826 -7.9857093982616 
54.73902 1.0 0.843677061984727 0.658396677589396 -9.63353677016912 
54.70796 1.0 0.769719340967699 0.658396677589396 -7.9857093982616 
54.66146 1.0 0.688951965797687 0.554280306535243 -7.95359813393436 
54.64576 1.0 1.02624195163448 0.492927565561839 -7.17438713844665 
54.64574 1.0 0.769719340967699 0.642380350396767 -7.17438713844665 
54.63022 1.0 1.02624195163448 0.658396677589396 -15.7385496955394 
54.58368 1.0 0.723123350680039 0.492927565561839 -7.17438713844665 
54.58368 1.0 1.02624195163448 0.658396677589396 -15.7385496955394 
54.56812 1.0 0.769719340967699 0.658396677589396 -7.95359813393436 
54.52134 1.0 0.843677061984727 0.285766228028558 -9.78783521096471 
54.50624 1.0 1.28526937134496 0.642380350396767 -15.7385496955394 
54.5059 1.0 0.688951965797687 0.276630895369813 -7.17438713844665 
54.49052 1.0 0.688951965797687 0.554280306535243 -7.95359813393436 
54.49048 1.0 0.723123350680039 0.492927565561839 -6.65846201572013 
54.49046 1.0 0.769719340967699 0.658396677589396 -7.9857093982616 
54.4749 1.0 1.02624195163448 0.658396677589396 -15.7385496955394 
54.45934 1.0 0.769719340967699 0.658396677589396 -7.9857093982616 
54.42834 1.0 0.688951965797687 0.554280306535243 -7.95359813393436 
54.4128 1.0 0.723123350680039 0.492927565561839 -6.65846201572013 
54.41272 1.0 1.02624195163448 0.276630895369813 -9.78783521096471 
54.39732 1.0 1.02624195163448 0.658396677589396 -15.7385496955394 
54.38172 1.0 1.02624195163448 0.658396677589396 -15.7385496955394 
54.36604 1.0 0.688951965797687 0.276630895369813 -7.95359813393436 
54.35072 1.0 0.843677061984727 0.276630895369813 -7.95359813393436 
54.3507 1.0 0.688951965797687 0.658396677589396 -7.95359813393436 
54.3352 1.0 0.769719340967699 0.642380350396767 -9.63353677016912 
54.33502 1.0 0.688951965797687 0.644950950452826 -6.65846201572013 
54.31936 1.0 0.688951965797687 0.276630895369813 -7.95359813393436 
54.30378 1.0 0.688951965797687 0.276630895369813 -7.95359813393436 
54.25744 1.0 0.839691134169977 0.644950950452826 -12.8137677780031 
54.25716 1.0 0.688951965797687 0.276630895369813 -7.95359813393436 
54.24198 1.0 0.462721663224996 0.565317074311326 -3.17450435403089 
54.24188 1.0 0.688951965797687 0.658396677589396 -15.7385496955394 0.257933346327668
54.2417 1.0 0.688951965797687 0.276630895369813 -7.95359813393436 
54.24166 1.0 0.688951965797687 0.276630895369813 -7.95359813393436 
54.21086 1.0 1.02624195163448 0.658396677589396 -7.95359813393436 
54.1953 1.0 1.02624195163448 0.743320411122121 -12.8137677780031 
54.1953 1.0 1.02624195163448 0.658396677589396 -7.95359813393436 
54.1799 1.0 1.02624195163448 0.658396677589396 -12.8137677780031 
54.17962 1.0 0.843677061984727 0.554280306535243 -2.81244509445298 
54.16416 1.0 0.514312932776877 0.534938937139336 -12.8137677780031 
54.16414 1.0 0.843677061984727 0.766994144544658 -11.2706644266265 0.139669244191563
54.14866 1.0 0.723123350680039 0.492927565561839 -2.81244509445298 
54.14866 1.0 0.839691134169977 0.766994144544658 -11.2706644266265 
54.14862 1.0 0.769719340967699 0.686138738732702 -7.17438713844665 
54.13312 1.0 0.438599938757856 0.501410519695091 -8.16388956549403 
54.13288 1.0 0.769719340967699 0.285766228028558 -9.63353677016912 
54.10224 1.0 1.02624195163448 0.534938937139336 -9.63353677016912 
54.10204 1.0 0.843677061984727 0.658396677589396 -15.7385496955394 
54.10198 1.0 0.723123350680039 0.658396677589396 -6.01777973089018 
54.08652 1.0 0.843677061984727 0.658396677589396 -15.7385496955394 
54.07098 1.0 1.02624195163448 0.743320411122121 -15.7385496955394 
54.07096 1.0 0.843677061984727 0.658396677589396 -15.7385496955394 
54.0709 1.0 0.462721663224996 0.642380350396767 -15.7385496955394 
54.05542 1.0 0.702919672159852 0.658396677589396 -15.7385496955394 
54.05542 1.0 0.663382646162008 0.644950950452826 -15.7385496955394 
54.05534 1.0 0.769719340967699 0.766994144544658 -7.17438713844665 0.879765179925432
54.02434 1.0 0.508684433879901 0.534938937139336 -7.17438713844665 
54.0243 1.0 1.02624195163448 0.658396677589396 -7.9857093982616 
54.02428 1.0 0.769719340967699 0.285766228028558 -1.65070851864403 
54.02418 1.0 0.843677061984727 0.644950950452826 -6.65846201572013 
54.0088 1.0 1.02624195163448 0.772454428596829 -9.78783521096471 
54.0088 1.0 0.843677061984727 0.276630895369813 -1.65070851864403 
53.99326 1.0 0.514312932776877 0.554280306535243 -7.95359813393436 
53.97782 1.0 1.02624195163448 0.658396677589396 -8.16388956549403 
53.97772 1.0 0.438599938757856 0.658807434726163 -6.65846201572013 
53.96224 1.0 0.843677061984727 0.743320411122121 -12.8137677780031 
53.96198 1.0 0.688951965797687 0.658807434726163 -3.60834902973284 
53.94676 1.0 0.839691134169977 0.534938937139336 -8.16388956549403 
53.9467 1.0 0.723123350680039 0.658396677589396 -9.63353677016912 
53.94664 1.0 0.688951965797687 0.743320411122121 -12.8137677780031 
53.94656 1.0 0.514312932776877 0.319497010316919 5.71043807056018 
53.9156 1.0 0.462721663224996 0.642380350396767 -9.63353677016912 
53.90008 1.0 0.855826151727614 0.766994144544658 -11.2706644266265 
53.88438 1.0 0.843677061984727 0.766994144544658 -7.95359813393436 
53.869 1.0 0.769719340967699 0.766994144544658 -11.2706644266265 
53.85328 1.0 1.02624195163448 0.658396677589396 -3.17450435403089 
53.83788 1.0 0.769719340967699 0.658396677589396 -15.7385496955394 
53.7447 1.0 0.688951965797687 0.743320411122121 -9.63353677016912 
53.72902 1.0 0.769719340967699 0.642380350396767 -1.65070851864403 
53.6355 1.0 0.688951965797687 0.501410519695091 -15.7385496955394 
53.51128 1.0 0.462721663224996 0.565317074311326 -15.7385496955394 
53.35598 1.0 0.514312932776877 0.554280306535243 -15.7385496955394 
53.30934 1.0 0.663382646162008 0.658396677589396 -18.9873051955377 
53.21606 1.0 0.688951965797687 0.276630895369813 -9.63353677016912 
53.16926 1.0 0.514312932776877 0.276630895369813 -7.95359813393436 
52.9983 1.0 0.688951965797687 0.276630895369813 -11.2706644266265 
52.8587 1.0 0.688951965797687 0.227207783376378 -7.95359813393436 
52.8276 1.0 0.29256085476478 0.127079643764089 -9.63353677016912 
52.71862 1.0 0.688951965797687 0.276630895369813 -15.7385496955394 
52.64112 1.0 1.02624195163448 0.276630895369813 -15.7385496955394 
52.62544 1.0 0.843677061984727 0.276630895369813 -15.7385496955394 
52.61036 1.0 1.28526937134496 0.642380350396767 -1.65070851864403 
