53.19876 1.33518897571019 0.269973925993131 0.247457817332383 5.24639534530692 
53.15218 1.92433720179242 0.104469723082755 0.308370160492911 -8.71558858702947 
53.10558 1.33518897571019 0.166433118542312 0.139502044575678 3.80287213150019 
53.09008 0.785509551422718 0.104469723082755 0.308370160492911 3.80287213150019 
53.07454 1.33518897571019 0.166433118542312 0.139502044575678 3.80287213150019 
53.02798 1.92433720179242 0.409578705232283 0.475391531474641 -10.2483544667711 
53.02796 1.92433720179242 0.229786588661831 0.433842935249798 -10.2483544667711 
53.02794 1.91376477680273 0.227613172222583 0.274090836464344 -9.57055827334322 
53.02794 1.89648292989958 0.426400948922085 0.448921902367599 -11.8543142133901 
53.01244 0.199989733998812 0.166433118542312 0.178206114739098 3.80287213150019 
53.01244 0.299935802719207 0.166433118542312 0.139502044575678 7.62704124895528 
53.01244 1.33518897571019 0.166433118542312 0.131349451576959 3.80287213150019 
53.01242 1.33518897571019 0.104469723082755 0.308370160492911 -8.71558858702947 
53.01242 1.77557773059469 0.409578705232283 0.475391531474641 -10.2483544667711 
52.99692 1.89648292989958 0.229786588661831 0.433842935249798 -10.2483544667711 
52.9969 0.188579579568485 0.227613172222583 0.178206114739098 3.80287213150019 
52.99688 1.72154255193846 0.227613172222583 0.475391531474641 -10.2483544667711 
52.99688 1.33518897571019 0.154288318374817 0.131349451576959 3.80287213150019 
52.98138 1.44160119297173 0.20995680678097 0.178206114739098 3.80287213150019 
52.98136 1.72154255193846 0.154288318374817 0.139502044575678 7.62704124895528 
52.96586 1.33518897571019 0.409614813961386 0.379396474629632 -10.2483544667711 
52.96584 1.44160119297173 0.762862103187341 0.441694690372851 -10.5902963543006 
52.96584 1.72154255193846 1.45526660494217 0.132032240533986 -9.57055827334322 
52.95034 1.44160119297173 0.104469723082755 0.308370160492911 -8.71558858702947 
52.95034 1.89648292989958 0.269973925993131 0.247457817332383 5.24639534530692 
52.95032 1.77557773059469 0.894322856741074 0.247457817332383 -10.2483544667711 
52.95032 1.44160119297173 0.104469723082755 0.308370160492911 -8.71558858702947 
52.9348 1.44160119297173 0.20995680678097 0.475391531474641 -10.2483544667711 
52.91926 1.33518897571019 0.648535022763677 0.475391531474641 -12.2560972910143 
52.91924 1.33518897571019 0.269973925993131 0.247457817332383 -6.27637681600127 
52.90372 1.89648292989958 0.648535022763677 0.475391531474641 -10.2483544667711 
52.90372 1.92433720179242 0.104469723082755 0.475391531474641 -10.2483544667711 
52.90372 1.44160119297173 0.409578705232283 0.475391531474641 -10.2483544667711 
52.8882 1.92433720179242 0.104469723082755 0.308370160492911 -10.5902963543006 
52.8882 1.92433720179242 0.20995680678097 0.475391531474641 -12.2560972910143 
52.8882 1.77557773059469 0.20995680678097 0.475391531474641 5.24639534530692 
52.87268 0.695081313791956 0.366307301086285 0.433842935249798 -10.2483544667711 
52.87268 1.33518897571019 0.104469723082755 0.441694690372851 -10.5902963543006 
52.87268 1.91376477680273 0.269973925993131 0.247457817332383 5.24639534530692 
52.87266 1.92433720179242 0.104469723082755 0.308370160492911 -10.5902963543006 
52.87266 1.77557773059469 0.20995680678097 0.475391531474641 -12.2560972910143 
52.85716 0.199989733998812 0.269973925993131 0.247457817332383 5.24639534530692 
52.85714 1.44160119297173 0.20995680678097 0.475391531474641 -12.2560972910143 
52.84162 1.77557773059469 1.38363614843833 0.247457817332383 -13.736839929964 
52.8416 1.44160119297173 0.20995680678097 0.139502044575678 3.80287213150019 
52.8261 1.92433720179242 0.227613172222583 0.475391531474641 -3.20595022987099 
52.82608 1.89648292989958 0.648535022763677 0.475391531474641 -10.2483544667711 
52.81054 1.33518897571019 0.426400948922085 0.448921902367599 -11.8543142133901 
52.79504 1.72154255193846 1.38363614843833 0.247457817332383 -13.736839929964 
52.77952 0.785509551422718 0.20995680678097 0.475391531474641 -10.5902963543006 
52.77952 0.337852515162126 0.409614813961386 0.379396474629632 -5.21847130530325 
52.7795 1.77557773059469 0.104469723082755 0.308370160492911 -10.5902963543006 
52.76398 1.92433720179242 0.178933809262615 0.453397912318539 2.82891961196761 
52.76398 0.199989733998812 0.672039949579242 0.441694690372851 -8.71558858702947 
52.76398 1.68131750307363 0.166433118542312 0.139502044575678 7.62704124895528 
52.74846 1.91376477680273 0.227613172222583 0.274090836464344 3.80287213150019 
52.74846 0.785509551422718 0.426400948922085 0.448921902367599 -11.8543142133901 
52.74844 1.77557773059469 0.154288318374817 0.139502044575678 3.80287213150019 
52.73294 1.90428469138564 0.104469723082755 0.247457817332383 -10.5902963543006 
52.7174 0.567094958223972 0.20995680678097 0.475391531474641 -10.2483544667711 
52.7174 1.33518897571019 0.269973925993131 0.247457817332383 -10.5902963543006 
52.71738 0.199989733998812 0.233071577327426 0.308370160492911 -8.71558858702947 
52.70188 1.92433720179242 0.20995680678097 0.178206114739098 3.80287213150019 
52.68634 0.72993191837408 0.20995680678097 0.475391531474641 -12.2560972910143 
52.68634 1.92433720179242 0.104469723082755 0.308370160492911 -13.736839929964 
52.68632 0.299935802719207 0.233071577327426 0.308370160492911 -10.5902963543006 
52.68632 0.199989733998812 0.269973925993131 0.274113449802894 -8.71558858702947 
52.68632 0.188579579568485 0.269973925993131 0.274113449802894 -8.71558858702947 
52.68632 0.454742111684588 0.269973925993131 0.247457817332383 -10.2483544667711 
52.68632 1.33518897571019 1.35096539599858 0.18312798873227 -13.736839929964 
52.67082 0.627474534075899 0.178933809262615 0.453397912318539 2.82891961196761 
52.67082 1.92433720179242 0.166433118542312 0.139502044575678 3.80287213150019 
52.6708 1.36099275573751 0.366307301086285 0.725015604926834 -16.4317507033926 
52.6708 0.188579579568485 0.227613172222583 0.274113449802894 -8.71558858702947 
52.65528 0.199989733998812 0.104469723082755 0.308370160492911 -10.5902963543006 
52.65528 1.77557773059469 0.269973925993131 0.247457817332383 5.24639534530692 
52.63976 1.44160119297173 0.762862103187341 0.308370160492911 -8.71558858702947 
52.63974 0.188579579568485 0.227613172222583 0.178206114739098 -11.8543142133901 
52.63974 0.199989733998812 0.166433118542312 0.132032240533986 -11.8543142133901 
52.63974 0.337852515162126 0.269973925993131 0.247457817332383 -10.2483544667711 
52.63974 0.785509551422718 0.894322856741074 0.247457817332383 -17.0429851145133 
52.63974 0.337852515162126 0.409614813961386 0.379396474629632 -12.2560972910143 
52.63974 0.770139967532902 0.154288318374817 0.0804185752498721 -16.4317507033926 
52.63974 0.695081313791956 0.269973925993131 0.102823024070244 -10.2483544667711 
52.63974 0.199989733998812 0.166433118542312 0.18312798873227 -8.71558858702947 
52.63974 0.199989733998812 0.166433118542312 0.132032240533986 -9.57055827334322 
52.62422 1.77557773059469 0.154288318374817 0.131349451576959 -11.8543142133901 
52.59318 0.72993191837408 0.20995680678097 0.308370160492911 3.80287213150019 
52.57764 0.199989733998812 0.166433118542312 0.0804185752498721 3.80287213150019 
52.51554 0.770139967532902 1.45526660494217 0.247457817332383 -10.5902963543006 
52.51554 0.770139967532902 0.234931656183375 0.308370160492911 -0.318979116267499 
52.50002 1.92433720179242 0.178933809262615 0.453397912318539 2.82891961196761 
52.48448 0.785509551422718 0.409614813961386 0.379396474629632 5.24639534530692 
52.4379 1.72154255193846 0.269973925993131 0.178206114739098 7.62704124895528 
52.43786 1.89648292989958 0.269973925993131 0.247457817332383 5.24639534530692 
52.08074 1.89648292989958 0.426400948922085 0.448921902367599 3.80287213150019 
51.72362 1.33518897571019 1.35096539599858 0.308370160492911 3.80287213150019 
