54.88738 1.05189972533611 1.51503416602199 0.704218945115212 -13.2293972318343 
54.79414 0.665682765522233 0.69210614362502 0.716774811155218 -3.02100696650008 
54.71644 1.78815878728607 1.20002532547528 0.620743824999008 -9.86616702758106 
54.65428 1.20402242635199 0.890380060335532 0.553124615351664 -7.34187064128868 
54.65428 0.966559261386756 0.77704268863919 0.622768658542108 -5.84817551152575 
54.63874 1.20704302162991 0.890380060335532 0.553124615351664 -5.99824573654949 
54.63874 0.76429741330178 1.37137197143518 0.633886552642999 -14.5752350352992 
54.63874 1.36031058941843 1.80892639649389 0.631397549330928 -11.9564620315177 
54.6232 0.253970628882555 0.713695970316921 0.396580592979967 -4.48732317857726 
54.57658 1.05189972533611 0.863437109154427 0.622768658542108 -6.89715001684299 
54.57658 0.665682765522233 0.69210614362502 0.716774811155218 -3.02100696650008 
54.57658 0.501987450218969 0.5419950701253 0.785991195915516 -1.39837432609077 
54.5455 1.09127029229331 0.863437109154427 0.622768658542108 -6.89715001684299 
54.52996 1.34779332635525 0.890380060335532 0.553124615351664 -6.84325175799749 
54.52996 0.304496004354699 0.865528877579587 0.620743824999008 -9.86616702758106 
54.51442 1.78815878728607 1.20002532547528 0.718109227837336 -10.8323383160562 
54.51442 0.39401042605872 0.766861389359653 0.485018218544305 -7.34187064128868 
54.51442 0.766119279180007 0.865528877579587 0.807074138479347 -6.61017037168726 
54.51442 0.304496004354699 0.865528877579587 0.620743824999008 -10.8323383160562 
54.49888 1.10882759874916 0.730459610999263 0.553124615351664 -6.84325175799749 
54.48334 0.202860926029529 0.895780601506928 0.361075498077415 -6.95625735964605 
54.48334 0.253970628882555 0.713695970316921 0.553124615351664 -5.99824573654949 
54.48334 1.05189972533611 0.284303585769874 0.699371421616169 -0.914735022147184 
54.4678 1.90571386208208 0.803586756815817 0.703494361143447 -7.34726073147534 
54.4678 0.481603954741069 1.10662522502957 0.602686855654586 -9.91541826583379 
54.4678 1.6989636426744 0.730459610999263 0.622768658542108 -8.46146557651004 
54.4678 1.1741289413179 0.890380060335532 0.553124615351664 -7.34187064128868 
54.45226 0.304496004354699 0.616664211909679 0.666425301593196 -4.48732317857726 
54.45226 0.169230668795656 0.69210614362502 0.300133842557695 -3.361188374517 
54.45226 0.282836028908752 0.77704268863919 0.505375596898649 -6.84325175799749 
54.45226 1.5948902712235 0.730459610999263 0.622768658542108 -8.46146557651004 
54.45226 1.1741289413179 0.865528877579587 0.555774716264349 -7.34187064128868 
54.45226 0.501987450218969 0.862983394510962 0.482799868991782 -8.77692163836947 
54.45226 1.59241149948848 0.927953066653762 0.555774716264349 -7.50266321658451 
54.45226 0.253970628882555 0.713695970316921 0.514007376121007 -6.20967879651921 
54.43672 0.35343573732498 1.08342336029513 0.620743824999008 -10.8564896395155 
54.43672 0.39401042605872 0.766861389359653 0.485018218544305 -8.46146557651004 
54.43672 0.638319851503527 0.662880360509369 0.553124615351664 -4.16990083354271 
54.43672 1.36052157729251 0.438251162507909 0.684670252401157 -4.16990083354271 
54.43672 0.928258422570741 0.77704268863919 0.703494361143447 -7.34726073147534 
54.42118 0.76429741330178 0.916016053084908 0.648365367523053 -6.84325175799749 
54.42118 0.39401042605872 0.766861389359653 0.485018218544305 -6.95625735964605 
54.42118 0.304496004354699 0.814148067754371 0.44206357235926 -5.18356501435797 
54.42118 1.1741289413179 0.890380060335532 0.553124615351664 -7.19206959728545 
54.42118 0.481603954741069 0.890380060335532 0.553124615351664 -6.84325175799749 
54.40564 1.10882759874916 0.890380060335532 0.553124615351664 -5.99824573654949 0.179873814836551
54.40564 0.986319319135455 0.865528877579587 0.553124615351664 -6.84325175799749 
54.40564 1.36031058941843 0.863437109154427 0.555774716264349 -7.34187064128868 
54.40564 1.05189972533611 0.338411399916201 0.785991195915516 -1.39837432609077 
54.40564 0.760863182802147 0.895780601506928 0.729416554460369 -5.99824573654949 
54.40564 1.48077209398906 1.80892639649389 0.631397549330928 -14.9350790505876 0.828247621406874
54.3901 1.6989636426744 0.711305963158496 0.81980371070232 -5.99824573654949 
54.3901 1.09127029229331 0.863437109154427 0.622768658542108 -7.50266321658451 
54.3901 0.812710075661812 0.890380060335532 0.704218945115212 -6.84325175799749 
54.37456 1.10456922895038 0.890380060335532 0.5285531449617 -7.50266321658451 
54.37456 1.88663949107724 1.10662522502957 0.602686855654586 -9.91541826583379 
54.37456 0.751499019891518 0.713695970316921 0.396580592979967 -4.48732317857726 
54.37456 1.05028789435229 0.865528877579587 0.485018218544305 -6.95625735964605 
54.37456 0.536159316215227 0.338411399916201 0.83377674000837 -1.05358658018652 
54.35902 0.604400102356416 0.5419950701253 0.83377674000837 -1.12652286433011 
54.35902 1.59241149948848 0.927953066653762 0.765907408401149 -11.0631446633135 
54.35902 1.48077209398906 0.585181101834775 0.81980371070232 -3.19845613688535 
54.35902 0.928258422570741 0.803586756815817 0.622768658542108 -7.50266321658451 
54.35902 1.85858801166324 0.890380060335532 0.807074138479347 -7.92283449900943 
54.35902 1.36031058941843 0.713695970316921 0.514007376121007 -6.20967879651921 
54.34348 1.36031058941843 0.863437109154427 0.647691068057122 -9.86616702758106 
54.34348 0.643879623907369 1.39347617811431 0.361075498077415 -6.95625735964605 
54.34348 0.546113027624278 0.713695970316921 0.553912073237113 -5.3680939064558 
54.32794 1.20704302162991 0.753530837479914 0.876175183032986 -6.89715001684299 
54.32794 0.481603954741069 0.890380060335532 0.555774716264349 -7.34187064128868 
54.32794 0.501987450218969 0.890380060335532 0.876175183032986 -5.83208735806757 
54.32794 0.481603954741069 0.5419950701253 0.83377674000837 -1.05358658018652 
54.32794 1.30222156075514 0.863437109154427 0.620743824999008 -7.34187064128868 
54.32794 1.1741289413179 0.890380060335532 0.553124615351664 -7.19206959728545 
54.3124 0.76429741330178 0.895780601506928 0.729416554460369 -5.99824573654949 
54.3124 1.30222156075514 0.863437109154427 0.620743824999008 -9.86616702758106 
54.3124 1.30222156075514 0.863437109154427 0.620743824999008 -6.84325175799749 
54.3124 1.48077209398906 1.20002532547528 0.718109227837336 -11.0631446633135 
54.3124 1.34779332635525 1.02140997528217 0.602686855654586 -9.91541826583379 
54.3124 0.966559261386756 0.284303585769874 0.704218945115212 -6.61017037168726 
54.3124 0.665682765522233 0.69210614362502 0.716774811155218 -3.02100696650008 
54.29686 1.09127029229331 0.450150456489031 0.647691068057122 -9.86616702758106 
54.29686 0.304496004354699 0.82253611429762 0.396580592979967 -4.48732317857726 
54.29686 0.15500263701501 0.863437109154427 0.620743824999008 -9.86616702758106 
54.29686 1.88663949107724 0.83044658118269 0.743799093718429 -6.95625735964605 
54.29686 0.766119279180007 1.20002532547528 0.718109227837336 -10.8323383160562 
54.29686 0.604400102356416 0.5419950701253 0.814336561852815 -3.19845613688535 
54.29686 0.380674495536642 0.494328757206425 0.81980371070232 -3.19845613688535 
54.29686 0.501987450218969 0.890380060335532 0.553124615351664 -6.84325175799749 
54.28132 0.928258422570741 0.378707062621604 0.93978523258301 -6.95625735964605 
54.28132 0.39401042605872 0.730459610999263 0.899480676536516 -3.361188374517 
54.28132 1.44536298407083 0.863437109154427 0.622768658542108 -6.89715001684299 
54.28132 1.9785946002062 0.757574221126681 0.555774716264349 -7.34187064128868 
54.28132 0.604400102356416 1.32439427828577 0.44206357235926 -7.26846852095157 
54.28132 0.877632740523944 0.69210614362502 0.505375596898649 -5.18356501435797 
54.28132 0.751499019891518 0.890380060335532 0.553124615351664 -7.34187064128868 
54.26578 1.23287948047903 0.387748436647578 0.785991195915516 -1.39837432609077 
54.26578 1.85858801166324 1.02140997528217 0.5285531449617 -7.50266321658451 
54.26578 0.501987450218969 0.862983394510962 0.553124615351664 -7.19206959728545 
54.26578 0.76429741330178 0.412034339350124 0.666425301593196 4.49509073380206 
54.26578 0.536159316215227 0.284303585769874 0.693023799290717 -3.23398439996033 
54.26578 1.45668107667203 1.82186610902753 0.553912073237113 -7.34726073147534 
54.26578 1.05189972533611 1.51503416602199 0.704218945115212 -13.2293972318343 
54.26578 0.501987450218969 0.890380060335532 0.553124615351664 -6.84325175799749 
54.26578 0.304496004354699 0.865528877579587 0.555774716264349 -7.34187064128868 
54.26578 0.481603954741069 0.890380060335532 0.553124615351664 -6.84325175799749 
54.25024 1.10882759874916 1.39347617811431 0.409793097915233 -10.8323383160562 
54.25024 1.10882759874916 1.51503416602199 0.704218945115212 -13.2293972318343 
54.25024 0.986319319135455 0.865528877579587 0.553124615351664 -6.84325175799749 
54.25024 0.812710075661812 1.57788740432992 0.641045450413726 -11.0631446633135 
54.25024 1.88663949107724 0.83044658118269 0.620743824999008 -9.86616702758106 
54.25024 1.2433839013468 0.515113311161666 0.555774716264349 -7.34187064128868 
54.25024 1.28992221291049 0.694756053843213 0.555774716264349 -7.34187064128868 
54.25024 0.282836028908752 0.77704268863919 0.300133842557695 -4.26225053610302 
54.2347 1.44536298407083 0.890380060335532 0.553124615351664 -6.84325175799749 
54.2347 0.655592071761573 0.378707062621604 0.737299335759178 -4.16990083354271 
54.2347 0.802851277156203 0.814148067754371 0.44206357235926 -1.05358658018652 
54.2347 1.05189972533611 0.5419950701253 0.555774716264349 -7.34187064128868 
54.2347 0.601959248178381 0.275144997555485 0.716774811155218 4.70435073616549 
54.2347 0.766119279180007 0.585181101834775 0.81980371070232 -3.19845613688535 
54.2347 0.651325142572534 1.39277043727848 0.69962558231175 -12.2189571668644 0.227264231419007
54.2347 1.1741289413179 0.890380060335532 0.553124615351664 -5.99824573654949 
54.2347 0.501987450218969 0.53155536009636 0.523749413150673 2.32697578348727 
54.2347 0.663866746869321 0.713695970316921 0.396580592979967 -4.48732317857726 
54.2347 0.833123652032814 0.494328757206425 0.83377674000837 -5.18356501435797 
54.2347 0.665682765522233 0.927953066653762 0.485018218544305 -6.95625735964605 
54.21916 0.501987450218969 0.890380060335532 0.553124615351664 -5.99824573654949 
54.21916 0.546113027624278 0.668137726579961 0.699371421616169 -0.914735022147184 
54.21916 1.30222156075514 0.863437109154427 0.620743824999008 -9.86616702758106 
54.21916 0.536159316215227 0.338411399916201 0.956809269694583 8.02801935882407 
54.21916 1.48077209398906 0.927953066653762 0.485018218544305 -6.95625735964605 
54.21916 0.665682765522233 0.766861389359653 0.485018218544305 -6.95625735964605 
54.21916 0.812710075661812 1.57788740432992 0.641045450413726 -7.27558902459599 
54.21916 0.188419362938116 0.713695970316921 0.221024293740345 8.02801935882407 
54.21916 0.380674495536642 1.28682927939741 0.622768658542108 -8.57210507546604 
54.21916 0.928258422570741 0.682261643845349 0.482799868991782 -5.3680939064558 
54.21916 1.55447537513978 0.682261643845349 0.555774716264349 -7.34187064128868 
54.21916 0.966559261386756 0.753530837479914 0.359690297132533 -1.19627554723188 
54.20362 0.655592071761573 1.02140997528217 0.317174718754672 -4.37070312162128 
54.20362 1.88663949107724 0.863437109154427 0.718109227837336 -10.8323383160562 
54.20362 1.88663949107724 0.83044658118269 0.743799093718429 -10.8564896395155 
54.20362 0.604400102356416 0.5419950701253 0.83377674000837 -1.05358658018652 
54.20362 0.304496004354699 0.865528877579587 0.743799093718429 -8.46146557651004 
54.20362 0.833123652032814 1.51503416602199 0.482799868991782 -5.3680939064558 
54.20362 0.655592071761573 0.713695970316921 0.396580592979967 -4.48732317857726 
54.18808 0.501987450218969 0.5419950701253 0.83377674000837 -5.84817551152575 
54.18808 0.604400102356416 0.5419950701253 0.83377674000837 -1.05358658018652 
54.18808 1.88663949107724 0.83044658118269 0.743799093718429 -7.03702926778739 
54.18808 0.655592071761573 0.766861389359653 0.485018218544305 -6.95625735964605 
54.18808 1.05189972533611 1.51503416602199 0.704218945115212 -13.2293972318343 
54.18808 0.615954639738292 1.39277043727848 0.275589543791718 -7.50266321658451 
54.18808 1.10882759874916 0.378707062621604 0.93978523258301 -6.95625735964605 
54.18808 1.10882759874916 0.378707062621604 0.686040277564158 -1.78752596679963 
54.17254 1.25099765861155 0.967209597379976 0.555774716264349 -7.34187064128868 
54.17254 1.09127029229331 0.967209597379976 0.699371421616169 -6.61017037168726 
54.17254 0.76429741330178 0.401290423340996 0.699371421616169 -6.61017037168726 
54.17254 1.36052157729251 0.438251162507909 0.684670252401157 -5.83208735806757 
54.17254 1.30222156075514 0.586629583053379 0.807074138479347 -7.92283449900943 
54.17254 0.457907378149168 0.929510459420781 0.505375596898649 -7.50266321658451 
54.157 0.461328180824209 1.28682927939741 0.704218945115212 -13.2293972318343 
54.157 0.76429741330178 0.890380060335532 0.553124615351664 -6.84325175799749 
54.157 0.253970628882555 0.713695970316921 0.553124615351664 -7.34187064128868 
54.157 1.10882759874916 0.378707062621604 0.555774716264349 -5.3680939064558 
54.157 0.874515852645858 0.401290423340996 0.699371421616169 -6.61017037168726 
54.157 0.874515852645858 0.668137726579961 0.699371421616169 -0.914735022147184 
54.14146 0.986319319135455 0.865528877579587 0.555774716264349 -7.34187064128868 
54.14146 1.48077209398906 0.927953066653762 0.485018218544305 -6.95625735964605 
54.14146 1.92333136150081 0.865528877579587 0.703494361143447 -7.34726073147534 
54.14146 0.615954639738292 1.16673969719564 0.436111738873239 -7.92283449900943 
54.14146 1.34779332635525 1.02140997528217 0.5285531449617 -7.50266321658451 
54.14146 1.05189972533611 0.284303585769874 0.631397549330928 -5.18356501435797 
54.14146 0.638319851503527 0.494328757206425 0.743799093718429 -7.50266321658451 
54.14146 1.26775224447915 1.99205408965331 0.718109227837336 -10.8323383160562 
54.14146 0.546113027624278 1.25982360756346 0.699371421616169 -5.43038323078257 
54.14146 0.665682765522233 0.916016053084908 0.648365367523053 -5.43038323078257 
54.14146 1.10882759874916 1.20002532547528 0.718109227837336 -10.8323383160562 
54.14146 0.283926210190718 0.82253611429762 0.287899527098725 -0.177058369742085 
54.12592 1.09127029229331 0.863437109154427 0.317174718754672 -4.37070312162128 
54.12592 1.05028789435229 0.181162514829458 0.792947416482797 -8.77692163836947 
54.12592 0.643879623907369 0.338411399916201 0.876175183032986 -4.62180214922149 
54.12592 1.78455491813427 0.865528877579587 0.555774716264349 -7.34187064128868 
54.12592 0.766119279180007 0.585181101834775 0.743799093718429 -6.89715001684299 
54.12592 0.457907378149168 1.32439427828577 0.44206357235926 -7.26846852095157 
54.11038 0.555018268447909 0.662880360509369 0.553124615351664 -4.16990083354271 
54.11038 0.665682765522233 0.730459610999263 0.899480676536516 -7.19206959728545 
54.11038 1.05189972533611 0.5419950701253 0.620743824999008 -9.86616702758106 
54.11038 1.44536298407083 0.434341151660608 0.693023799290717 -7.34726073147534 
54.11038 0.877632740523944 1.3246368229005 0.743799093718429 -14.7576947170852 
54.11038 1.88663949107724 0.83044658118269 0.743799093718429 -7.50266321658451 
54.11038 0.501987450218969 1.10662522502957 0.602686855654586 -9.91541826583379 
54.11038 0.877632740523944 1.3246368229005 0.503013461801356 -9.39785886671849 
54.11038 1.45668107667203 0.814148067754371 0.67358685224483 -5.43038323078257 
54.11038 0.802851277156203 1.82186610902753 0.553912073237113 -13.569192689152 
54.11038 1.95223637785082 1.9805434344647 0.406442453040092 -8.38479110820657 
54.11038 0.536159316215227 0.338411399916201 0.785991195915516 9.85685825041251 
54.11038 1.36052157729251 0.438251162507909 0.505375596898649 -5.18356501435797 
54.09484 0.546113027624278 1.33138751418799 0.393513340009219 -8.77692163836947 
54.09484 1.95223637785082 0.981359220232996 0.81522101991118 -12.7434418580678 
54.09484 0.751499019891518 0.713695970316921 0.396580592979967 -4.16990083354271 
54.09484 0.665682765522233 0.616664211909679 0.396580592979967 -4.48732317857726 
54.09484 1.2433839013468 1.6055810431528 0.482799868991782 -10.9276426457143 
54.09484 0.772984213295535 0.275144997555485 0.631397549330928 -6.95625735964605 
54.09484 0.481603954741069 0.616664211909679 0.39946699955265 -6.84325175799749 
54.09484 0.665682765522233 0.69210614362502 0.716774811155218 -7.50266321658451 
54.0793 1.05189972533611 0.284303585769874 0.482799868991782 -5.3680939064558 
54.0793 1.05189972533611 0.890380060335532 0.553124615351664 -9.86616702758106 
54.0793 1.05028789435229 0.181162514829458 0.792947416482797 -3.23398439996033 
54.0793 1.86208418466251 0.711305963158496 0.81980371070232 -13.8742741508859 
54.0793 1.48077209398906 1.20002532547528 0.716774811155218 -12.2189571668644 
54.0793 1.09127029229331 1.16673969719564 0.436111738873239 -7.34187064128868 
54.0793 0.833123652032814 0.494328757206425 0.81980371070232 -8.46146557651004 
54.0793 1.51801239524989 0.847075874990489 0.637027654299233 -5.18356501435797 
54.0793 1.36031058941843 0.863437109154427 0.718109227837336 -10.8323383160562 
54.0793 1.2433839013468 0.181162514829458 0.792947416482797 -3.23398439996033 
54.0793 1.86138506417188 0.542919234203798 0.792947416482797 -6.95625735964605 
54.06376 1.09290623806599 0.766861389359653 0.393513340009219 9.85685825041251 
54.06376 1.45668107667203 1.82186610902753 0.553912073237113 -13.569192689152 
54.06376 0.407375700077032 0.82253611429762 0.396580592979967 -4.48732317857726 
54.06376 1.1741289413179 0.438251162507909 0.684670252401157 -8.57210507546604 
54.06376 1.10882759874916 0.338411399916201 0.950329214613026 -1.1576834931099 
54.06376 0.76429741330178 0.401290423340996 0.699371421616169 -6.61017037168726 
54.06376 1.20704302162991 0.5419950701253 0.641045450413726 -10.8323383160562 
54.06376 0.812710075661812 0.890380060335532 0.555774716264349 -7.34187064128868 
54.06376 0.651325142572534 1.27689440707123 0.503013461801356 -9.39785886671849 
54.04822 1.85858801166324 1.92313833834845 0.441101806585372 -5.99824573654949 
54.04822 1.30222156075514 1.35234914795238 0.31965937533394 -7.34187064128868 
54.04822 1.05189972533611 0.5419950701253 0.396580592979967 -4.48732317857726 
54.04822 0.833123652032814 0.494328757206425 0.83377674000837 -7.34187064128868 
54.04822 1.1741289413179 1.10662522502957 0.602686855654586 -8.46146557651004 
54.04822 0.555018268447909 0.768820153270914 0.485018218544305 -6.95625735964605 
54.04822 1.9785946002062 0.757574221126681 0.718109227837336 -9.86616702758106 
54.04822 0.604400102356416 0.5419950701253 0.5285531449617 -6.59781998032081 
54.03268 1.6989636426744 0.711305963158496 0.765907408401149 -11.0631446633135 
54.03268 1.05189972533611 0.378707062621604 0.555774716264349 -7.34187064128868 
54.03268 0.39401042605872 0.723785384430043 0.949438765506925 -5.99824573654949 
54.03268 1.05028789435229 0.5419950701253 0.765907408401149 -10.8323383160562 
54.03268 1.34779332635525 1.02140997528217 0.485018218544305 -6.95625735964605 
54.01714 0.812710075661812 0.890380060335532 0.555774716264349 -7.34187064128868 
54.01714 0.833123652032814 0.494328757206425 0.83377674000837 -7.50266321658451 
54.01714 0.461328180824209 1.28682927939741 0.704218945115212 -6.74159948340183 
54.01714 1.05189972533611 0.890380060335532 0.317211131018423 -4.62180214922149 
54.01714 1.48077209398906 0.927953066653762 0.5285531449617 -5.83208735806757 0.594975031648229
54.01714 1.05028789435229 0.5419950701253 0.765907408401149 -7.34187064128868 
54.01714 0.253970628882555 0.863437109154427 0.555774716264349 -7.34187064128868 
54.01714 1.20402242635199 0.378707062621604 0.83377674000837 -7.34187064128868 
54.01714 1.36052157729251 1.20002532547528 0.613413873144797 -11.7226114734698 
54.01714 1.05189972533611 0.730459610999263 0.899480676536516 -3.361188374517 
54.0016 1.05028789435229 0.181162514829458 0.792947416482797 -3.23398439996033 
54.0016 0.368157474397833 1.16673969719564 0.648365367523053 -6.95625735964605 
54.0016 0.802851277156203 1.51503416602199 0.555774716264349 -7.34187064128868 
54.0016 1.10882759874916 0.378707062621604 0.93978523258301 -5.3680939064558 
54.0016 0.604400102356416 0.713695970316921 0.396580592979967 -4.48732317857726 
54.0016 0.638319851503527 0.77704268863919 0.505375596898649 -1.05358658018652 
54.0016 0.380674495536642 1.28682927939741 0.622768658542108 -5.83208735806757 
53.98606 0.407375700077032 0.82253611429762 0.743871755599167 -6.74159948340183 
53.98606 0.555018268447909 0.713695970316921 0.503013461801356 -9.39785886671849 
53.98606 1.88663949107724 1.10662522502957 0.5285531449617 -7.50266321658451 
53.98606 0.76429741330178 0.558569345986325 0.964456998164467 -3.19845613688535 
53.98606 0.76429741330178 0.44982241263764 0.440008412354534 -3.89947798990995 
53.97052 0.370056213810936 0.53155536009636 0.553124615351664 -4.26225053610302 
53.97052 0.555018268447909 0.713695970316921 0.304628255948482 -1.19627554723188 
53.97052 0.802851277156203 0.814148067754371 0.44206357235926 -1.05358658018652 
53.97052 0.663866746869321 0.401290423340996 0.964456998164467 4.65165676697787 
53.97052 0.304496004354699 0.616664211909679 0.553124615351664 -6.84325175799749 
53.97052 1.41248146260776 0.515113311161666 0.505375596898649 -7.50266321658451 
53.97052 0.457907378149168 0.929510459420781 0.514007376121007 -6.20967879651921 
53.97052 1.6989636426744 0.916016053084908 0.69962558231175 -12.2189571668644 
53.95498 0.604400102356416 1.21112507071427 0.304628255948482 -7.34187064128868 
53.95498 0.501987450218969 0.862983394510962 0.482799868991782 -4.16990083354271 
53.95498 1.25099765861155 0.682261643845349 0.396580592979967 -4.48732317857726 
53.95498 1.95223637785082 1.9805434344647 0.406442453040092 -8.38479110820657 
53.95498 1.23287948047903 0.387748436647578 0.969767522986542 -3.19845613688535 
53.95498 1.6989636426744 0.711305963158496 0.81980371070232 -12.2189571668644 
53.95498 1.45668107667203 0.284303585769874 0.693023799290717 -3.23398439996033 
53.95498 0.35343573732498 1.08342336029513 0.699371421616169 -6.61017037168726 
53.95498 1.28992221291049 0.865528877579587 0.93978523258301 -6.95625735964605 
53.93944 0.555018268447909 0.713695970316921 0.555774716264349 -7.34187064128868 
53.93944 0.21913872434597 0.890380060335532 0.553124615351664 -7.34187064128868 
53.93944 0.604400102356416 0.5419950701253 0.361075498077415 0.686991781551072 
53.93944 1.1741289413179 0.890380060335532 0.482799868991782 -5.3680939064558 
53.93944 0.928258422570741 0.967209597379976 0.647691068057122 -9.86616702758106 
53.93944 1.5948902712235 0.916016053084908 0.69962558231175 -12.9062738536253 
53.93944 0.833123652032814 0.275144997555485 0.703494361143447 -7.34726073147534 
53.93944 1.5948902712235 0.916016053084908 0.648365367523053 -12.7434418580678 
53.9239 0.501987450218969 0.890380060335532 0.553124615351664 -4.29481959352351 
53.9239 0.501987450218969 0.895780601506928 0.335266543671771 4.70435073616549 
53.9239 0.304496004354699 0.770756210140339 0.287899527098725 -6.64498791479808 
53.9239 1.6989636426744 0.761412269334017 0.631397549330928 -5.18356501435797 
53.9239 1.28992221291049 0.865528877579587 0.93978523258301 -6.95625735964605 
53.9239 1.78455491813427 0.865528877579587 0.553124615351664 -5.99824573654949 
53.9239 1.05028789435229 1.34190375202752 0.441101806585372 -6.59781998032081 
53.9239 1.20704302162991 0.438251162507909 0.410774540193022 -3.361188374517 
53.9239 0.638319851503527 0.275144997555485 0.83377674000837 -1.12652286433011 
53.90836 0.966559261386756 0.753530837479914 0.359690297132533 -1.19627554723188 
53.90836 1.6989636426744 0.711305963158496 0.765907408401149 -11.0631446633135 
53.90836 1.36031058941843 0.863437109154427 0.555774716264349 -11.0631446633135 
53.90836 0.501987450218969 1.21112507071427 0.304628255948482 -7.34187064128868 
53.90836 0.368157474397833 1.16673969719564 0.505375596898649 -5.18356501435797 
53.89282 0.877632740523944 1.3246368229005 0.659429735013323 -10.8323383160562 
53.89282 0.76429741330178 0.916016053084908 0.83377674000837 -9.91541826583379 
53.89282 0.457907378149168 1.10662522502957 0.602686855654586 -9.91541826583379 
53.89282 1.05189972533611 0.284303585769874 0.482799868991782 -5.3680939064558 
53.87728 1.1741289413179 0.890380060335532 0.523749413150673 -3.23398439996033 
53.87728 1.09127029229331 0.895780601506928 0.335266543671771 4.70435073616549 
53.87728 0.368157474397833 1.16673969719564 0.648365367523053 -7.34187064128868 
53.87728 0.457907378149168 1.02140997528217 0.281292526949171 9.790908195531 
53.87728 0.304496004354699 0.814148067754371 0.44206357235926 -1.39837432609077 
53.86174 0.501987450218969 0.862983394510962 0.505375596898649 -3.361188374517 
53.86174 0.368157474397833 1.16673969719564 0.743871755599167 -6.74159948340183 
53.86174 0.928258422570741 0.967209597379976 0.555774716264349 -13.0983981852778 
53.86174 0.986319319135455 0.865528877579587 0.555774716264349 -1.05358658018652 
53.86174 1.05189972533611 0.284303585769874 0.5285531449617 -7.50266321658451 
53.86174 1.36052157729251 0.438251162507909 0.505375596898649 -1.35654708419779 
53.86174 1.48077209398906 1.37137197143518 0.633886552642999 -14.5752350352992 
53.86174 1.34779332635525 0.616664211909679 0.396580592979967 -4.48732317857726 
53.8462 0.368157474397833 1.16673969719564 0.648365367523053 -7.34187064128868 0.179873814836551
53.8462 0.638319851503527 0.275144997555485 0.703494361143447 -7.34726073147534 
53.8462 0.604400102356416 1.21112507071427 0.718109227837336 -14.5752350352992 
53.8462 0.253970628882555 1.39277043727848 0.275589543791718 -7.50266321658451 
53.8462 1.85858801166324 1.92313833834845 0.441101806585372 -14.9924109539131 
53.8462 0.368157474397833 1.16673969719564 0.648365367523053 -7.34187064128868 
53.8462 1.36052157729251 0.713695970316921 0.792947416482797 -4.16990083354271 
53.83066 0.407375700077032 0.616664211909679 0.666425301593196 4.49509073380206 
53.83066 0.604400102356416 1.39277043727848 0.275589543791718 -7.50266321658451 
53.83066 0.655592071761573 0.897431553147291 0.765907408401149 -8.46146557651004 
53.83066 0.39401042605872 0.766861389359653 0.876175183032986 -5.18356501435797 
53.83066 1.55296493060479 0.494328757206425 0.81980371070232 -3.19845613688535 
53.83066 0.51593371926385 1.02140997528217 0.300133842557695 -4.26225053610302 
53.83066 0.604400102356416 0.5419950701253 0.555774716264349 -7.34187064128868 
53.81512 1.34779332635525 1.02140997528217 0.729416554460369 -5.18356501435797 
53.81512 0.751499019891518 0.967209597379976 0.555774716264349 -13.8742741508859 
53.81512 0.663866746869321 0.412034339350124 0.792947416482797 -8.57210507546604 
53.81512 0.986319319135455 0.865528877579587 0.555774716264349 -9.86616702758106 
53.79958 0.188419362938116 0.662880360509369 0.553124615351664 -5.3680939064558 
53.79958 1.05028789435229 1.28682927939741 0.703494361143447 -7.34726073147534 
53.79958 1.10882759874916 1.37137197143518 0.743799093718429 -8.46146557651004 
53.79958 0.802851277156203 1.32439427828577 0.304628255948482 -1.19627554723188 
53.78404 0.501987450218969 0.378707062621604 0.555774716264349 -7.34187064128868 
53.78404 0.15500263701501 0.515113311161666 0.553124615351664 -1.78752596679963 
53.78404 0.638319851503527 1.51503416602199 0.482799868991782 -5.3680939064558 
53.78404 0.501987450218969 0.378707062621604 0.555774716264349 -7.34187064128868 
53.7685 0.833123652032814 1.51503416602199 0.482799868991782 -5.3680939064558 
53.7685 0.663866746869321 0.412034339350124 0.792947416482797 -4.48732317857726 
53.7685 0.253970628882555 0.965798169647761 0.310575594404467 -7.79724661983572 
53.7685 0.253970628882555 0.401290423340996 0.964456998164467 4.65165676697787 
53.7685 0.368157474397833 1.16673969719564 0.743871755599167 -6.74159948340183 
53.75296 1.9526694234914 0.713695970316921 0.396580592979967 -4.48732317857726 
53.75296 0.457907378149168 0.929510459420781 0.876175183032986 -8.46146557651004 
53.75296 0.751499019891518 0.768820153270914 0.876175183032986 -9.39785886671849 
53.75296 0.481603954741069 0.890380060335532 0.553124615351664 -13.2293972318343 
53.73742 1.34779332635525 1.02140997528217 0.729416554460369 -13.0983981852778 
53.73742 0.76429741330178 1.27689440707123 0.743799093718429 -8.46146557651004 
53.73742 0.457907378149168 0.668137726579961 0.718109227837336 -10.8323383160562 
53.73742 1.50476873223251 1.82186610902753 0.396580592979967 -4.48732317857726 
53.72188 0.76429741330178 0.865528877579587 0.704218945115212 -13.2293972318343 
53.72188 1.31131813373716 0.711305963158496 0.81980371070232 -13.0983981852778 
53.72188 1.20704302162991 0.458634786522927 0.372591649600868 2.42106614133384 
53.72188 1.40324649734718 1.16673969719564 0.648365367523053 -12.2189571668644 
53.72188 0.546113027624278 1.33138751418799 0.870285439210229 -8.77692163836947 
53.72188 1.55296493060479 0.862983394510962 0.505375596898649 -4.88267109689989 
53.72188 0.663866746869321 0.412034339350124 0.718109227837336 -10.8323383160562 
53.70634 1.09127029229331 1.16673969719564 0.436111738873239 -13.2713173747275 
53.70634 1.10882759874916 0.967209597379976 0.876175183032986 -14.7576947170852 
53.70634 0.833123652032814 0.494328757206425 0.635178674712067 -10.8564896395155 
53.70634 0.76429741330178 0.848228358213977 0.699371421616169 -13.2293972318343 
53.70634 1.20704302162991 0.275144997555485 0.5285531449617 -3.23398439996033 
53.70634 1.59241149948848 1.28682927939741 0.622768658542108 -7.50266321658451 
53.70634 0.546113027624278 1.33138751418799 0.699371421616169 -6.61017037168726 
53.6908 0.304496004354699 0.814148067754371 0.291973671652165 -6.84325175799749 
53.6908 1.78815878728607 1.20002532547528 0.304628255948482 -7.34187064128868 
53.6908 1.34779332635525 1.02140997528217 0.287899527098725 -0.177058369742085 
53.6908 1.85858801166324 0.890380060335532 0.553124615351664 -5.99824573654949 
53.6908 0.39401042605872 0.275144997555485 0.699371421616169 -6.61017037168726 
53.6908 0.457907378149168 0.668137726579961 0.631397549330928 -11.9564620315177 
53.6908 0.966559261386756 0.753530837479914 0.876175183032986 -11.9564620315177 
53.67526 0.169230668795656 0.69210614362502 0.718109227837336 -10.8323383160562 
53.67526 0.304496004354699 0.415968700118343 0.555774716264349 -7.34187064128868 
53.67526 0.45669360312799 0.980811098224792 0.179439923292911 -1.18601705294871 
53.67526 1.20402242635199 0.378707062621604 0.83377674000837 -12.2189571668644 
53.65972 0.39401042605872 0.284303585769874 0.482799868991782 -5.3680939064558 
53.65972 0.253970628882555 0.181162514829458 0.622177345448032 -5.84817551152575 
53.65972 0.662602361535849 0.616664211909679 0.602686855654586 -9.91541826583379 
53.64418 0.407375700077032 0.82253611429762 0.396580592979967 4.49509073380206 
53.64418 1.25099765861155 0.967209597379976 0.693023799290717 -13.2745110112968 
53.64418 0.76429741330178 0.916016053084908 0.324600638440947 -0.693182849355125 
53.62864 0.655592071761573 0.877575879581452 0.41588603318801 -12.2189571668644 
53.62864 1.88663949107724 0.83044658118269 0.633886552642999 -14.5752350352992 
53.62864 0.501987450218969 0.862983394510962 0.703494361143447 -13.569192689152 
53.62864 1.26775224447915 1.28682927939741 0.704218945115212 -13.2293972318343 
53.6131 0.874515852645858 0.616664211909679 0.39946699955265 -6.84325175799749 
53.6131 0.874515852645858 0.69210614362502 0.300133842557695 -4.26225053610302 
53.6131 0.651325142572534 0.862983394510962 0.703494361143447 -13.569192689152 
53.59756 1.45668107667203 1.82186610902753 0.555774716264349 -7.34187064128868 
53.58202 0.760863182802147 0.916016053084908 0.324600638440947 -0.693182849355125 
53.58202 0.928258422570741 0.967209597379976 0.876175183032986 -14.7576947170852 
53.58202 0.15500263701501 0.515113311161666 0.648365367523053 -7.34187064128868 
53.56648 0.253970628882555 0.768820153270914 0.360869501456219 5.96457599652332 
53.55094 1.05189972533611 0.5419950701253 0.555774716264349 -13.0983981852778 
53.55094 1.41248146260776 0.198200833018313 0.876175183032986 -8.77692163836947 
53.5354 0.751499019891518 0.965798169647761 0.310575594404467 2.97172814138342 
53.5354 0.986319319135455 0.981359220232996 0.409793097915233 -10.8564896395155 
53.51986 1.88663949107724 0.863437109154427 0.396580592979967 -4.48732317857726 
53.50432 0.812710075661812 0.8585020392749 0.969767522986542 -12.8866541327371 
53.48878 1.05028789435229 0.865528877579587 0.555774716264349 -1.05358658018652 
53.48878 1.85858801166324 0.890380060335532 0.555774716264349 -13.2713173747275 
53.47324 0.501987450218969 0.862983394510962 0.482799868991782 -13.569192689152 
53.47324 0.928258422570741 0.967209597379976 0.876175183032986 -14.7576947170852 
53.4577 0.638319851503527 0.275144997555485 0.5285531449617 -8.77692163836947 
53.4577 1.50476873223251 1.82186610902753 0.396580592979967 -4.48732317857726 
53.4577 1.5948902712235 0.916016053084908 0.275589543791718 0.817947328357818 
53.4577 1.55296493060479 0.494328757206425 0.81980371070232 4.65165676697787 
53.4577 0.546113027624278 1.60372333003968 0.396580592979967 -4.48732317857726 
53.4577 0.501987450218969 1.28682927939741 0.622768658542108 -3.02100696650008 
53.44216 1.92333136150081 0.848228358213977 0.876175183032986 -14.7576947170852 
53.44216 0.501987450218969 0.5419950701253 0.482799868991782 -10.9276426457143 
53.44216 0.188419362938116 0.275144997555485 0.703494361143447 -7.34726073147534 
53.44216 1.85858801166324 0.890380060335532 0.553124615351664 -5.18356501435797 
53.42662 1.92333136150081 0.848228358213977 0.400916209418702 -4.62180214922149 
53.42662 1.41248146260776 0.198200833018313 0.876175183032986 -5.3680939064558 
53.41108 0.833123652032814 0.494328757206425 0.821617497467286 -12.2364329603402 
53.39554 1.05189972533611 0.284303585769874 0.482799868991782 -6.95625735964605 
53.39554 1.20704302162991 0.275144997555485 0.5285531449617 -8.77692163836947 
53.39554 0.874515852645858 0.458634786522927 0.699371421616169 -13.2713173747275 
53.38 1.45668107667203 0.713695970316921 0.396580592979967 -8.77692163836947 
53.38 1.10882759874916 0.890380060335532 0.553124615351664 -1.78752596679963 
53.36446 0.35343573732498 1.08342336029513 0.876175183032986 -14.7576947170852 
53.33338 0.428932628081804 1.20002532547528 0.699371421616169 -0.914735022147184 
53.31784 1.43453276962768 0.5419950701253 0.83377674000837 -1.12652286433011 
53.28676 0.253970628882555 0.713695970316921 0.553124615351664 -12.8866541327371 
53.28676 1.05189972533611 0.284303585769874 0.482799868991782 -7.34187064128868 
53.27122 0.833123652032814 0.494328757206425 0.81980371070232 -13.0983981852778 
53.27122 1.43077961275918 0.558569345986325 0.69962558231175 -1.05358658018652 
53.27122 1.55296493060479 1.28682927939741 0.622768658542108 -5.83208735806757 
53.27122 1.41248146260776 0.198200833018313 0.950329214613026 -5.3680939064558 
53.27122 0.604400102356416 0.5419950701253 0.361075498077415 -7.50266321658451 
53.24014 1.85858801166324 0.77704268863919 0.567527937893974 5.32843695967195 
53.24014 1.36031058941843 0.586629583053379 0.555774716264349 5.80969151937197 
53.2246 0.253970628882555 0.713695970316921 0.633886552642999 -12.8866541327371 
53.22458 1.86208418466251 0.53155536009636 0.523749413150673 2.32697578348727 
53.20906 0.604400102356416 0.44982241263764 0.324600638440947 -6.61017037168726 
53.20906 0.986319319135455 0.970381533204284 0.514007376121007 4.49509073380206 
53.20906 1.9785946002062 0.757574221126681 0.792947416482797 -4.16990083354271 
53.19352 0.15500263701501 0.44982241263764 0.765907408401149 -10.8323383160562 
53.17798 0.662602361535849 0.929510459420781 0.400916209418702 -13.0983981852778 
53.1469 1.36052157729251 0.970381533204284 0.514007376121007 4.49509073380206 
53.1469 1.34779332635525 1.04867577325358 0.615887586852257 -1.78752596679963 
53.14688 0.274505332524761 1.41597616090484 0.359690297132533 -4.48732317857726 
53.13136 1.31131813373716 0.761412269334017 0.409793097915233 -10.8564896395155 
53.11582 0.643879623907369 0.338411399916201 0.317174718754672 -4.37070312162128 
53.11582 0.802851277156203 1.51503416602199 0.482799868991782 -1.1576834931099 
53.05366 1.05189972533611 0.5419950701253 0.221024293740345 -6.74159948340183 
53.05366 1.30222156075514 0.586629583053379 0.393513340009219 -8.77692163836947 
53.03812 0.601959248178381 0.275144997555485 0.361075498077415 -6.84325175799749 
53.02258 1.36031058941843 0.863437109154427 0.792947416482797 -4.16990083354271 
52.9915 1.41248146260776 0.198200833018313 0.406442453040092 -8.38479110820657 
52.96042 1.90571386208208 0.803586756815817 0.622768658542108 -1.05358658018652 
52.96042 0.643879623907369 1.66611221442349 0.282482062992957 -7.79724661983572 
52.94488 0.546113027624278 0.929510459420781 0.400916209418702 -13.0983981852778 
52.94488 1.5948902712235 0.69210614362502 0.716774811155218 -3.02100696650008 
52.92934 1.26775224447915 1.99205408965331 0.409793097915233 -6.59781998032081 
52.92934 1.6989636426744 0.711305963158496 0.31965937533394 -7.07915953253583 
52.92934 0.202860926029529 0.895780601506928 0.876175183032986 -14.7576947170852 
52.9138 0.501987450218969 1.84951610633334 0.553124615351664 -1.78752596679963 
52.89826 1.78455491813427 0.916016053084908 0.83377674000837 -1.05358658018652 
52.89826 0.461328180824209 1.28682927939741 0.792947416482797 -4.16990083354271 
52.86718 1.05028789435229 0.862983394510962 0.620743824999008 0.180886928238735 
52.82056 0.45669360312799 0.980811098224792 0.716774811155218 4.70435073616549 
52.82056 1.05189972533611 0.967209597379976 0.814336561852815 -3.19845613688535 
52.78948 0.651325142572534 1.77707628808948 0.622768658542108 -6.89715001684299 
52.77394 1.34779332635525 1.02140997528217 0.704218945115212 8.02801935882407 
52.7584 1.34779332635525 0.515113311161666 0.291016183981197 -6.90169295754011 
52.71178 0.802851277156203 1.32439427828577 0.221024293740345 8.02801935882407 
52.71178 0.986319319135455 0.865528877579587 0.83377674000837 -1.12652286433011 
52.6807 0.76429741330178 0.916016053084908 0.83377674000837 -1.05358658018652 
52.63408 0.651325142572534 1.39277043727848 0.876175183032986 -6.95625735964605 
52.5253 1.10882759874916 1.63215452012843 0.335266543671771 4.70435073616549 
52.43206 0.283926210190718 0.713695970316921 0.396580592979967 -13.2293972318343 
52.41652 0.555018268447909 0.713695970316921 0.221024293740345 -13.2293972318343 
52.41652 1.88663949107724 1.10662522502957 0.602686855654586 8.38201586255884 
52.4165 0.812710075661812 1.51503416602199 0.179439923292911 -2.34486764226212 
52.40098 0.304496004354699 1.9805434344647 0.406442453040092 -8.38479110820657 
52.40098 0.501987450218969 0.284303585769874 0.281951448933756 -11.0123004446282 0.172696119275194
52.33882 0.877632740523944 0.929510459420781 0.83377674000837 -1.05358658018652 
52.33882 0.663866746869321 0.929510459420781 0.83377674000837 -1.05358658018652 
52.30774 1.05189972533611 1.82186610902753 0.553912073237113 -7.34726073147534 
52.19896 0.604400102356416 0.5419950701253 0.361075498077415 -14.9350790505876 
52.09016 0.169230668795656 1.3246368229005 0.743799093718429 -9.91541826583379 
52.028 0.651325142572534 1.27689440707123 0.221024293740345 8.02801935882407 
52.01248 1.80555807163362 1.6055810431528 0.0533184816069018 -7.34187064128868 
51.91924 1.55447537513978 1.99205408965331 0.409793097915233 -3.186033232219 
51.84154 0.15500263701501 1.43367977422957 0.460066185249245 -5.18356501435797 
51.79492 1.10456922895038 0.890380060335532 0.704218945115212 8.02801935882407 
51.76382 0.501987450218969 0.929510459420781 0.0829997662513278 9.85685825041251 
51.7483 0.368157474397833 0.175939360863079 0.960703839035322 -11.9564620315177 
51.70168 0.368157474397833 1.16673969719564 0.0396827693030301 -0.945787275508891 
51.65504 1.05189972533611 1.51503416602199 0.704218945115212 8.02801935882407 
51.5152 0.501987450218969 1.21112507071427 0.704218945115212 8.02801935882407 
51.34426 1.26775224447915 1.99205408965331 0.631397549330928 -5.18356501435797 
51.3287 1.2433839013468 1.6055810431528 0.83377674000837 -1.05358658018652 
51.1267 0.501987450218969 1.51503416602199 0.221024293740345 -1.20884483254748 
