53.2583 1.60372516857609 0.913175759884999 0.852647724906477 -9.2635074678126 
53.23018 1.28342491312913 0.913175759884999 0.852647724906477 -4.66609855901716 
53.1089 1.60432466515192 1.13588690579819 0.412160141966311 -10.7276138043535 
53.05302 1.21525385527353 0.564041909349844 0.423812966491621 -6.29783046751406 
53.05284 1.39051228301482 1.13588690579819 0.467318324671199 -11.4146054124109 
53.03414 0.873526292503645 1.05264092206154 0.176135442651934 -8.07456341772543 
53.00602 1.94778823879809 0.956584953172266 0.467318324671199 -8.07456341772543 
52.97806 1.05890757903809 0.853941809653099 0.412160141966311 -8.07456341772543 
52.9315 1.28375061626946 0.564041909349844 0.423812966491621 2.49859200677228 
52.9221 0.873526292503645 0.913175759884999 0.521924002655124 -5.40445775152371 
52.90338 1.31040281849936 0.884968156902235 0.52292134274244 -10.7276138043535 
52.90336 1.05890757903809 0.884968156902235 0.52292134274244 -9.19581633843158 
52.90328 1.31040281849936 0.892289927979415 0.467318324671199 -11.4146054124109 
52.8753 1.28375061626946 0.892289927979415 0.467318324671199 -11.4146054124109 
52.86622 1.28342491312913 0.387535103180102 0.0878562922584054 -8.07456341772543 
52.86598 1.05890757903809 0.312783664663698 0.423812966491621 1.80548850523131 
52.86596 1.39051228301482 0.853941809653099 0.412160141966311 -6.29783046751406 
52.85688 1.39051228301482 0.827027473612924 0.148812774859924 -10.7276138043535 
52.84748 1.53484357837312 0.417460248188135 0.180623057760067 -10.7276138043535 
52.83808 1.05890757903809 0.853941809653099 0.380858884371734 -10.7276138043535 
52.83808 1.89277995940092 0.625201608975871 0.46409930466531 -8.07456341772543 
52.8288 1.70783973117188 0.234169102753971 0.186849836159296 -4.96381481445873 
52.82872 1.42391324669692 0.60647827897217 0.180623057760067 -8.07456341772543 
52.82872 1.28342491312913 0.884968156902235 0.52292134274244 -10.5333944119324 
52.81012 1.60372516857609 0.387535103180102 0.0878562922584054 -8.07456341772543 
52.80086 1.28342491312913 0.387535103180102 0.0878562922584054 -10.7276138043535 
52.80074 0.484925543880824 0.892289927979415 0.467318324671199 -6.59326569199514 
52.80068 1.28342491312913 0.564041909349844 0.423812966491621 2.49859200677228 
52.79138 1.05890757903809 0.628521708295258 0.222507910824415 -5.40445775152371 
52.79138 1.28342491312913 0.913175759884999 0.52292134274244 -10.7276138043535 
52.79132 1.31040281849936 0.625201608975871 0.46409930466531 -4.66609855901716 
52.78222 0.873526292503645 1.26809304975227 0.380858884371734 -10.7276138043535 
52.77272 1.60372516857609 0.913175759884999 0.852647724906477 -8.80581653489209 
52.76344 1.05890757903809 0.628521708295258 0.222507910824415 -5.40445775152371 
52.75398 1.42391324669692 0.60647827897217 0.386938187394514 -10.7276138043535 
52.75396 1.05890757903809 0.884968156902235 0.52292134274244 -10.7276138043535 
52.7538 1.28375061626946 0.892289927979415 0.412160141966311 -5.95022359680932 
52.74464 1.42391324669692 0.417460248188135 0.380858884371734 -10.7276138043535 
52.7445 1.40151585049614 0.892289927979415 0.467318324671199 -11.4146054124109 
52.73526 1.05890757903809 0.853941809653099 0.222507910824415 -8.07456341772543 
52.72598 1.31040281849936 0.625201608975871 0.46409930466531 -10.7276138043535 
52.72594 0.873526292503645 0.234169102753971 0.186849836159296 -5.30523466135669 
52.7166 1.42391324669692 0.60647827897217 0.386938187394514 -11.4146054124109 
52.71656 1.31040281849936 0.625201608975871 0.46409930466531 1.80548850523131 
52.70756 1.31040281849936 0.913175759884999 0.852647724906477 -4.66609855901716 
52.70724 0.873526292503645 1.05264092206154 0.176135442651934 -10.7276138043535 
52.68882 1.28375061626946 0.312783664663698 0.423812966491621 2.49859200677228 
52.67948 1.50367813507827 0.892289927979415 0.852647724906477 -4.66609855901716 
52.67936 0.558939878391653 0.564041909349844 0.423812966491621 -4.66609855901716 
52.67006 1.31040281849936 0.853941809653099 0.852647724906477 -4.66609855901716 
52.6606 1.28342491312913 0.564041909349844 0.423812966491621 -4.66609855901716 
52.65118 1.50367813507827 1.82391346086553 0.137514111928271 -9.19581633843158 
52.6422 1.70783973117188 0.387535103180102 0.0878562922584054 -4.66609855901716 
52.6418 1.31040281849936 0.625201608975871 0.46409930466531 1.80548850523131 
52.63262 1.60432466515192 1.13588690579819 0.222507910824415 -10.7276138043535 
52.63252 1.28342491312913 0.913175759884999 0.852647724906477 -10.7276138043535 
52.62316 1.60432466515192 1.13588690579819 0.412160141966311 -8.07456341772543 
52.61386 0.873526292503645 1.05264092206154 0.176135442651934 -10.7276138043535 
52.61376 1.89277995940092 0.625201608975871 0.46409930466531 1.80548850523131 
52.6045 1.42391324669692 1.30279024319544 0.101911358609217 -1.21519777851454 
52.59538 0.873526292503645 1.26809304975227 0.222507910824415 -10.7276138043535 
52.586 0.558939878391653 0.564041909349844 0.412160141966311 -6.29783046751406 
52.57674 0.873526292503645 1.05264092206154 0.222507910824415 -5.30523466135669 
52.56732 1.42391324669692 0.60647827897217 0.386938187394514 -3.32116074521288 
52.56722 1.39051228301482 1.30279024319544 0.101911358609217 -6.59326569199514 
52.56708 1.60432466515192 1.13588690579819 0.412160141966311 -8.07456341772543 
52.54886 1.50367813507827 1.82391346086553 0.137514111928271 -10.7276138043535 
52.5394 1.28342491312913 0.913175759884999 0.852647724906477 -4.66609855901716 
52.53924 0.484925543880824 0.853941809653099 0.380858884371734 -10.7276138043535 
52.52994 0.484925543880824 0.892289927979415 0.412160141966311 -5.95022359680932 
52.52986 0.558939878391653 0.884968156902235 0.52292134274244 -10.5333944119324 
52.5209 0.873526292503645 1.05264092206154 0.852647724906477 -6.29783046751406 
52.52038 1.42391324669692 1.13588690579819 0.412160141966311 -6.29783046751406 
52.49238 1.62001269590909 0.892289927979415 0.467318324671199 -1.21519777851454 
52.48318 1.28342491312913 1.30279024319544 0.101911358609217 -6.59326569199514 
52.47408 0.558939878391653 0.913175759884999 0.176135442651934 -4.66609855901716 
52.46482 1.31040281849936 0.884968156902235 0.52292134274244 2.49859200677228 
52.46474 1.76974713570641 0.623086434470436 0.46409930466531 1.80548850523131 
52.4553 1.05890757903809 0.913175759884999 0.852647724906477 -4.66609855901716 
52.4551 1.50367813507827 0.167964398995289 0.46409930466531 1.80548850523131 
52.43634 1.05890757903809 0.913175759884999 0.467318324671199 -1.21519777851454 
52.39932 0.840212473155747 1.06717861728766 0.930829952003817 -9.2635074678126 
52.39906 1.89277995940092 0.884968156902235 0.52292134274244 -5.30523466135669 
52.39904 0.484925543880824 0.853941809653099 0.852647724906477 -9.2635074678126 
52.38984 0.484925543880824 0.884968156902235 0.52292134274244 -10.5333944119324 
52.38978 0.484925543880824 0.387535103180102 0.0878562922584054 -8.07456341772543 
52.3531 1.42391324669692 0.913175759884999 0.852647724906477 1.85229870644626 
52.35246 1.62001269590909 0.167964398995289 0.46409930466531 1.80548850523131 
52.33408 1.39051228301482 1.13588690579819 0.467318324671199 -1.21519777851454 
52.32488 1.28342491312913 0.913175759884999 0.852647724906477 2.49859200677228 
52.32468 0.873526292503645 1.26809304975227 0.180623057760067 -3.32116074521288 
52.31504 0.558939878391653 0.564041909349844 0.180623057760067 -3.32116074521288 
52.30612 0.873526292503645 1.05264092206154 0.176135442651934 2.49859200677228 
52.28726 1.31040281849936 0.625201608975871 0.852647724906477 -8.07456341772543 
52.28708 1.39051228301482 1.13588690579819 0.423812966491621 -4.66609855901716 
52.20308 0.484925543880824 0.827027473612924 0.148812774859924 -10.7276138043535 
52.18416 1.39051228301482 1.13588690579819 0.412160141966311 -6.29783046751406 
52.16568 0.558939878391653 0.625201608975871 0.467318324671199 -10.7276138043535 
52.13764 1.28342491312913 0.913175759884999 0.46409930466531 1.80548850523131 
51.78302 0.873526292503645 1.26809304975227 0.222507910824415 1.85229870644626 
