52.50704 0.212031088802194 1.20681704670822 0.652340428034119 -19.8478059570886 
52.50704 0.212031088802194 1.20681704670822 0.652340428034119 -19.8478059570886 
52.23944 0.212031088802194 1.20681704670822 0.611539633339981 -14.6420308202152 
51.19718 1.55206051568988 1.20681704670822 0.595665216797065 -19.8478059570886 
51.14084 1.16544876384114 0.940750495399123 0.652340428034119 -19.8478059570886 
51.12676 1.55206051568988 1.20681704670822 0.652340428034119 -19.8478059570886 
51.05634 1.84382045921252 0.174313607148612 0.757137431925289 -19.8478059570886 
51.05634 1.02751535750406 1.20681704670822 0.652340428034119 -19.8478059570886 
51.04228 1.55206051568988 1.20681704670822 0.652340428034119 -19.8478059570886 
51.02818 1.84382045921252 0.542615154096711 0.589070648335898 -14.0006750356644 
51.01408 1.55206051568988 1.20681704670822 0.652340428034119 -19.8478059570886 
51.00002 1.80785912655523 0.542615154096711 0.503466974887599 -9.06271057545407 
50.97184 1.55206051568988 1.20681704670822 0.599328111837745 6.07673800157109 
50.95776 1.52724528779628 0.589740141149701 0.611539633339981 -14.6420308202152 
50.94366 1.16544876384114 0.940750495399123 0.652340428034119 -19.8478059570886 
50.94364 1.00095410486175 1.20681704670822 0.652340428034119 -19.8478059570886 
50.92958 1.84382045921252 1.20681704670822 0.652340428034119 -19.8478059570886 
50.92958 1.2013489141708 0.174313607148612 0.757137431925289 -19.8478059570886 
50.9155 1.84382045921252 1.20681704670822 0.652340428034119 -19.8478059570886 
50.88732 0.80165304064613 0.589740141149701 0.758398325883135 -19.8478059570886 
50.88732 1.16544876384114 1.20681704670822 0.652340428034119 -19.8478059570886 
50.88732 0.80165304064613 0.589740141149701 0.611539633339981 -14.0006750356644 
50.87326 0.212031088802194 1.20681704670822 0.652340428034119 -19.8478059570886 
50.87324 1.00367055293881 0.115777336528119 0.652340428034119 -19.8478059570886 
50.87322 1.16544876384114 0.940750495399123 0.503645861389338 -14.1620289270461 
50.84506 1.72846598282501 0.635588316621946 0.611539633339981 -19.8478059570886 
50.83098 1.55206051568988 0.431991938880498 0.611539633339981 -14.6420308202152 
50.83098 1.71477389426148 1.10624125790993 0.439359783333998 -10.3400303436846 
50.80284 1.84382045921252 0.542615154096711 0.503466974887599 -14.1620289270461 
50.80282 1.69657538411991 0.330824392463158 0.503466974887599 -9.48616616766067 0.585216069730471
50.78872 1.84382045921252 0.542615154096711 0.503466974887599 -14.0006750356644 
50.78872 1.00367055293881 0.174313607148612 0.669145806121971 -19.8478059570886 
50.76056 1.55206051568988 1.20681704670822 0.503466974887599 -14.0006750356644 
50.74648 0.80165304064613 0.330824392463158 0.503466974887599 -14.0006750356644 
50.71832 1.84382045921252 0.635588316621946 0.669145806121971 -13.9080540603953 
50.71832 1.62086942276791 0.542615154096711 0.503466974887599 -14.6420308202152 
50.70422 1.84382045921252 0.174313607148612 0.789294770681413 -14.0006750356644 
50.7042 1.84382045921252 0.542615154096711 0.503466974887599 -14.0006750356644 
50.69016 1.84382045921252 0.542615154096711 0.669145806121971 -14.9804402087499 
50.69014 0.761889187657077 0.330824392463158 0.652340428034119 -19.8478059570886 
50.66198 1.84382045921252 0.542615154096711 0.503466974887599 -13.9080540603953 
50.64788 1.69657538411991 0.174313607148612 0.503645861389338 -14.0006750356644 
50.6338 1.55206051568988 0.940750495399123 0.503645861389338 -14.1620289270461 
50.6197 1.80785912655523 0.861742680232817 0.742321724248472 -14.6420308202152 
50.60564 0.80165304064613 0.330824392463158 0.439359783333998 -14.0006750356644 
50.59156 1.72846598282501 0.635588316621946 0.611539633339981 -14.6420308202152 
50.57748 1.55206051568988 0.115777336528119 0.589070648335898 -14.0006750356644 
50.5493 1.02751535750406 0.589740141149701 0.611539633339981 -14.6420308202152 
50.5493 0.80165304064613 0.115777336528119 0.589070648335898 -14.0006750356644 
50.5352 1.52724528779628 0.115777336528119 0.589070648335898 -14.0006750356644 
50.53518 1.55206051568988 0.330824392463158 0.439359783333998 -14.6420308202152 
50.52114 1.52724528779628 0.174313607148612 0.503645861389338 -14.0006750356644 
50.52112 1.44163002244683 0.940750495399123 0.611539633339981 -14.6420308202152 
50.49296 1.84382045921252 0.542615154096711 0.503466974887599 -9.06271057545407 
50.47886 1.02751535750406 0.510098055998179 0.503466974887599 -14.0006750356644 
50.46478 1.55206051568988 0.589740141149701 0.611539633339981 -14.6420308202152 
50.4507 0.212031088802194 0.542615154096711 0.652340428034119 -19.8478059570886 
50.43662 1.2651784219778 0.431991938880498 0.611539633339981 -11.8274632822348 
50.42256 1.55206051568988 0.589740141149701 0.876701028079394 -14.6420308202152 
50.42254 1.55206051568988 1.20681704670822 0.652340428034119 -14.6420308202152 
50.40846 1.55206051568988 1.20681704670822 0.652340428034119 7.4145274645425 
50.38028 1.00367055293881 0.174313607148612 0.669145806121971 7.4145274645425 
50.3662 1.25356875289261 0.174313607148612 0.503645861389338 -14.0006750356644 
50.3662 1.62086942276791 0.542615154096711 0.503645861389338 -5.40245894914996 
50.36618 1.72846598282501 0.635588316621946 0.599328111837745 -10.3400303436846 
50.338 1.84382045921252 1.48303936602746 0.789294770681413 -19.1695359909307 
50.32396 0.212031088802194 0.431991938880498 0.611539633339981 -14.6420308202152 
50.32394 1.55206051568988 0.296375261941125 0.0725033542625871 -5.4354015836271 
50.28168 1.55206051568988 0.542615154096711 0.503466974887599 -9.06271057545407 
50.25352 1.02751535750406 0.510098055998179 0.758398325883135 -14.6420308202152 
50.25352 1.16544876384114 1.48303936602746 0.669145806121971 -13.9080540603953 
50.23944 1.2651784219778 1.26356530600017 0.439359783333998 -10.3400303436846 
50.23942 1.84382045921252 1.0090461728237 0.669145806121971 -13.9080540603953 
50.22536 1.52724528779628 0.174313607148612 0.669145806121971 -11.8274632822348 
50.22536 1.44163002244683 0.940750495399123 0.24983201227663 -10.3400303436846 
50.2113 1.72846598282501 0.167926018654417 0.439359783333998 -10.3400303436846 
50.21128 1.02751535750406 1.20681704670822 0.611539633339981 -14.6420308202152 
50.19718 1.2651784219778 0.330824392463158 0.439359783333998 -10.3400303436846 
50.18308 1.55206051568988 1.20681704670822 0.652340428034119 -14.6420308202152 
50.12676 1.84382045921252 1.0090461728237 0.669145806121971 -13.9080540603953 
50.11266 0.80165304064613 0.589740141149701 0.24983201227663 -14.6420308202152 
50.08452 1.25356875289261 1.64064239248043 0.611539633339981 -14.6420308202152 
49.99998 1.00095410486175 1.64064239248043 0.758398325883135 -14.6420308202152 
49.95776 1.67041517344797 0.589740141149701 0.324192573401377 5.63663773425695 
49.94366 0.80165304064613 0.330824392463158 0.669145806121971 2.60242517759615 
49.92958 1.25356875289261 1.4742188600251 0.111962565608168 -1.47220606293409 
49.9014 1.55206051568988 0.659614368790718 0.454639321804732 6.07673800157109 
49.9014 0.212031088802194 1.26356530600017 0.611539633339981 -10.3400303436846 
49.9014 1.84382045921252 1.48303936602746 0.789294770681413 -7.10340382239558 
49.84506 1.2013489141708 1.48303936602746 0.503466974887599 -10.3400303436846 
49.81692 1.25356875289261 1.64064239248043 0.758398325883135 -14.6420308202152 
49.77464 1.25356875289261 1.64064239248043 0.652340428034119 -14.6420308202152 
49.60564 1.2651784219778 1.89621021965579 0.652340428034119 -19.8478059570886 
49.50702 1.02751535750406 1.20681704670822 0.599328111837745 -10.3400303436846 
49.40846 1.62086942276791 0.431991938880498 0.611539633339981 -2.59370060047814 
49.36622 1.16544876384114 1.89621021965579 0.0895864632164071 -14.0006750356644 
49.29576 1.00095410486175 1.4742188600251 0.454639321804732 -14.6420308202152 
49 0.80165304064613 1.64064239248043 0.758398325883135 -14.6420308202152 
48.91548 1.55206051568988 1.20681704670822 0.652340428034119 7.4145274645425 
48.7183 0.761889187657077 1.87437286687715 0.789294770681413 -14.0006750356644 
