54.63162 0.679471845771162 1.66202630483338 0.0224890337972132 -1.2513335991752 
54.4684 1.07651263772525 1.66202630483338 0.0224890337972132 -1.2513335991752 
54.34936 0.679471845771162 1.66202630483338 0.0224890337972132 -1.2513335991752 
54.34904 0.911374714046348 1.66202630483338 0.0943407620219755 -0.465767609502947 
54.02968 0.679471845771162 1.66202630483338 0.0224890337972132 -1.2513335991752 
53.98516 0.911374714046348 1.66202630483338 0.0224890337972132 -1.2513335991752 
53.74454 1.35494445875027 1.66202630483338 0.0224890337972132 -1.2513335991752 
53.74452 0.679471845771162 1.38091918643409 0.0224890337972132 -1.2513335991752 
53.58324 0.679471845771162 1.66202630483338 0.0224890337972132 -1.2513335991752 
53.42258 1.72641621316117 1.66202630483338 0.0224890337972132 -1.2513335991752 
53.38162 0.439661359427866 1.24804966314226 0.0224890337972132 -1.2513335991752 
53.02096 1.07651263772525 1.66202630483338 0.0943407620219755 -0.465767609502947 
52.74742 1.29366024569939 0.41295490746397 0.878828841017164 -19.808242951875 
52.74742 0.911374714046348 0.41295490746397 0.928075910438659 -19.9056621052954 
52.74742 1.71824115484815 0.439347354912812 0.636501566909536 -19.5742491147249 
52.74742 1.71824115484815 0.439347354912812 0.680603734839107 -19.7112488514738 
52.74742 1.07651263772525 1.05789590733076 0.878828841017164 -19.9056621052954 
52.74742 0.679471845771162 0.878363097834057 0.941830948135975 -18.2973566000197 
52.7071 1.20759627327368 0.122994717958139 0.928075910438659 -19.9056621052954 
52.7071 1.35494445875027 0.439347354912812 0.636501566909536 -18.4820475521456 
52.7071 1.34349135425015 1.63778115076644 0.955207224865449 -19.3225042635769 
52.7071 0.439661359427866 0.878363097834057 0.636501566909536 -16.3916814262475 
52.7071 0.617554885931606 1.66202630483338 0.955207224865449 -19.3225042635769 
52.7071 1.29366024569939 0.439347354912812 0.680603734839107 -19.7112488514738 
52.69614 0.679471845771162 1.66202630483338 0.0224890337972132 -1.2513335991752 
52.66678 0.617554885931606 0.439347354912812 0.680603734839107 -19.7112488514738 
52.66678 1.35494445875027 0.439347354912812 0.636501566909536 -19.5742491147249 
52.66678 1.10507899099197 1.05789590733076 0.636501566909536 -19.3225042635769 
52.66678 0.679471845771162 0.878363097834057 0.232445147231173 -19.7112488514738 
52.66678 0.911374714046348 0.726070675950031 0.680603734839107 -19.7112488514738 
52.66678 1.35494445875027 1.66202630483338 0.636501566909536 -19.5742491147249 
52.66678 0.291763193789154 0.310566090544786 0.232445147231173 -19.7112488514738 
52.66678 0.911374714046348 1.66202630483338 0.636501566909536 -19.5742491147249 
52.66678 1.29366024569939 0.439347354912812 0.636501566909536 -19.5742491147249 
52.66678 0.911374714046348 1.66202630483338 0.680603734839107 -19.7112488514738 
52.66678 0.917679831253913 1.66202630483338 0.134034378419878 -19.5742491147249 
52.66678 1.29366024569939 1.14173800473897 0.600794263595236 -18.2973566000197 
52.66678 0.768349836279915 1.14173800473897 0.600794263595236 -18.2973566000197 
52.66678 0.911374714046348 1.66202630483338 0.928075910438659 -19.9056621052954 
52.66678 0.27094664544593 0.41295490746397 0.636501566909536 -19.5742491147249 
52.66678 1.29366024569939 0.439347354912812 0.21224182107257 -19.7112488514738 
52.66678 0.768349836279915 0.340744146339357 0.385013828286002 -18.2973566000197 
52.66678 0.679471845771162 1.66202630483338 0.636501566909536 -19.5742491147249 
52.66678 0.768349836279915 0.340744146339357 0.492561720030813 -19.5742491147249 0.175696885485774
52.66678 1.18705381432603 1.93927928194356 0.636501566909536 -19.5742491147249 
52.66678 0.679471845771162 0.439347354912812 0.636501566909536 -19.3225042635769 
52.66678 0.291763193789154 0.310566090544786 0.878828841017164 -19.808242951875 
52.66678 1.71824115484815 0.439347354912812 0.181987410115743 -19.3225042635769 
52.66678 1.93789781298367 1.52985734967672 0.327040089355862 -19.7112488514738 
52.66678 0.911374714046348 1.05789590733076 0.878828841017164 -19.808242951875 
52.66678 1.23927970712926 1.05789590733076 0.636501566909536 -19.5742491147249 
52.66678 0.679471845771162 1.05789590733076 0.636501566909536 -19.5742491147249 
52.66678 0.768349836279915 0.878363097834057 0.636501566909536 -18.4820475521456 
52.66678 0.768349836279915 0.340744146339357 0.385013828286002 -19.5742491147249 
52.66678 0.768349836279915 0.340744146339357 0.636501566909536 -19.7112488514738 
52.66678 0.649962000417467 0.439347354912812 0.680603734839107 -19.7112488514738 
52.66678 0.911374714046348 1.66202630483338 0.680603734839107 -19.7112488514738 
52.66678 0.911374714046348 1.66202630483338 0.0943407620219755 -16.3916814262475 
52.66678 0.679471845771162 0.559596816399267 0.16592567406687 -18.4820475521456 
52.66678 0.27094664544593 0.727543471657282 0.181987410115743 -19.3225042635769 
52.66678 0.649962000417467 0.41295490746397 0.928075910438659 -19.9056621052954 
52.66678 0.911374714046348 1.66202630483338 0.0737257825387692 -19.5742491147249 
52.66678 0.911374714046348 1.66202630483338 0.636501566909536 -19.5742491147249 
52.66678 0.291763193789154 0.439347354912812 0.878828841017164 -19.808242951875 
52.66678 0.291763193789154 0.310566090544786 0.181987410115743 -19.3225042635769 
52.66678 1.57534565821799 1.52985734967672 0.327040089355862 -19.7112488514738 
52.66678 1.35494445875027 1.93927928194356 0.492561720030813 -19.5742491147249 
52.66678 1.29366024569939 0.439347354912812 0.636501566909536 -19.5742491147249 
52.66678 0.911374714046348 0.41295490746397 0.928075910438659 -19.808242951875 
52.66678 1.57534565821799 1.52985734967672 0.327040089355862 -19.7112488514738 
52.66678 0.617554885931606 0.878363097834057 0.941830948135975 -18.2973566000197 
52.66678 0.27094664544593 0.41295490746397 0.680603734839107 -19.7112488514738 
52.66678 1.07651263772525 0.878363097834057 0.928075910438659 -19.9056621052954 
52.66678 1.35494445875027 0.726070675950031 0.680603734839107 -19.7112488514738 
52.66678 0.617554885931606 1.00372219122336 0.680603734839107 -16.3916814262475 
52.66678 1.10811555522059 1.32031030287851 0.271337780796446 -18.2973566000197 
52.66678 1.71824115484815 0.439347354912812 0.181987410115743 -19.3225042635769 
52.66678 0.649962000417467 0.727543471657282 0.636501566909536 -19.5742491147249 
52.62646 1.71824115484815 0.439347354912812 0.928075910438659 -19.9056621052954 
52.62646 0.911374714046348 1.66202630483338 0.636501566909536 -18.4820475521456 
52.61646 0.769160404892795 1.66202630483338 0.0224890337972132 -1.2513335991752 
52.50548 1.10507899099197 0.878363097834057 0.941830948135975 -18.2973566000197 
52.42484 1.71824115484815 0.310566090544786 0.232445147231173 -16.8505505472069 
52.26356 1.07651263772525 0.878363097834057 0.941830948135975 -18.2973566000197 
52.1426 1.29366024569939 0.878363097834057 0.941830948135975 -18.2973566000197 
52.0942 1.72641621316117 1.66202630483338 0.0224890337972132 -1.2513335991752 
51.98162 1.29366024569939 0.439347354912812 0.680603734839107 -16.8505505472069 
51.61582 0.679471845771162 1.66202630483338 0.0943407620219755 -0.465767609502947 
51.5371 1.07651263772525 0.340744146339357 0.566406925945592 -7.40463269869245 
51.2042 0.261516967463103 1.66202630483338 0.0224890337972132 -1.2513335991752 
51.04644 1.29366024569939 0.727543471657282 0.407862214115607 -5.00262602792141 
51.04548 1.18705381432603 1.66202630483338 0.0943407620219755 -0.465767609502947 
50.88936 1.29366024569939 0.439347354912812 0.0943407620219755 -0.465767609502947 
50.56612 0.679471845771162 0.878363097834057 0.407862214115607 -5.00262602792141 
50.5661 0.649962000417467 0.727543471657282 0.407862214115607 -5.00262602792141 
50.32226 0.911374714046348 1.66202630483338 0.0737257825387692 -0.465767609502947 
49.80354 0.917679831253913 1.66202630483338 0.680603734839107 -13.9021632952447 
49.22968 1.10507899099197 1.05789590733076 0.600794263595236 5.23692158484089 
49.11322 1.07651263772525 0.878363097834057 0.873295579906957 -0.465767609502947 
48.7516 1.07651263772525 0.878363097834057 0.941830948135975 8.12893001270353 
