52.953 0.979944667589271 1.33996419831521 0.101215283712531 7.43644514951463 
52.75168 1.03106964291898 1.08288724608495 0.101215283712531 6.32310424360348 
52.75168 1.03106964291898 1.33996419831521 0.101215283712531 7.43644514951463 
52.1812 0.979944667589271 1.33996419831521 0.101215283712531 1.54339455602347 
52.01342 0.885611882852224 1.33996419831521 0.101215283712531 7.43644514951463 
51.97986 1.03106964291898 1.33996419831521 0.0131181895931945 3.49145647052673 
51.94632 0.979944667589271 0.880357783585134 0.887529646152082 1.54339455602347 
51.91276 0.979944667589271 1.56090597650099 0.664940009540219 -15.2340686360069 
51.8792 1.04764602803519 1.33996419831521 0.101215283712531 7.43644514951463 
51.84564 0.885611882852224 0.240341247583834 0.101215283712531 6.32310424360348 
51.77852 0.885611882852224 1.56090597650099 0.0131181895931945 3.49145647052673 
51.77852 1.58201705113632 1.85787211420625 0.959966098551296 -16.9911734194937 
51.67788 1.77480215758699 0.240341247583834 0.118222443687282 -8.93799789490508 
51.67786 1.15299294223864 1.85787211420625 0.959966098551296 -16.9911734194937 
51.67786 1.17673485281742 1.0203460199906 0.101215283712531 6.32310424360348 
51.67784 0.979944667589271 1.08288724608495 0.101215283712531 6.32310424360348 
51.64432 1.7563387212277 0.26311288860668 0.242633820414703 -8.93799789490508 
51.64428 1.04764602803519 0.880357783585134 0.887529646152082 1.54339455602347 
51.5772 1.76252842290856 1.2221188791699 0.101215283712531 7.43644514951463 
51.57718 0.979944667589271 1.33996419831521 0.101215283712531 1.54339455602347 
51.57718 1.76252842290856 1.08288724608495 0.0131913048739062 -2.87265495523066 
51.54364 0.796485255695279 1.08288724608495 0.101215283712531 -15.2340686360069 
51.54364 1.03106964291898 0.46363292077307 0.242633820414703 -17.0076061235313 
51.54364 1.58201705113632 1.43392637885179 0.731889875042095 -18.3586623160118 
51.54364 1.77480215758699 0.240341247583834 0.118222443687282 -18.3586623160118 
51.54364 0.417433603941909 0.722255664577463 0.886646986358822 -18.6129882304329 
51.54364 0.219628257697491 0.508131751032222 0.407789241217078 -15.2340686360069 
51.54364 0.796485255695279 0.46363292077307 0.242633820414703 -15.1521094442356 
51.54364 0.885611882852224 0.240341247583834 0.118222443687282 -18.3586623160118 
51.54364 1.58201705113632 0.76490118449567 0.584214886741236 -19.3399466822581 
51.54364 0.796485255695279 0.46363292077307 0.242633820414703 -19.3399466822581 
51.54364 1.8243510583421 0.76490118449567 0.584214886741236 -19.3399466822581 
51.54364 0.36448632370604 1.38870508402737 0.664940009540219 -16.9911734194937 
51.54364 0.979944667589271 0.46363292077307 0.886646986358822 -18.6129882304329 
51.54364 0.796485255695279 0.46363292077307 0.242633820414703 -15.1521094442356 
51.54364 0.219628257697491 0.70521891254711 0.101215283712531 -17.1419194606228 
51.54364 1.03106964291898 1.33996419831521 0.101215283712531 -17.1419194606228 
51.54364 0.979944667589271 1.33996419831521 0.0131181895931945 -17.1419194606228 
51.54364 0.219628257697491 0.104504534918833 0.101215283712531 -18.6129882304329 
51.54364 1.03106964291898 1.56090597650099 0.407789241217078 -17.0076061235313 
51.54364 0.219628257697491 1.08288724608495 0.118222443687282 -17.1419194606228 
51.54364 0.36448632370604 1.38870508402737 0.664940009540219 -16.9911734194937 
51.54364 1.65866284464502 0.204296578615495 0.101215283712531 -13.8672674312684 0.846700153489717
51.54364 0.979944667589271 1.33996419831521 0.0301992961756283 -17.1419194606228 
51.54364 0.709274350633062 0.266743804780931 0.118222443687282 -17.0076061235313 
51.54364 1.65866284464502 0.204296578615495 0.0301992961756283 -18.6129882304329 
51.54364 0.885611882852224 0.240341247583834 0.118222443687282 -18.3586623160118 
51.54364 0.979944667589271 0.104504534918833 0.959966098551296 -16.9911734194937 
51.54364 0.219628257697491 1.08288724608495 0.101215283712531 -14.7556907477304 
51.54364 0.46297700717218 0.408363962151255 0.886646986358822 -18.6129882304329 
51.54364 1.15299294223864 0.508607832723398 0.101215283712531 -17.1419194606228 
51.54364 0.36448632370604 1.33996419831521 0.0131181895931945 -18.6129882304329 
51.54364 0.979944667589271 1.08288724608495 0.118222443687282 -17.1419194606228 
51.54364 0.796485255695279 1.56090597650099 0.407789241217078 -17.0076061235313 
51.54364 1.58201705113632 1.85787211420625 0.959966098551296 -19.3399466822581 
51.54364 0.151863563742681 0.76490118449567 0.584214886741236 -16.9911734194937 
51.54364 0.979944667589271 1.08288724608495 0.0131181895931945 -8.98692865143794 
51.54364 0.709274350633062 1.0203460199906 0.0131181895931945 -8.98692865143794 
51.54364 1.15299294223864 1.85787211420625 0.959966098551296 -19.3399466822581 
51.54364 0.151863563742681 0.76490118449567 0.584214886741236 -16.9911734194937 
51.54364 0.979944667589271 0.104504534918833 0.200398798050811 -18.3586623160118 
51.54364 1.03106964291898 1.08288724608495 0.118222443687282 -18.3586623160118 
51.54364 0.417433603941909 0.722255664577463 0.0131181895931945 -18.6129882304329 
51.54364 0.979944667589271 1.33996419831521 0.886646986358822 -18.6129882304329 
51.54364 0.46297700717218 0.408363962151255 0.886646986358822 -18.6129882304329 
51.54364 1.15299294223864 1.0203460199906 0.0131181895931945 -8.98692865143794 
51.54364 0.796485255695279 1.08288724608495 0.132707421697936 -17.0076061235313 
51.51008 0.796485255695279 1.08288724608495 0.959966098551296 -16.9911734194937 
51.51008 0.796485255695279 0.46363292077307 0.242633820414703 -15.1521094442356 
51.51008 1.15299294223864 0.508607832723398 0.450526670098299 -16.9911734194937 
51.51008 0.36448632370604 1.38870508402737 0.664940009540219 -16.9911734194937 
51.47652 1.03106964291898 1.56090597650099 0.664940009540219 -15.2340686360069 
51.47652 1.17673485281742 0.508607832723398 0.450526670098299 8.32850045178937 
51.40942 0.885611882852224 1.56090597650099 0.664940009540219 -15.2340686360069 
51.37586 1.2677084841302 1.08288724608495 0.0131913048739062 -2.87265495523066 
51.37584 0.979944667589271 0.408363962151255 0.335001532094124 -13.834114266837 
51.30874 1.81629994662908 0.863975781944482 0.815429556523753 -15.1521094442356 
51.27518 1.2677084841302 1.33996419831521 0.664940009540219 -15.2340686360069 
51.20806 0.36448632370604 0.408363962151255 0.427433397095675 2.80502086051278 
51.1745 0.709274350633062 1.01217977246188 0.0131181895931945 1.54339455602347 
51.00674 0.885611882852224 1.08288724608495 0.101215283712531 6.32310424360348 
51.0067 1.31347371357437 1.08288724608495 0.101215283712531 6.32310424360348 
50.97316 1.04764602803519 0.880357783585134 0.101215283712531 6.32310424360348 
50.97314 0.979944667589271 1.33996419831521 0.101215283712531 1.54339455602347 
50.90604 1.17673485281742 1.33758068872245 0.407789241217078 -8.93799789490508 
50.77182 1.04764602803519 0.880357783585134 0.887529646152082 3.49145647052673 
50.73828 0.796485255695279 1.08288724608495 0.101215283712531 6.32310424360348 
50.67114 0.979944667589271 1.33996419831521 0.162496618242498 -4.93844517671882 
50.6376 0.979944667589271 1.33758068872245 0.407789241217078 -4.93844517671882 
50.63758 0.219628257697491 1.56090597650099 0.959966098551296 -16.9911734194937 
50.26846 0.151863563742681 1.07639902435802 0.427433397095675 -4.86710125105326 
50.1678 0.219628257697491 1.56090597650099 0.407789241217078 -15.2340686360069 
50.13422 0.151863563742681 1.85787211420625 0.959966098551296 -16.9911734194937 
49.96646 0.219628257697491 1.33996419831521 0.101215283712531 -15.1521094442356 
49.96646 1.03106964291898 1.2221188791699 0.162496618242498 -4.93844517671882 
49.83224 0.709274350633062 0.70521891254711 0.101215283712531 6.32310424360348 
49.73154 1.7563387212277 0.26311288860668 0.886646986358822 7.43644514951463 
49.4631 0.979944667589271 1.08288724608495 0.887529646152082 1.54339455602347 
49.3624 1.15299294223864 1.85787211420625 0.959966098551296 8.32850045178937 
49.12752 0.979944667589271 1.87228267993443 0.450526670098299 8.32850045178937 
