55.18216 0.827429638711358 1.98867218991716 0.0876317340245318 1.38785739583192 
54.93356 1.72322073615812 1.70641304405042 0.1296575871448 -4.84320619662874 
54.35674 1.72322073615812 1.70641304405042 0.1296575871448 -2.88596233108439 
54.27512 0.827429638711358 1.70641304405042 0.1296575871448 4.468178874695 
53.94826 1.79611417571728 1.90907386934206 0.0876317340245318 1.38785739583192 
53.94758 1.15338033103773 1.67406328139003 0.0199169041522895 4.9207717660196 
53.94758 1.72322073615812 1.90907386934206 0.0199169041522895 4.9207717660196 
53.94658 1.20009533544637 1.90907386934206 0.0199169041522895 6.18151798382208 
53.78298 0.999818291426099 1.58935895941873 0.0467491191676805 4.9207717660196 
53.78298 1.31916850858049 1.9916845612599 0.0199169041522895 1.38785739583192 
53.69934 1.77197318319772 1.985893928952 0.0504006007460284 -1.67496974899557 
53.53944 1.98335285964223 1.98490659151049 0.0745704296025899 -1.67496974899557 
53.45308 1.15338033103773 1.67406328139003 0.0199169041522895 5.40938255619388 
53.37246 1.72322073615812 1.71215290976455 0.0876317340245318 -1.98823583675043 
53.28914 0.989578439399764 1.58935895941873 0.0467491191676805 -4.46594316049065 
53.20852 0.827429638711358 1.98490659151049 0.0745704296025899 -1.67496974899557 
53.12454 1.16193873344348 1.98867218991716 0.0876317340245318 1.38785739583192 
53.12452 1.98335285964223 1.58935895941873 0.0467491191676805 -4.46594316049065 
53.04664 1.79611417571728 1.71215290976455 0.0876317340245318 -1.98823583675043 
53.04628 0.685089889933949 1.90907386934206 0.0876317340245318 1.38785739583192 
53.04222 0.999818291426099 1.90907386934206 0.0467491191676805 4.9207717660196 
52.88234 1.15338033103773 1.67406328139003 0.0806222073873555 -1.67496974899557 
52.87762 0.695560352049869 1.98867218991716 0.0467491191676805 -4.46594316049065 
52.71302 0.695560352049869 1.71215290976455 0.0199169041522895 4.9207717660196 
52.63072 0.999818291426099 1.58935895941873 0.0467491191676805 -4.46594316049065 
52.63072 1.77086455763967 1.98867218991716 0.0467491191676805 1.38785739583192 
52.63072 0.827429638711358 1.98490659151049 0.0876317340245318 4.468178874695 
52.63068 0.827429638711358 1.98490659151049 0.0876317340245318 -1.98823583675043 
52.62598 0.989578439399764 1.16819213080851 0.1296575871448 4.468178874695 
52.47014 1.98335285964223 1.985893928952 0.1296575871448 -4.46594316049065 
52.46982 1.72322073615812 1.70641304405042 0.1296575871448 4.9207717660196 0.0247393308505295
52.46612 0.999818291426099 1.58935895941873 0.0467491191676805 -4.46594316049065 
52.3892 1.72322073615812 0.499858048612198 0.471986932606215 6.18151798382208 
52.38888 1.72322073615812 0.541411921444426 0.494606041576206 4.468178874695 
52.38822 1.77086455763967 0.499858048612198 0.471986932606215 6.18151798382208 
52.30656 1.79611417571728 1.16819213080851 0.1296575871448 4.468178874695 
52.30184 1.79611417571728 1.16819213080851 0.1296575871448 4.468178874695 0.0247393308505295
52.30148 1.79611417571728 1.58935895941873 0.0467491191676805 -4.46594316049065 
52.2229 1.72322073615812 0.499858048612198 0.471986932606215 6.18151798382208 
52.21852 1.79611417571728 1.71215290976455 0.0745704296025899 -4.46594316049065 
52.14228 1.72322073615812 0.541411921444426 0.494606041576206 4.468178874695 
52.1379 1.15338033103773 1.67406328139003 0.0467491191676805 -4.46594316049065 
52.13688 1.72322073615812 1.90907386934206 0.0199169041522895 -4.46594316049065 
52.13588 0.695560352049869 1.70641304405042 0.1296575871448 4.468178874695 
52.05728 1.1998679600736 1.98490659151049 0.0876317340245318 -1.98823583675043 
52.05626 0.827429638711358 1.71215290976455 0.0745704296025899 -0.141280231142034 
51.97734 1.72322073615812 0.541411921444426 0.494606041576206 4.468178874695 
51.97362 1.16193873344348 1.98867218991716 0.0876317340245318 1.38785739583192 
51.9723 0.695560352049869 1.98867218991716 0.0467491191676805 -4.46594316049065 
51.88862 1.71731329604097 1.9595254446871 0.0109874163585587 4.9207717660196 
51.81136 1.72322073615812 0.499858048612198 0.471986932606215 4.9207717660196 
51.80968 0.999818291426099 1.16819213080851 0.333514678708848 -17.3129348617241 
51.72772 1.16193873344348 1.98867218991716 0.0467491191676805 4.468178874695 
51.72672 0.827429638711358 1.98490659151049 0.0876317340245318 4.468178874695 
51.56278 1.23543236649954 1.23787109379751 0.494606041576206 4.468178874695 
51.55974 0.989578439399764 1.58935895941873 0.0467491191676805 4.468178874695 
51.4825 1.72322073615812 0.247609600998777 0.170343998436943 -1.98823583675043 0.0247393308505295
51.47844 1.77086455763967 1.98867218991716 0.0467491191676805 4.468178874695 
51.47844 1.71731329604097 1.9595254446871 0.0109874163585587 1.38785739583192 
51.47742 0.827429638711358 1.98867218991716 0.0467491191676805 4.9207717660196 0.0247393308505295
51.40088 1.72322073615812 1.98490659151049 0.0876317340245318 -1.98823583675043 
51.32092 1.16193873344348 1.98867218991716 0.0876317340245318 4.468178874695 
51.31856 1.77086455763967 0.199387983528014 0.0876317340245318 1.38785739583192 
51.31382 1.77086455763967 1.98867218991716 0.0467491191676805 4.9207717660196 
51.23152 1.77086455763967 1.98867218991716 0.0467491191676805 4.9207717660196 
51.15496 1.72322073615812 0.541411921444426 0.156184405727257 -1.98823583675043 
51.0723 1.72322073615812 1.09264051365703 0.1296575871448 4.468178874695 
51.06422 0.999818291426099 1.71215290976455 0.0745704296025899 8.04648377632923 
50.98968 0.827429638711358 1.05778822189542 0.333514678708848 -4.46594316049065 
50.98934 1.15338033103773 1.67406328139003 0.0876317340245318 1.38785739583192 0.0247393308505295
50.98934 1.16193873344348 1.98867218991716 0.0876317340245318 -4.46594316049065 
50.90298 0.685089889933949 1.09264051365703 0.1296575871448 -4.46594316049065 
50.82102 1.49344189323219 1.67406328139003 0.0876317340245318 1.38785739583192 
50.8207 1.77086455763967 1.98867218991716 0.0467491191676805 1.38785739583192 
50.74412 1.72322073615812 1.90907386934206 0.0876317340245318 1.38785739583192 
50.6608 1.49344189323219 1.16819213080851 0.343683834204245 -1.98823583675043 
50.65842 1.72322073615812 1.70641304405042 0.1296575871448 4.468178874695 
50.57714 0.999818291426099 1.16819213080851 0.595945686304012 1.31479420012333 
50.57648 1.72322073615812 1.70641304405042 0.1296575871448 -4.46594316049065 
50.49348 0.989578439399764 1.985893928952 0.1296575871448 4.468178874695 
50.32956 1.77086455763967 1.05778822189542 0.333514678708848 -17.3129348617241 
50.32618 0.999818291426099 1.16819213080851 0.0467491191676805 -4.46594316049065 
50.16598 0.685089889933949 1.09264051365703 0.1296575871448 4.468178874695 
50.08534 0.827429638711358 1.98490659151049 0.0876317340245318 -0.141280231142034 
50.085 1.9399834990416 1.98867218991716 0.1296575871448 4.468178874695 
50.00202 1.49344189323219 1.16819213080851 0.343683834204245 -0.141280231142034 
50.00136 0.827429638711358 1.985893928952 0.1296575871448 4.468178874695 
49.91736 0.999818291426099 1.16819213080851 0.0876317340245318 1.38785739583192 
49.75614 1.15338033103773 1.67406328139003 0.0876317340245318 1.38785739583192 
49.67214 0.999818291426099 1.90907386934206 0.385142814722868 4.9207717660196 
49.59116 1.15338033103773 1.67406328139003 0.385142814722868 -3.95703317632858 
49.4286 1.15338033103773 1.16819213080851 0.343683834204245 -0.141280231142034 
49.26094 0.695560352049869 1.05778822189542 0.333514678708848 4.9207717660196 
49.17762 1.72322073615812 1.70641304405042 0.1296575871448 -1.98823583675043 
49.1766 0.989578439399764 1.58935895941873 0.494606041576206 4.468178874695 
48.68448 1.32155245154674 0.842557756200009 0.0199169041522895 4.9207717660196 
48.52256 0.999818291426099 1.16819213080851 0.1296575871448 -4.46594316049065 
48.43758 1.77086455763967 1.98490659151049 0.0745704296025899 -1.67496974899557 
48.35658 1.72322073615812 0.541411921444426 0.0467491191676805 -0.402185516137692 
48.35426 1.72322073615812 1.90907386934206 0.0876317340245318 5.40938255619388 
