55.67058 1.61029003253619 0.802720661197577 0.663959443088114 1.47830503223965 
53.61906 0.903020353872925 0.741559414860841 0.24872684805378 4.94445418360563 
52.70966 1.67723780425418 0.317570202659354 0.0398288202011317 -12.2493521170338 
52.63206 0.446449229782669 1.38865668768543 0.65090032463614 1.47830503223965 
52.38314 0.446449229782669 1.38865668768543 0.885145723485438 -6.18724535251779 
52.30148 0.446449229782669 1.38865668768543 0.885145723485438 -2.56512792437782 
52.30082 0.224832895960852 1.68505980643104 0.71323754042458 -7.01795449117391 
52.21818 0.446449229782669 0.320830540701323 0.645572178686723 -7.01795449117391 
52.2175 0.903020353872925 1.74264747955701 0.728600969304516 -12.232028085023 
52.13926 0.862151183549197 0.320830540701323 0.645572178686723 -7.01795449117391 
52.13384 1.67723780425418 0.317570202659354 0.0398288202011317 -13.601879090326 
52.1335 1.07580679206641 0.317570202659354 0.0398288202011317 -13.601879090326 
52.0566 0.796995905577738 1.70100582934919 0.728600969304516 -7.01798364798698 
52.05424 0.213457385627846 1.33375310127191 0.459699520704512 -14.0760622571243 
52.05356 1.0818470846724 1.33375310127191 0.459699520704512 -12.078804061696 
52.0529 0.558326990598135 0.299736330622041 0.536746924436826 -6.18724535251779 
51.97026 0.862151183549197 1.38865668768543 0.65090032463614 -12.1497928614902 
51.97022 0.781838719329405 1.83386481186183 0.71323754042458 -12.232028085023 
51.81036 1.61029003253619 0.802720661197577 0.1904156499253 6.61852441252542 
51.80632 0.446449229782669 0.365689373442187 0.240061099139439 -6.18724535251779 
51.72536 1.67723780425418 1.38865668768543 0.295548110574208 -2.56512792437782 
51.64274 0.381879699877524 1.72329591692046 0.0140737243842718 -12.078804061696 
51.5648 1.78739616990043 1.74264747955701 0.71323754042458 -7.26740631475316 
51.47844 0.903020353872925 1.50114234202858 0.0140737243842718 -7.01798364798698 
51.47812 1.0818470846724 1.33375310127191 0.459699520704512 -14.3578974185137 
51.47776 0.224832895960852 1.38865668768543 0.65090032463614 -12.1497928614902 
51.47678 1.0818470846724 1.18015633093534 0.65090032463614 -12.1497928614902 
51.4764 0.781838719329405 0.741559414860841 0.645572178686723 -12.232028085023 
51.31452 1.24000764533346 0.492274086314528 0.0233244904893322 -7.01798364798698 
51.3125 1.07580679206641 1.6836473267607 0.260140076803499 -7.01798364798698 
51.23422 1.95411552192208 0.492274086314528 0.1904156499253 6.61852441252542 
51.23356 1.61029003253619 1.50114234202858 0.624351075250249 -7.01798364798698 
51.22848 0.862151183549197 0.317570202659354 0.0398288202011317 -13.601879090326 
51.15394 1.07580679206641 0.802720661197577 0.663959443088114 1.11755063829669 
51.14788 0.213457385627846 0.802720661197577 0.663959443088114 -12.1497928614902 
51.07062 0.853656928349568 0.129161474285169 0.663959443088114 1.47830503223965 
51.06932 0.862151183549197 0.320830540701323 0.645572178686723 -6.18724535251779 
51.0649 0.853656928349568 0.317570202659354 0.0398288202011317 -13.601879090326 
50.98394 0.781838719329405 1.50114234202858 0.624351075250249 -11.4082308497434 
50.98326 1.0818470846724 1.38865668768543 0.885145723485438 -12.078804061696 
50.98224 0.862151183549197 1.6836473267607 0.865050292953478 -15.0262350345911 
50.89998 0.862151183549197 0.320830540701323 0.0398288202011317 -13.601879090326 
50.81798 0.862151183549197 0.741559414860841 0.260140076803499 -12.2493521170338 
50.6581 0.781838719329405 1.38865668768543 0.295548110574208 -6.18724535251779 
50.65808 0.363955155353791 1.38865668768543 0.295548110574208 -2.56512792437782 
50.65774 0.781838719329405 1.78128801442404 0.663959443088114 1.47830503223965 
50.65676 0.781838719329405 1.78128801442404 0.1904156499253 1.47830503223965 
50.6561 0.796995905577738 1.70100582934919 0.458170366493285 -12.1497928614902 
50.65304 1.0818470846724 1.48694702084421 0.71323754042458 -12.232028085023 
50.5788 1.67723780425418 0.129161474285169 0.728600969304516 -7.01798364798698 
50.57412 0.446449229782669 0.802720661197577 0.663959443088114 4.94445418360563 
50.57244 0.446449229782669 0.365689373442187 0.240061099139439 -14.3578974185137 
50.49382 0.363955155353791 1.6836473267607 0.260140076803499 -12.2493521170338 
50.4915 1.67723780425418 0.317570202659354 0.260140076803499 -12.2493521170338 
50.49112 1.61029003253619 1.83386481186183 0.71323754042458 -15.0262350345911 
50.48844 0.363955155353791 0.317570202659354 0.0398288202011317 -13.601879090326 
50.4085 0.862151183549197 0.741559414860841 0.65090032463614 -12.1497928614902 
50.40782 1.67723780425418 1.6836473267607 0.865050292953478 -12.232028085023 
50.32788 1.24000764533346 1.78128801442404 0.528815728339492 -16.1841590966997 
50.32784 0.213457385627846 0.320830540701323 0.24872684805378 -14.3578974185137 
50.32652 0.781838719329405 0.741559414860841 0.459699520704512 -14.0760622571243 
50.32552 0.446449229782669 1.38865668768543 0.885145723485438 -16.1841590966997 
50.24288 0.781838719329405 0.82951907565567 0.528815728339492 -6.18724535251779 
50.1653 1.40470048626854 0.320830540701323 0.645572178686723 -7.01795449117391 
50.16156 1.07580679206641 1.6836473267607 0.0398288202011317 -7.01798364798698 
50.08264 0.446449229782669 1.38865668768543 0.295548110574208 -2.56512792437782 
50.07962 0.446449229782669 1.38865668768543 0.65090032463614 4.94445418360563 
50.07926 0.446449229782669 0.82951907565567 0.1904156499253 -12.1497928614902 
50.0786 0.213457385627846 0.741559414860841 0.24872684805378 -14.0760622571243 
49.99862 0.446449229782669 1.38865668768543 0.24872684805378 -12.078804061696 
49.91906 0.862151183549197 0.320830540701323 0.645572178686723 -2.56512792437782 
49.75576 1.0818470846724 1.33375310127191 0.459699520704512 4.94445418360563 
49.75408 0.446449229782669 1.70100582934919 0.613077520290161 7.52131052748361 
49.75104 1.61029003253619 1.83386481186183 0.71323754042458 -7.01795449117391 
49.6718 0.736811084474324 0.124435923002103 0.458170366493285 1.24693663312534 
49.67012 1.61029003253619 0.802720661197577 0.458170366493285 -14.0760622571243 
49.50852 0.446449229782669 0.124435923002103 0.65090032463614 -12.1497928614902 
49.50788 1.67723780425418 0.317570202659354 0.645572178686723 -7.01795449117391 
49.42556 0.736811084474324 0.365689373442187 0.690347323446569 -1.83577980634091 
49.42286 1.24000764533346 1.78128801442404 0.1904156499253 -12.1497928614902 
49.09498 0.903020353872925 1.50114234202858 0.24872684805378 -16.1841590966997 
49.0943 1.67723780425418 0.317570202659354 0.295548110574208 -14.3578974185137 
49.09094 1.07580679206641 0.802720661197577 0.663959443088114 -7.01795449117391 
48.92772 1.0818470846724 1.74264747955701 0.728600969304516 -10.2632914794901 
48.84876 0.224832895960852 1.68505980643104 0.728600969304516 -10.2632914794901 
48.76678 0.903020353872925 0.124435923002103 0.536746924436826 1.11755063829669 
48.68616 0.446449229782669 1.38865668768543 0.0140737243842718 -12.232028085023 
48.44026 1.61029003253619 1.83386481186183 0.71323754042458 1.47830503223965 
48.43956 1.67723780425418 0.320830540701323 0.645572178686723 -7.01795449117391 
48.43486 0.224832895960852 1.68505980643104 0.71323754042458 -12.078804061696 
48.35258 0.213457385627846 0.802720661197577 0.663959443088114 4.94445418360563 
48.26924 1.06741666614123 1.55546647641131 0.24872684805378 -14.3578974185137 
48.19468 1.61029003253619 0.802720661197577 0.663959443088114 6.61852441252542 
48.19032 0.224832895960852 1.68505980643104 0.71323754042458 -1.83577980634091 
48.02774 0.446449229782669 1.38865668768543 0.0398288202011317 -13.601879090326 
48.02334 0.213457385627846 0.741559414860841 0.719196507472097 7.57858604802372 
47.77914 0.446449229782669 1.38865668768543 0.885145723485438 -14.0760622571243 
47.69512 1.0818470846724 1.33375310127191 0.645572178686723 -7.01795449117391 
47.04074 0.446449229782669 1.38865668768543 0.295548110574208 -16.1841590966997 
46.21736 1.61029003253619 1.83386481186183 0.915835280361974 8.42872955824852 
