51.0876 0.1 0.1 0.01
51.8024 0.1 0.1 0.03
52.0199 0.1 0.1 0.05
52.0354 0.1 0.1 0.07
52.6414 0.1 0.1 0.09
52.6725 0.1 0.1 0.11
52.5326 0.1 0.1 0.13
52.3151 0.1 0.1 0.15
52.2219 0.1 0.1 0.17
52.3151 0.1 0.1 0.19
52.1753 0.1 0.1 0.21
52.1287 0.1 0.1 0.23
52.1597 0.1 0.1 0.25
51.9888 0.1 0.1 0.27
52.1597 0.1 0.1 0.29
52.2063 0.1 0.1 0.31
52.3462 0.1 0.1 0.33
52.9366 0.1 0.1 0.35
52.5637 0.1 0.1 0.37
52.6569 0.1 0.1 0.39
52.8745 0.1 0.1 0.41
53.1852 0.1 0.1 0.43
53.092 0.1 0.1 0.45
53.1075 0.1 0.1 0.47
53.325 0.1 0.1 0.49
53.2629 0.1 0.1 0.51
53.3406 0.1 0.1 0.53
53.2629 0.1 0.1 0.55
53.2784 0.1 0.1 0.57
53.4183 0.1 0.1 0.59
53.325 0.1 0.1 0.61
52.9677 0.1 0.1 0.63
53.0298 0.1 0.1 0.65
52.9988 0.1 0.1 0.67
53.1386 0.1 0.1 0.69
53.1541 0.1 0.1 0.71
53.2784 0.1 0.1 0.73
53.092 0.1 0.1 0.75
52.9988 0.1 0.1 0.77
52.7968 0.1 0.1 0.79
52.6725 0.1 0.1 0.81
52.6725 0.1 0.1 0.83
52.6569 0.1 0.1 0.85
52.6414 0.1 0.1 0.87
52.3306 0.1 0.1 0.89
52.1442 0.1 0.1 0.91
52.1287 0.1 0.1 0.93
52.1908 0.1 0.1 0.950000000000001
52.0976 0.1 0.1 0.970000000000001
51.1498 0.1 0.3 0.01
52.1753 0.1 0.3 0.03
51.8956 0.1 0.3 0.05
52.3462 0.1 0.3 0.07
52.8123 0.1 0.3 0.09
52.6725 0.1 0.3 0.11
52.5792 0.1 0.3 0.13
52.5482 0.1 0.3 0.15
52.4394 0.1 0.3 0.17
52.2063 0.1 0.3 0.19
52.2374 0.1 0.3 0.21
52.2374 0.1 0.3 0.23
52.1908 0.1 0.3 0.25
52.4239 0.1 0.3 0.27
52.5482 0.1 0.3 0.29
53.2007 0.1 0.3 0.31
53.0143 0.1 0.3 0.33
53.294 0.1 0.3 0.35
53.2163 0.1 0.3 0.37
53.3561 0.1 0.3 0.39
53.5426 0.1 0.3 0.41
53.6203 0.1 0.3 0.43
53.6047 0.1 0.3 0.45
53.3561 0.1 0.3 0.47
53.4804 0.1 0.3 0.49
53.4027 0.1 0.3 0.51
53.4027 0.1 0.3 0.53
53.4183 0.1 0.3 0.55
53.5115 0.1 0.3 0.57
53.3561 0.1 0.3 0.59
53.294 0.1 0.3 0.61
53.1231 0.1 0.3 0.63
53.0609 0.1 0.3 0.65
52.9677 0.1 0.3 0.67
52.9211 0.1 0.3 0.69
52.8589 0.1 0.3 0.71
52.9677 0.1 0.3 0.73
52.9211 0.1 0.3 0.75
52.9366 0.1 0.3 0.77
52.9521 0.1 0.3 0.79
53.0764 0.1 0.3 0.81
53.0143 0.1 0.3 0.83
53.1231 0.1 0.3 0.85
53.0609 0.1 0.3 0.87
52.9988 0.1 0.3 0.89
52.9988 0.1 0.3 0.91
53.0609 0.1 0.3 0.93
53.0298 0.1 0.3 0.950000000000001
53.0143 0.1 0.3 0.970000000000001
51.3518 0.1 0.5 0.01
52.688 0.1 0.5 0.03
52.082 0.1 0.5 0.05
52.253 0.1 0.5 0.07
52.5792 0.1 0.5 0.09
52.6103 0.1 0.5 0.11
52.5482 0.1 0.5 0.13
52.486 0.1 0.5 0.15
52.5792 0.1 0.5 0.17
52.3773 0.1 0.5 0.19
52.8589 0.1 0.5 0.21
53.2318 0.1 0.5 0.23
53.0764 0.1 0.5 0.25
53.5115 0.1 0.5 0.27
53.5426 0.1 0.5 0.29
53.4493 0.1 0.5 0.31
53.4338 0.1 0.5 0.33
53.4027 0.1 0.5 0.35
53.2784 0.1 0.5 0.37
53.4183 0.1 0.5 0.39
53.5426 0.1 0.5 0.41
53.4649 0.1 0.5 0.43
53.5115 0.1 0.5 0.45
53.527 0.1 0.5 0.47
53.3561 0.1 0.5 0.49
53.4493 0.1 0.5 0.51
53.325 0.1 0.5 0.53
53.325 0.1 0.5 0.55
53.2318 0.1 0.5 0.57
53.2784 0.1 0.5 0.59
53.1852 0.1 0.5 0.61
53.1697 0.1 0.5 0.63
53.1386 0.1 0.5 0.65
53.0298 0.1 0.5 0.67
53.0143 0.1 0.5 0.69
53.1386 0.1 0.5 0.71
53.0764 0.1 0.5 0.73
53.2163 0.1 0.5 0.75
53.0609 0.1 0.5 0.77
52.9988 0.1 0.5 0.79
52.9521 0.1 0.5 0.81
52.8434 0.1 0.5 0.83
52.8745 0.1 0.5 0.85
52.9211 0.1 0.5 0.87
52.89 0.1 0.5 0.89
52.8745 0.1 0.5 0.91
52.8278 0.1 0.5 0.93
52.8434 0.1 0.5 0.950000000000001
52.7968 0.1 0.5 0.970000000000001
51.2741 0.1 0.7 0.01
52.4083 0.1 0.7 0.03
52.1908 0.1 0.7 0.05
52.0976 0.1 0.7 0.07
52.3151 0.1 0.7 0.09
52.4705 0.1 0.7 0.11
52.4394 0.1 0.7 0.13
52.4239 0.1 0.7 0.15
52.4239 0.1 0.7 0.17
52.8278 0.1 0.7 0.19
53.3095 0.1 0.7 0.21
53.1231 0.1 0.7 0.23
53.527 0.1 0.7 0.25
53.4493 0.1 0.7 0.27
53.4649 0.1 0.7 0.29
53.3561 0.1 0.7 0.31
53.3095 0.1 0.7 0.33
53.4649 0.1 0.7 0.35
53.5426 0.1 0.7 0.37
53.5426 0.1 0.7 0.39
53.325 0.1 0.7 0.41
53.2629 0.1 0.7 0.43
53.3095 0.1 0.7 0.45
53.2474 0.1 0.7 0.47
53.1852 0.1 0.7 0.49
53.2784 0.1 0.7 0.51
53.2629 0.1 0.7 0.53
53.2163 0.1 0.7 0.55
53.2163 0.1 0.7 0.57
53.3406 0.1 0.7 0.59
53.2784 0.1 0.7 0.61
53.4649 0.1 0.7 0.63
53.2318 0.1 0.7 0.65
53.1231 0.1 0.7 0.67
53.4649 0.1 0.7 0.69
53.2163 0.1 0.7 0.71
52.9832 0.1 0.7 0.73
53.0298 0.1 0.7 0.75
52.9677 0.1 0.7 0.77
53.1852 0.1 0.7 0.79
53.0298 0.1 0.7 0.81
52.9055 0.1 0.7 0.83
52.8745 0.1 0.7 0.85
52.9832 0.1 0.7 0.87
52.89 0.1 0.7 0.89
52.9988 0.1 0.7 0.91
52.7346 0.1 0.7 0.93
52.7191 0.1 0.7 0.950000000000001
52.7346 0.1 0.7 0.970000000000001
51.1187 0.1 0.9 0.01
51.9422 0.1 0.9 0.03
52.3306 0.1 0.9 0.05
52.1131 0.1 0.9 0.07
52.3617 0.1 0.9 0.09
52.1131 0.1 0.9 0.11
52.3773 0.1 0.9 0.13
52.5016 0.1 0.9 0.15
52.5637 0.1 0.9 0.17
52.7657 0.1 0.9 0.19
53.092 0.1 0.9 0.21
53.3872 0.1 0.9 0.23
53.8999 0.1 0.9 0.25
53.5892 0.1 0.9 0.27
53.6358 0.1 0.9 0.29
53.7756 0.1 0.9 0.31
53.6824 0.1 0.9 0.33
53.7135 0.1 0.9 0.35
53.5736 0.1 0.9 0.37
53.6824 0.1 0.9 0.39
53.7446 0.1 0.9 0.41
53.5115 0.1 0.9 0.43
53.5426 0.1 0.9 0.45
53.4338 0.1 0.9 0.47
53.3717 0.1 0.9 0.49
53.3406 0.1 0.9 0.51
53.3095 0.1 0.9 0.53
53.1231 0.1 0.9 0.55
53.2629 0.1 0.9 0.57
53.1231 0.1 0.9 0.59
53.092 0.1 0.9 0.61
53.1231 0.1 0.9 0.63
53.0764 0.1 0.9 0.65
53.0298 0.1 0.9 0.67
53.1386 0.1 0.9 0.69
53.2007 0.1 0.9 0.71
53.1231 0.1 0.9 0.73
53.0764 0.1 0.9 0.75
53.1075 0.1 0.9 0.77
53.1697 0.1 0.9 0.79
53.2007 0.1 0.9 0.81
53.2163 0.1 0.9 0.83
53.4338 0.1 0.9 0.85
53.3406 0.1 0.9 0.87
53.6047 0.1 0.9 0.89
53.4493 0.1 0.9 0.91
53.3717 0.1 0.9 0.93
53.4493 0.1 0.9 0.950000000000001
53.5736 0.1 0.9 0.970000000000001
51.7247 0.1 1.1 0.01
52.2685 0.1 1.1 0.03
51.4916 0.1 1.1 0.05
51.5848 0.1 1.1 0.07
51.6936 0.1 1.1 0.09
51.6314 0.1 1.1 0.11
52.2374 0.1 1.1 0.13
51.6314 0.1 1.1 0.15
52.0976 0.1 1.1 0.17
52.4705 0.1 1.1 0.19
52.3306 0.1 1.1 0.21
52.7968 0.1 1.1 0.23
53.3095 0.1 1.1 0.25
53.6979 0.1 1.1 0.27
53.3872 0.1 1.1 0.29
53.5581 0.1 1.1 0.31
53.5115 0.1 1.1 0.33
53.527 0.1 1.1 0.35
53.3872 0.1 1.1 0.37
53.4027 0.1 1.1 0.39
53.5736 0.1 1.1 0.41
53.4493 0.1 1.1 0.43
53.4804 0.1 1.1 0.45
53.9776 0.1 1.1 0.47
54.2262 0.1 1.1 0.49
54.0242 0.1 1.1 0.51
53.9776 0.1 1.1 0.53
53.7446 0.1 1.1 0.55
53.3717 0.1 1.1 0.57
53.294 0.1 1.1 0.59
53.325 0.1 1.1 0.61
53.092 0.1 1.1 0.63
53.1541 0.1 1.1 0.65
53.6513 0.1 1.1 0.67
53.6824 0.1 1.1 0.69
53.729 0.1 1.1 0.71
53.9621 0.1 1.1 0.73
54.0864 0.1 1.1 0.75
53.5892 0.1 1.1 0.77
53.3095 0.1 1.1 0.79
53.2318 0.1 1.1 0.81
53.092 0.1 1.1 0.83
53.1697 0.1 1.1 0.85
53.1541 0.1 1.1 0.87
52.7812 0.1 1.1 0.89
53.0609 0.1 1.1 0.91
52.7812 0.1 1.1 0.93
52.3617 0.1 1.1 0.950000000000001
51.4139 0.1 1.1 0.970000000000001
52.284 0.1 1.3 0.01
53.2474 0.1 1.3 0.03
53.2474 0.1 1.3 0.05
53.8067 0.1 1.3 0.07
53.3095 0.1 1.3 0.09
52.5326 0.1 1.3 0.11
54.2573 0.1 1.3 0.13
52.4705 0.1 1.3 0.15
54.6768 0.1 1.3 0.17
53.6513 0.1 1.3 0.19
53.9621 0.1 1.3 0.21
53.3095 0.1 1.3 0.23
54.335 0.1 1.3 0.25
52.2219 0.1 1.3 0.27
53.6824 0.1 1.3 0.29
52.8123 0.1 1.3 0.31
54.6768 0.1 1.3 0.33
54.3039 0.1 1.3 0.35
52.7502 0.1 1.3 0.37
52.5326 0.1 1.3 0.39
52.8589 0.1 1.3 0.41
52.89 0.1 1.3 0.43
52.9988 0.1 1.3 0.45
52.9988 0.1 1.3 0.47
53.1697 0.1 1.3 0.49
53.6358 0.1 1.3 0.51
52.0199 0.1 1.3 0.53
52.3151 0.1 1.3 0.55
51.9577 0.1 1.3 0.57
51.1498 0.1 1.3 0.59
52.284 0.1 1.3 0.61
52.7502 0.1 1.3 0.63
52.7812 0.1 1.3 0.65
52.7035 0.1 1.3 0.67
52.9366 0.1 1.3 0.69
51.3984 0.1 1.3 0.71
51.8956 0.1 1.3 0.73
52.2063 0.1 1.3 0.75
51.1032 0.1 1.3 0.77
51.1498 0.1 1.3 0.79
52.7812 0.1 1.3 0.81
51.5382 0.1 1.3 0.83
52.6414 0.1 1.3 0.85
51.3828 0.1 1.3 0.87
52.6414 0.1 1.3 0.89
51.6314 0.1 1.3 0.91
51.0876 0.1 1.3 0.93
51.3673 0.1 1.3 0.950000000000001
51.1032 0.1 1.3 0.970000000000001
51.1187 0.1 1.5 0.01
53.2007 0.1 1.5 0.03
53.6203 0.1 1.5 0.05
54.2262 0.1 1.5 0.07
54.2418 0.1 1.5 0.09
55.8421 0.1 1.5 0.11
55.0497 0.1 1.5 0.13
58.266 0.1 1.5 0.15
55.8888 0.1 1.5 0.17
57.9553 0.1 1.5 0.19
57.3493 0.1 1.5 0.21
57.9086 0.1 1.5 0.23
57.4114 0.1 1.5 0.25
55.8111 0.1 1.5 0.27
57.2716 0.1 1.5 0.29
56.184 0.1 1.5 0.31
55.982 0.1 1.5 0.33
55.7644 0.1 1.5 0.35
55.7023 0.1 1.5 0.37
55.6712 0.1 1.5 0.39
55.0186 0.1 1.5 0.41
54.7545 0.1 1.5 0.43
53.6824 0.1 1.5 0.45
54.1485 0.1 1.5 0.47
55.0186 0.1 1.5 0.49
52.688 0.1 1.5 0.51
52.5016 0.1 1.5 0.53
52.7968 0.1 1.5 0.55
52.7502 0.1 1.5 0.57
51.7091 0.1 1.5 0.59
51.8179 0.1 1.5 0.61
52.253 0.1 1.5 0.63
51.88 0.1 1.5 0.65
51.9422 0.1 1.5 0.67
51.5848 0.1 1.5 0.69
51.1653 0.1 1.5 0.71
52.7502 0.1 1.5 0.73
51.647 0.1 1.5 0.75
51.1342 0.1 1.5 0.77
52.1131 0.1 1.5 0.79
51.445 0.1 1.5 0.81
52.4239 0.1 1.5 0.83
51.1032 0.1 1.5 0.85
51.1809 0.1 1.5 0.87
51.0876 0.1 1.5 0.89
51.1032 0.1 1.5 0.91
52.1753 0.1 1.5 0.93
51.1187 0.1 1.5 0.950000000000001
51.1032 0.1 1.5 0.970000000000001
51.1964 0.1 1.7 0.01
53.092 0.1 1.7 0.03
53.9466 0.1 1.7 0.05
55.9509 0.1 1.7 0.07
56.7278 0.1 1.7 0.09
57.3337 0.1 1.7 0.11
58.2815 0.1 1.7 0.13
57.5979 0.1 1.7 0.15
57.9553 0.1 1.7 0.17
57.7067 0.1 1.7 0.19
57.5668 0.1 1.7 0.21
57.458 0.1 1.7 0.23
57.458 0.1 1.7 0.25
56.3238 0.1 1.7 0.27
56.5724 0.1 1.7 0.29
56.8365 0.1 1.7 0.31
56.4792 0.1 1.7 0.33
54.537 0.1 1.7 0.35
53.7446 0.1 1.7 0.37
54.4593 0.1 1.7 0.39
53.9621 0.1 1.7 0.41
54.3971 0.1 1.7 0.43
53.1075 0.1 1.7 0.45
53.092 0.1 1.7 0.47
52.7657 0.1 1.7 0.49
51.0099 0.1 1.7 0.51
52.5171 0.1 1.7 0.53
51.9888 0.1 1.7 0.55
52.2063 0.1 1.7 0.57
52.284 0.1 1.7 0.59
51.0566 0.1 1.7 0.61
51.1964 0.1 1.7 0.63
52.0044 0.1 1.7 0.65
51.243 0.1 1.7 0.67
52.3151 0.1 1.7 0.69
51.4139 0.1 1.7 0.71
51.445 0.1 1.7 0.73
50.9633 0.1 1.7 0.75
51.1809 0.1 1.7 0.77
53.1075 0.1 1.7 0.79
51.445 0.1 1.7 0.81
51.1187 0.1 1.7 0.83
52.3462 0.1 1.7 0.85
51.3052 0.1 1.7 0.87
52.4239 0.1 1.7 0.89
51.9111 0.1 1.7 0.91
51.88 0.1 1.7 0.93
51.0255 0.1 1.7 0.950000000000001
51.1187 0.1 1.7 0.970000000000001
50.9478 0.1 1.9 0.01
52.5792 0.1 1.9 0.03
54.1641 0.1 1.9 0.05
57.0541 0.1 1.9 0.07
56.8676 0.1 1.9 0.09
59.8198 0.1 1.9 0.11
58.5612 0.1 1.9 0.13
59.1361 0.1 1.9 0.15
57.9708 0.1 1.9 0.17
58.6855 0.1 1.9 0.19
56.9142 0.1 1.9 0.21
57.3959 0.1 1.9 0.23
55.7023 0.1 1.9 0.25
55.0031 0.1 1.9 0.27
55.8732 0.1 1.9 0.29
55.4071 0.1 1.9 0.31
54.7079 0.1 1.9 0.33
53.7756 0.1 1.9 0.35
53.4649 0.1 1.9 0.37
52.3617 0.1 1.9 0.39
51.3984 0.1 1.9 0.41
51.6159 0.1 1.9 0.43
52.6725 0.1 1.9 0.45
51.0255 0.1 1.9 0.47
52.051 0.1 1.9 0.49
50.9323 0.1 1.9 0.51
51.0099 0.1 1.9 0.53
51.1653 0.1 1.9 0.55
51.0099 0.1 1.9 0.57
51.2275 0.1 1.9 0.59
50.7924 0.1 1.9 0.61
51.2275 0.1 1.9 0.63
50.6837 0.1 1.9 0.65
51.0099 0.1 1.9 0.67
50.7769 0.1 1.9 0.69
50.9323 0.1 1.9 0.71
51.7091 0.1 1.9 0.73
50.808 0.1 1.9 0.75
51.1187 0.1 1.9 0.77
51.3052 0.1 1.9 0.79
51.2585 0.1 1.9 0.81
51.1342 0.1 1.9 0.83
51.3984 0.1 1.9 0.85
50.8701 0.1 1.9 0.87
51.4605 0.1 1.9 0.89
51.2275 0.1 1.9 0.91
51.1653 0.1 1.9 0.93
52.1908 0.1 1.9 0.950000000000001
50.5127 0.1 1.9 0.970000000000001
51.0876 0.3 0.1 0.01
51.8179 0.3 0.1 0.03
52.0044 0.3 0.1 0.05
52.0976 0.3 0.1 0.07
52.6414 0.3 0.1 0.09
52.6725 0.3 0.1 0.11
52.6103 0.3 0.1 0.13
52.5171 0.3 0.1 0.15
52.5326 0.3 0.1 0.17
52.486 0.3 0.1 0.19
52.6725 0.3 0.1 0.21
52.6725 0.3 0.1 0.23
52.6259 0.3 0.1 0.25
53.3561 0.3 0.1 0.27
52.7191 0.3 0.1 0.29
52.9211 0.3 0.1 0.31
52.8278 0.3 0.1 0.33
53.294 0.3 0.1 0.35
52.8123 0.3 0.1 0.37
53.0454 0.3 0.1 0.39
53.3406 0.3 0.1 0.41
53.7912 0.3 0.1 0.43
53.5736 0.3 0.1 0.45
53.5426 0.3 0.1 0.47
53.8844 0.3 0.1 0.49
53.7756 0.3 0.1 0.51
53.9155 0.3 0.1 0.53
53.8999 0.3 0.1 0.55
53.8378 0.3 0.1 0.57
54.1796 0.3 0.1 0.59
54.0087 0.3 0.1 0.61
53.8067 0.3 0.1 0.63
53.8999 0.3 0.1 0.65
53.7446 0.3 0.1 0.67
53.7135 0.3 0.1 0.69
53.6669 0.3 0.1 0.71
53.6979 0.3 0.1 0.73
53.6047 0.3 0.1 0.75
53.4027 0.3 0.1 0.77
53.4493 0.3 0.1 0.79
53.6979 0.3 0.1 0.81
53.3406 0.3 0.1 0.83
53.3095 0.3 0.1 0.85
53.1386 0.3 0.1 0.87
53.3095 0.3 0.1 0.89
53.3406 0.3 0.1 0.91
53.4804 0.3 0.1 0.93
53.1386 0.3 0.1 0.950000000000001
53.2007 0.3 0.1 0.970000000000001
51.1342 0.3 0.3 0.01
52.1908 0.3 0.3 0.03
51.9733 0.3 0.3 0.05
52.1753 0.3 0.3 0.07
52.5637 0.3 0.3 0.09
52.6569 0.3 0.3 0.11
52.8278 0.3 0.3 0.13
52.6414 0.3 0.3 0.15
52.3462 0.3 0.3 0.17
52.4239 0.3 0.3 0.19
52.7968 0.3 0.3 0.21
52.9211 0.3 0.3 0.23
52.8589 0.3 0.3 0.25
53.3406 0.3 0.3 0.27
53.6047 0.3 0.3 0.29
53.4649 0.3 0.3 0.31
54.133 0.3 0.3 0.33
53.6203 0.3 0.3 0.35
53.3717 0.3 0.3 0.37
53.9932 0.3 0.3 0.39
53.8378 0.3 0.3 0.41
54.0864 0.3 0.3 0.43
53.9776 0.3 0.3 0.45
53.9155 0.3 0.3 0.47
53.7135 0.3 0.3 0.49
53.5426 0.3 0.3 0.51
53.6203 0.3 0.3 0.53
53.6513 0.3 0.3 0.55
53.6824 0.3 0.3 0.57
53.6669 0.3 0.3 0.59
53.6669 0.3 0.3 0.61
53.6669 0.3 0.3 0.63
53.6358 0.3 0.3 0.65
53.5892 0.3 0.3 0.67
53.7135 0.3 0.3 0.69
53.9932 0.3 0.3 0.71
53.496 0.3 0.3 0.73
53.931 0.3 0.3 0.75
53.7756 0.3 0.3 0.77
53.5892 0.3 0.3 0.79
53.4804 0.3 0.3 0.81
53.5581 0.3 0.3 0.83
53.7601 0.3 0.3 0.85
53.9932 0.3 0.3 0.87
53.8378 0.3 0.3 0.89
53.8689 0.3 0.3 0.91
53.6979 0.3 0.3 0.93
54.0087 0.3 0.3 0.950000000000001
53.8378 0.3 0.3 0.970000000000001
51.5071 0.3 0.5 0.01
52.5637 0.3 0.5 0.03
52.4394 0.3 0.5 0.05
52.1908 0.3 0.5 0.07
52.4239 0.3 0.5 0.09
52.6259 0.3 0.5 0.11
52.5948 0.3 0.5 0.13
52.5948 0.3 0.5 0.15
52.4705 0.3 0.5 0.17
52.4705 0.3 0.5 0.19
52.9211 0.3 0.5 0.21
53.1852 0.3 0.5 0.23
53.527 0.3 0.5 0.25
54.0864 0.3 0.5 0.27
54.1019 0.3 0.5 0.29
54.4748 0.3 0.5 0.31
54.2262 0.3 0.5 0.33
53.931 0.3 0.5 0.35
53.9466 0.3 0.5 0.37
53.8067 0.3 0.5 0.39
53.729 0.3 0.5 0.41
53.9932 0.3 0.5 0.43
53.6358 0.3 0.5 0.45
53.7912 0.3 0.5 0.47
53.729 0.3 0.5 0.49
53.7135 0.3 0.5 0.51
53.6669 0.3 0.5 0.53
53.5115 0.3 0.5 0.55
53.8689 0.3 0.5 0.57
53.4649 0.3 0.5 0.59
53.9621 0.3 0.5 0.61
53.5581 0.3 0.5 0.63
53.7135 0.3 0.5 0.65
53.9621 0.3 0.5 0.67
54.0864 0.3 0.5 0.69
53.931 0.3 0.5 0.71
54.0709 0.3 0.5 0.73
53.8999 0.3 0.5 0.75
53.8689 0.3 0.5 0.77
53.7912 0.3 0.5 0.79
54.1641 0.3 0.5 0.81
54.1641 0.3 0.5 0.83
53.8533 0.3 0.5 0.85
53.5115 0.3 0.5 0.87
53.6047 0.3 0.5 0.89
53.729 0.3 0.5 0.91
53.6824 0.3 0.5 0.93
53.6669 0.3 0.5 0.950000000000001
53.2474 0.3 0.5 0.970000000000001
51.5538 0.3 0.7 0.01
52.3151 0.3 0.7 0.03
52.4239 0.3 0.7 0.05
52.4549 0.3 0.7 0.07
52.284 0.3 0.7 0.09
52.3928 0.3 0.7 0.11
52.486 0.3 0.7 0.13
52.5171 0.3 0.7 0.15
52.8745 0.3 0.7 0.17
53.3095 0.3 0.7 0.19
53.1852 0.3 0.7 0.21
53.4338 0.3 0.7 0.23
54.0087 0.3 0.7 0.25
53.8999 0.3 0.7 0.27
54.2107 0.3 0.7 0.29
53.8689 0.3 0.7 0.31
53.9155 0.3 0.7 0.33
53.9932 0.3 0.7 0.35
53.7446 0.3 0.7 0.37
53.8222 0.3 0.7 0.39
53.8533 0.3 0.7 0.41
53.8999 0.3 0.7 0.43
53.9621 0.3 0.7 0.45
54.0709 0.3 0.7 0.47
53.9776 0.3 0.7 0.49
53.9932 0.3 0.7 0.51
54.0864 0.3 0.7 0.53
53.9621 0.3 0.7 0.55
54.1019 0.3 0.7 0.57
53.8533 0.3 0.7 0.59
53.9932 0.3 0.7 0.61
53.6979 0.3 0.7 0.63
54.1641 0.3 0.7 0.65
53.9155 0.3 0.7 0.67
54.0864 0.3 0.7 0.69
54.0553 0.3 0.7 0.71
54.0398 0.3 0.7 0.73
53.7135 0.3 0.7 0.75
53.7912 0.3 0.7 0.77
54.0398 0.3 0.7 0.79
53.6047 0.3 0.7 0.81
53.3406 0.3 0.7 0.83
53.3095 0.3 0.7 0.85
53.5736 0.3 0.7 0.87
53.5426 0.3 0.7 0.89
53.4649 0.3 0.7 0.91
53.3561 0.3 0.7 0.93
53.092 0.3 0.7 0.950000000000001
52.9832 0.3 0.7 0.970000000000001
51.2741 0.3 0.9 0.01
52.2374 0.3 0.9 0.03
52.2685 0.3 0.9 0.05
52.2219 0.3 0.9 0.07
52.2219 0.3 0.9 0.09
52.4394 0.3 0.9 0.11
52.9055 0.3 0.9 0.13
52.9988 0.3 0.9 0.15
53.092 0.3 0.9 0.17
53.092 0.3 0.9 0.19
53.2629 0.3 0.9 0.21
53.4493 0.3 0.9 0.23
53.325 0.3 0.9 0.25
53.4183 0.3 0.9 0.27
53.729 0.3 0.9 0.29
53.7135 0.3 0.9 0.31
53.9155 0.3 0.9 0.33
53.7135 0.3 0.9 0.35
53.9932 0.3 0.9 0.37
53.7912 0.3 0.9 0.39
53.8533 0.3 0.9 0.41
53.8844 0.3 0.9 0.43
53.7601 0.3 0.9 0.45
53.6669 0.3 0.9 0.47
53.7135 0.3 0.9 0.49
53.6669 0.3 0.9 0.51
53.9466 0.3 0.9 0.53
53.8999 0.3 0.9 0.55
53.7601 0.3 0.9 0.57
53.8067 0.3 0.9 0.59
53.8533 0.3 0.9 0.61
53.7756 0.3 0.9 0.63
53.6979 0.3 0.9 0.65
53.6358 0.3 0.9 0.67
53.6047 0.3 0.9 0.69
53.5115 0.3 0.9 0.71
53.4649 0.3 0.9 0.73
53.5892 0.3 0.9 0.75
53.4649 0.3 0.9 0.77
53.4493 0.3 0.9 0.79
53.6513 0.3 0.9 0.81
53.3561 0.3 0.9 0.83
53.4027 0.3 0.9 0.85
53.3406 0.3 0.9 0.87
53.4183 0.3 0.9 0.89
53.496 0.3 0.9 0.91
53.294 0.3 0.9 0.93
53.2474 0.3 0.9 0.950000000000001
53.2163 0.3 0.9 0.970000000000001
51.1032 0.3 1.1 0.01
51.6159 0.3 1.1 0.03
52.0044 0.3 1.1 0.05
52.1597 0.3 1.1 0.07
52.3151 0.3 1.1 0.09
52.3617 0.3 1.1 0.11
52.7812 0.3 1.1 0.13
52.8745 0.3 1.1 0.15
52.7035 0.3 1.1 0.17
52.8434 0.3 1.1 0.19
52.9832 0.3 1.1 0.21
53.5426 0.3 1.1 0.23
53.7135 0.3 1.1 0.25
53.6358 0.3 1.1 0.27
53.5581 0.3 1.1 0.29
53.6669 0.3 1.1 0.31
53.8533 0.3 1.1 0.33
53.7446 0.3 1.1 0.35
53.6513 0.3 1.1 0.37
53.6358 0.3 1.1 0.39
53.496 0.3 1.1 0.41
53.8689 0.3 1.1 0.43
53.5892 0.3 1.1 0.45
53.729 0.3 1.1 0.47
53.7912 0.3 1.1 0.49
53.6513 0.3 1.1 0.51
53.5581 0.3 1.1 0.53
53.6047 0.3 1.1 0.55
53.729 0.3 1.1 0.57
53.5892 0.3 1.1 0.59
53.3717 0.3 1.1 0.61
53.3561 0.3 1.1 0.63
53.4338 0.3 1.1 0.65
53.2318 0.3 1.1 0.67
53.2474 0.3 1.1 0.69
53.3561 0.3 1.1 0.71
53.4027 0.3 1.1 0.73
53.3406 0.3 1.1 0.75
53.2629 0.3 1.1 0.77
53.2163 0.3 1.1 0.79
53.1697 0.3 1.1 0.81
53.3406 0.3 1.1 0.83
53.4649 0.3 1.1 0.85
53.527 0.3 1.1 0.87
53.4027 0.3 1.1 0.89
53.4493 0.3 1.1 0.91
53.325 0.3 1.1 0.93
53.0609 0.3 1.1 0.950000000000001
53.325 0.3 1.1 0.970000000000001
51.5848 0.3 1.3 0.01
51.7247 0.3 1.3 0.03
51.4761 0.3 1.3 0.05
52.2219 0.3 1.3 0.07
52.0199 0.3 1.3 0.09
52.0976 0.3 1.3 0.11
52.0976 0.3 1.3 0.13
52.2374 0.3 1.3 0.15
52.5326 0.3 1.3 0.17
52.5016 0.3 1.3 0.19
52.8123 0.3 1.3 0.21
52.9988 0.3 1.3 0.23
53.4027 0.3 1.3 0.25
53.7135 0.3 1.3 0.27
53.6824 0.3 1.3 0.29
54.0553 0.3 1.3 0.31
54.0553 0.3 1.3 0.33
54.0398 0.3 1.3 0.35
54.1796 0.3 1.3 0.37
53.7601 0.3 1.3 0.39
53.9932 0.3 1.3 0.41
53.9932 0.3 1.3 0.43
53.4338 0.3 1.3 0.45
53.3717 0.3 1.3 0.47
53.6047 0.3 1.3 0.49
53.496 0.3 1.3 0.51
53.6513 0.3 1.3 0.53
53.6669 0.3 1.3 0.55
53.9776 0.3 1.3 0.57
54.4438 0.3 1.3 0.59
54.1796 0.3 1.3 0.61
53.6669 0.3 1.3 0.63
53.4027 0.3 1.3 0.65
53.496 0.3 1.3 0.67
53.2007 0.3 1.3 0.69
53.1075 0.3 1.3 0.71
52.9366 0.3 1.3 0.73
52.9832 0.3 1.3 0.75
53.0143 0.3 1.3 0.77
53.1231 0.3 1.3 0.79
53.2784 0.3 1.3 0.81
53.6979 0.3 1.3 0.83
53.6513 0.3 1.3 0.85
54.1796 0.3 1.3 0.87
53.931 0.3 1.3 0.89
53.3406 0.3 1.3 0.91
52.4549 0.3 1.3 0.93
53.1697 0.3 1.3 0.950000000000001
51.9422 0.3 1.3 0.970000000000001
52.1597 0.3 1.5 0.01
53.9621 0.3 1.5 0.03
54.2418 0.3 1.5 0.05
55.5935 0.3 1.5 0.07
55.8421 0.3 1.5 0.09
56.7433 0.3 1.5 0.11
56.9764 0.3 1.5 0.13
56.9608 0.3 1.5 0.15
57.5357 0.3 1.5 0.17
58.2039 0.3 1.5 0.19
57.9863 0.3 1.5 0.21
56.3549 0.3 1.5 0.23
57.9242 0.3 1.5 0.25
55.8421 0.3 1.5 0.27
55.376 0.3 1.5 0.29
56.6035 0.3 1.5 0.31
55.78 0.3 1.5 0.33
55.4537 0.3 1.5 0.35
54.5681 0.3 1.5 0.37
55.1119 0.3 1.5 0.39
54.5681 0.3 1.5 0.41
54.5525 0.3 1.5 0.43
53.527 0.3 1.5 0.45
54.335 0.3 1.5 0.47
53.5426 0.3 1.5 0.49
53.1697 0.3 1.5 0.51
52.0665 0.3 1.5 0.53
52.4549 0.3 1.5 0.55
52.6725 0.3 1.5 0.57
52.3773 0.3 1.5 0.59
52.0665 0.3 1.5 0.61
52.4705 0.3 1.5 0.63
51.4761 0.3 1.5 0.65
51.849 0.3 1.5 0.67
52.284 0.3 1.5 0.69
51.9422 0.3 1.5 0.71
52.9677 0.3 1.5 0.73
51.3518 0.3 1.5 0.75
51.4295 0.3 1.5 0.77
51.6625 0.3 1.5 0.79
52.4549 0.3 1.5 0.81
52.5948 0.3 1.5 0.83
51.3518 0.3 1.5 0.85
51.7091 0.3 1.5 0.87
52.5792 0.3 1.5 0.89
52.4239 0.3 1.5 0.91
51.88 0.3 1.5 0.93
52.4705 0.3 1.5 0.950000000000001
51.6625 0.3 1.5 0.970000000000001
52.2219 0.3 1.7 0.01
54.6302 0.3 1.7 0.03
54.9099 0.3 1.7 0.05
57.5823 0.3 1.7 0.07
59.4158 0.3 1.7 0.09
59.9751 0.3 1.7 0.11
59.509 0.3 1.7 0.13
60.4413 0.3 1.7 0.15
60.9385 0.3 1.7 0.17
60.0062 0.3 1.7 0.19
59.8975 0.3 1.7 0.21
59.5245 0.3 1.7 0.23
58.4525 0.3 1.7 0.25
59.074 0.3 1.7 0.27
58.3437 0.3 1.7 0.29
57.5047 0.3 1.7 0.31
56.9919 0.3 1.7 0.33
56.619 0.3 1.7 0.35
56.4326 0.3 1.7 0.37
54.972 0.3 1.7 0.39
55.3294 0.3 1.7 0.41
55.3294 0.3 1.7 0.43
53.9155 0.3 1.7 0.45
53.7601 0.3 1.7 0.47
53.6047 0.3 1.7 0.49
