0.499065 1725493731 0.116304310947005 0.461620020572619 0.532170050899254 -388
0.482243 4147975652 1.26931061098517 0.119683265541944 0.589889794122752 -220
0.594393 3944939180 0.975933274586877 1.71128584271776 0.505322457803136 -256
0.248598 311070430 0.708629192515471 1.25889081786532 0.0451795864853294 7
0.55514 386420834 1.95044875113958 0.517273919480576 0.673149690337582 -571
0.547664 1236459575 1.6695927463119 0.374719653788487 0.785439641953759 -299
0.562617 61924743 1.29903814627507 0.343755807695555 0.455061641997331 -291
0.540187 936653687 1.45369575348343 0.535526218961444 0.711911897695691 -289
0.521495 3081249563 0.469594904462424 0.232813481794918 0.708772752370691 -801
0.603738 871103444 0.154546020045694 1.00693069931668 0.347475495829454 -712
0.562617 3965308222 1.14595091928156 0.282247460615838 0.554811083913659 -827
0.557009 2244774246 0.225690682737482 1.48773037820783 0.120688860190539 -768
0.601869 462400639 1.06453633860186 0.200980740329484 0.101431213039835 -16
0.514019 911646137 1.1279510916377 0.719946580431839 0.979960776622879 -36
0.515888 461840428 0.163574064432497 0.37856671220282 0.931585903787857 -140
0.514019 1775568127 0.898621916262627 0.372550491220646 0.874813062244111 -365
0.542056 2423471968 0.166881090998943 1.10247721265411 0.820398641703062 -214
0.614953 410009545 1.47229216557301 0.875268607038238 0.289078268509069 -776
0.558878 3685763864 0.515188668350633 1.28838982181305 0.248053714945102 -790
0.629907 3315396076 1.29232315607083 0.640099043769105 0.323444222270708 -729
0.542056 307772515 0.840608122554228 0.554611495546519 0.619182639008234 -584
0.51215 4005349011 0.383170805915301 0.253775396633968 0.752013068412683 -965
0.499065 2886640050 1.63445900727729 1.97206858466076 0.455675330815995 -609
0.527103 2575064100 0.906766976737887 1.05439531491875 0.849485837002801 -247
0.678505 3467030921 1.68514110531702 1.15596126374112 0.0653815473269893 -842
0.547664 3813039046 0.901076928585934 1.51978642335269 0.322214417291573 -521
0.594393 1002960866 0.461071642378776 0.834223360840076 0.374392713163498 -354
0.626168 684145776 0.99572729717469 0.893912690721633 0.287681180255065 -652
0.585047 3143294095 1.18392391915896 1.53134654797466 0.0155063711496414 -827
0.504673 247460462 1.21825134637735 0.360729815052265 0.0829723507562922 -288
0.514019 1559962497 0.579493411537156 0.143920821144098 0.950075099020797 -792
0.543925 1253014996 1.94502559263281 1.04237866345342 0.483504589774354 -980
0.650467 1980716550 1.20748223243196 1.55641116732872 0.13472884494101 -340
0.611215 3791370278 0.913374241700881 0.950461273450237 0.258645106525538 -679
0.538318 1746467579 1.8573326926254 1.45223328468089 0.738434243840102 -152
0.485981 2285839818 1.49559522194452 1.15537439139726 0.970933979675616 -815
0.547664 1557981577 1.45495554161053 0.216109190869165 0.399016585957197 -918
0.562617 555193207 0.241813942068938 1.15928099230622 0.690373226217535 -566
0.465421 1022934124 1.55478831326688 1.09897652328631 0.011619718352394 -583
0.547664 673459320 1.62659824499712 1.16328069417466 0.434690515963744 -207
0.530841 3730934051 1.79308404491853 1.12639330358241 0.834616269523293 -882
0.57757 2455346373 1.48417037331155 1.60869544865114 0.350616288977353 -817
0.607477 311286926 0.351670482079332 1.07542290773373 0.451205196638101 -693
0.672897 3865660485 1.98882910544172 0.646117358623125 0.160031392641363 -555
0.497196 869061821 1.42663472494022 1.32340195160855 0.93734576427203 -34
0.557009 164216590 0.93084756552729 1.94397094206336 0.618348214440166 -492
0.547664 1154624471 1.51347811640304 1.58478677074061 0.508776672908714 -495
0.542056 735544071 1.95363955363633 1.49082263022075 0.950681645902554 -379
0.536449 3318379294 1.40925101521573 0.199442141771411 0.46165616484336 -769
0.564486 3092306701 0.455389586768598 1.37252575699167 0.454247072530442 -720
0.570093 4239497208 1.39301694151355 1.017278861772 0.622833544499342 -392
0.585047 1481989703 1.51761918482335 0.716519765057619 0.0929909439125219 -882
0.614953 1018610223 0.378710425820897 1.34006477040546 0.546924659544981 -260
0.499065 2965947438 1.60431427946144 1.99120782312517 0.572715337597081 -711
0.594393 2983763243 0.33904273631865 1.03152676864085 0.0582134985722013 -805
0.605607 1475209224 1.27826596754143 0.728317517354161 0.14190128967319 -594
0.560748 3730475400 0.475574502931449 1.39152935647958 0.4359391704738 -404
0.642991 1199916474 0.706179174559355 0.600504748810029 0.295066524384481 -430
0.614953 1224600360 0.858414100539805 1.60915818090524 0.0517521400310455 -763
0.405607 1827665861 0.270881137271763 0.135191437526298 0.961811574474743 -551
0.450467 2953580694 0.979215497371627 0.462955054017695 0.138035703598322 -360
0.536449 4122654339 0.177613958431914 0.778733102513071 0.715714143339544 -964
0.669159 4177389138 0.253239118377892 1.82434387006247 0.475388298146532 -539
0.6 1605627832 0.431922830318612 0.942492855797524 0.1629249194331 -825
0.540187 3580240530 1.37020411714712 0.642454818816341 0.826849346301993 -909
0.57757 534446429 0.379053867487488 1.46425381733231 0.340698912754621 -424
0.685981 1177329792 0.629500293663368 1.64509726154004 0.245425949392525 -80
0.64486 1946640668 0.32905283292437 1.90463242635783 0.591164742613329 -252
0.471028 1893090060 1.8030427389624 1.48154960445905 0.950139849887468 -117
0.605607 1407461113 1.44790838553044 0.468760593554306 0.295390165246395 -158
0.560748 1316845148 0.748642131490781 0.558127473483449 0.0741636939933364 -845
0.282243 3607019986 1.1731108206189 1.49848510706954 0.0172454892389947 -884
0.637383 4025095155 0.848228453722454 1.77715946262763 0.136652734541825 -931
0.534579 2247122737 1.3118996188527 0.519688174258415 0.805697386070701 -438
0.579439 2934828463 1.16860574133768 0.684042697340976 0.467602723681906 -268
0.528972 2334141352 1.10225046280326 0.25306344971995 0.787983962487451 -247
0.523364 1246975913 0.337630321018822 0.355468422710325 0.462476854262708 -601
0.534579 524882663 1.26030472405963 0.204787368967915 0.60462782077328 -884
0.521495 1527431305 1.39579483666786 1.62470079524522 0.990444218168917 -115
0.482243 2014682174 1.70347176756787 0.246006075820934 0.230437192371063 -663
0.485981 1780739167 1.0221652076001 0.436960025706836 0.826859359245412 -239
0.506542 3772382451 0.525836763630405 0.166913700348 0.273526089676474 -464
0.588785 2295780972 0.544457506019038 1.35950398919158 0.137087107822847 -242
0.575701 3181218771 1.81178404174493 1.95242821295536 0.0669527802043727 -72
0.639252 1896200582 1.72575658482676 1.73692038743023 0.23493899323091 -863
0.545794 3753413786 1.70489836421264 0.272076548950658 0.87483174670186 -705
0.603738 1140191896 0.174968130574869 0.882434517013615 0.344837140060965 -571
0.629907 1468243696 1.60223384119535 1.00668116667039 0.086717656157196 -162
0.598131 3513511427 1.85456066011036 1.03070566600573 0.292358663314809 -504
0.607477 1987411153 1.81894255265144 1.94879567100641 0.370690720028818 -387
0.586916 3476219401 0.857493823221322 1.24662813015524 0.163038186951254 -451
0.540187 4198349973 0.565032286329952 1.21256760291769 0.966891187393664 -780
0.603738 2997258939 1.89544421733709 1.48807080866634 0.434218219717251 -651
0.536449 3645163682 1.29467514475288 1.87181196426295 0.469256572089036 -14
0.616822 2944869689 1.58252976408747 1.15828230823982 0.389336731525282 -542
0.542056 917159576 1.92901611786509 1.71255951604047 0.793908574297199 -799
0.609346 368291609 0.81269854127582 1.1558564528454 0.448328383013741 -739
0.704673 1044864795 0.915833061781728 1.63819935687063 0.158017516396959 -783
0.614953 2334990545 0.214787807570637 1.83669606543615 0.741790470302003 -947
0.491589 2546924230 0.473676867812653 0.301565757307439 0.773040472281424 -144
0.573832 674943746 1.12697380097034 1.743330856566 0.350226756326929 -575
0.517757 2970737968 0.974272949693704 1.55892469431482 0.940985128716166 -700
0.536449 468022713 1.2619227358459 1.63223822362128 0.513031969522498 -215
0.53271 3626920569 1.44499252070443 0.245795998993593 0.221794776687016 -443
0.540187 1070002077 0.635418267116115 1.43948373312722 0.784916859979311 -29
0.55514 2087570439 0.223104476101974 0.363902499395188 0.534080690061692 -336
0.71215 3509192301 1.60458053386002 1.36904102734026 0.0701983125956565 -556
0.515888 2507824768 0.96529604005083 0.842268009007914 0.790246508264495 -516
0.571963 3891405313 1.50700673842138 0.566568865087308 0.447791126106884 -203
0.530841 2019115780 0.309602679978104 0.293591480251804 0.530555099038283 -168
0.633645 1676559689 1.30925306080968 1.95421597556268 0.311837676254789 -158
0.570093 1145275821 1.30241513503402 1.82950511106793 0.498881736742946 -837
0.663551 4101731816 1.46204255195256 1.84919237254373 0.134698790733726 -982
0.549533 3415338743 0.940633749087356 0.425179661438138 0.335778291014593 -482
0.596262 1798080371 1.62042349310414 0.970388745236187 0.410503772925183 -679
0.558878 2335764955 1.83831764243542 0.934970705421146 0.0120414799846855 -548
0.540187 968211968 0.619817552464134 0.853243510710021 0.508619620807519 -681
0.557009 4175507373 1.90832860015837 1.45640501304093 0.408234101633314 -421
0.639252 3186480918 0.203486913812274 1.14335008163682 0.357249096802595 -181
0.517757 3052206750 0.152496898797514 0.419786725113362 0.252551516225861 -665
0.523364 3560988212 1.07341439571284 0.623964871789624 0.717904413696012 -270
0.596262 3350357834 1.97873863678721 1.94505845284696 0.471056512157245 -610
0.618692 2857520999 1.78493042359395 0.351619530516189 0.221727911142676 -102
0.601869 2352710446 0.110331477820173 0.956282902803848 0.410624046902988 -583
0.665421 2802703656 1.42563556075626 1.4274588661465 0.298543206644414 -232
0.590654 309751973 0.321208060075798 0.677216096556641 0.3859432141513 -364
0.568224 1774205633 0.111257148115815 1.71971888704562 0.169119914261342 -60
0.542056 582941467 1.52165366799121 1.54892372312741 0.697617147565426 -6
0.51215 3864966447 0.395043446235747 0.574927357772677 0.110422133693733 -84
0.515888 4141975511 0.931197107004715 1.31224763104453 0.738782431000451 -485
0.570093 1597558626 1.62313851695142 1.11195223655707 0.572585521746073 -497
0.549533 1769461539 1.50976106545138 1.88415993560334 0.582737944373795 -994
0.650467 4136137729 1.27609592564381 1.68394132905265 0.285029867560047 -243
0.588785 1842221303 1.97429059154038 0.727647685666706 0.433828933763612 -138
0.508411 3774743505 0.216279188965767 1.01848946208101 0.817463702378158 -601
0.528972 2973378419 0.206105657093778 0.169751503091196 0.328275453684319 -520
0.611215 1319292025 1.9123617365758 0.90603744982466 0.339574583974712 -624
0.521495 21791876 1.85412612347658 1.86173707661502 0.720765188863457 -305
0.586916 4270319598 1.03547899918419 1.50055009368112 0.590923305265873 -903
0.381308 3888130267 1.96089476889753 0.899108860793505 0.0264490222191215 -57
0.51028 1790182407 0.91680007896597 1.72493842573885 0.919972385985514 -185
0.564486 3115428134 1.08197638001046 1.12728079931819 0.576483575112174 -814
0.557009 1265102340 1.72337630214562 1.0364843745859 0.768278815688594 -505
0.560748 3674074329 1.83483825449594 1.85119936080533 0.488458305322446 -871
0.558878 2009367708 1.94808879730798 0.204694000912301 0.942668125718749 -381
0.590654 3025658625 0.40071980505275 1.64406964388986 0.290925607573166 -905
0.607477 1316982013 1.52035708674025 0.685548419117094 0.264681477151855 -884
0.53271 1699736778 0.812276298978989 0.411565777210699 0.683820720802822 -931
0.499065 3927078618 0.226985521859684 0.842039489880912 0.982749561102248 -94
0.51028 3516750048 1.79093411127249 1.41351230862339 0.653814105758677 -944
0.620561 2609110197 0.787114237531567 1.66117033741509 0.318396717153339 -643
0.426168 3540016397 0.55092221293016 0.875003746725905 0.535582315861164 3
0.521495 3134909043 0.551706143832389 0.15226871384821 0.243315785049337 -664
0.613084 3273330846 0.461846959876055 1.03328488653368 0.236614243663364 -586
0.534579 1260983196 1.49634131756269 0.180504201961082 0.199378814159801 -750
0.598131 4221115300 1.15845459169772 1.06544501988971 0.304487984604809 -998
0.553271 3840846987 0.646304999564394 0.992918216230984 0.428560864603733 -980
0.669159 3336722205 0.104878193120623 1.92508459994574 0.441559419133802 -607
0.585047 377335825 0.715045247647218 1.03206873089621 0.264353743294942 -90
0.549533 3398652885 1.26119321490031 1.68359339780039 0.912696973647495 -665
0.586916 2455094685 1.45104113867897 1.40455963250182 0.390533627545383 -771
0.6 3565591421 0.562507994561934 0.723534658130229 0.517077880073931 -173
 3506960539 1.87396225714431 1.4782675631375 0.807121138238208 -351
0.530841 981907167 0.105093061166943 0.567860229399689 0.895129613295272 -416
0.570093 4278349867 1.9387150512267 1.02299708932852 0.31703453395723 -660
0.575701 2209313637 0.640205352036491 1.14928711298579 0.626456044986436 -289
0.48972 889964354 0.695561481218258 0.184588000290699 0.250286306834532 -588
0.528972 2736984046 1.90429081311138 1.0291463443036 0.764031211818352 -684
0.538318 1636883636 1.11596022881217 0.192166508010339 0.815610570252929 -421
0.540187 3373419918 0.364151198378107 0.564370587768333 0.614074455350065 -657
0.558878 740359764 1.92712057958235 0.84227509036001 0.432133237915012 -990
0.629907 438575120 0.327438227540838 1.19501729618009 0.0798390503088966 -98
0.594393 3116649973 1.84347393470506 1.58203368721119 0.316109103165489 -676
0.620561 3327365669 0.762490604868833 1.98282975386712 0.181052297332889 -182
0.611215 2564478685 1.90035775172715 1.52627792825468 0.259849536828531 -736
0.534579 3673877012 1.28705674589915 0.173818791673612 0.488938415624747 -552
0.678505 1643013853 0.184171557935617 1.79078803998965 0.401751631196865 -911
0.566355 58076234 1.62284840242426 0.18470343062781 0.489636430341497 -986
0.542056 1545238743 1.61410452363316 1.20526504809245 0.827814227184306 -869
0.543925 3469552480 0.172147719944226 0.324279179876594 0.516393608919083 -727
0.665421 4217919041 1.46324892637447 0.785628860125857 0.216188371028472 -535
0.545794 2764275016 1.9538426055132 1.25638818322228 0.533170859906121 -390
0.586916 3936385804 1.51150368096782 0.195505782299932 0.79715935630538 -635
0.523364 4097230602 1.13929262765991 0.591145877347707 0.819239867256022 -779
0.543925 2945601287 0.199136953796842 0.511440992745295 0.941494616392653 -414
0.538318 3213961114 0.753330013811745 0.455434293565425 0.665982592401713 -557
0.57757 1301375727 1.79821672376692 0.325414462509787 0.680316341893055 -716
0.613084 207070478 1.25247765440226 1.04240260367707 0.243422135812163 -281
0.502804 354828145 0.239332995931148 0.57165678423946 0.99956980690507 -4
0.66729 2229107086 1.86111836659167 1.47282097927873 0.195019809104949 -527
0.618692 1776208477 0.32312521760035 1.55255433725484 0.271757997402252 -302
0.519626 2318457551 1.4368770142801 1.21861430259831 0.894966628164058 -501
0.592523 3019851665 1.81009329049194 1.26060118648337 0.496900244358044 -110
0.517757 243182107 0.548879424843249 1.04075773570082 0.932578297087172 -854
0.553271 1650755024 1.41801041622228 1.74989808145904 0.443647173627819 -924
0.478505 385468776 0.286829386770094 1.9799466236475 0.0934711121616248 -683
0.592523 4225675936 0.463970856197239 1.90161689035 0.0201463939748234 -868
0.594393 2059124806 0.274997356132462 0.109058675944779 0.146952074443276 -233
0.459813 61833474 0.167695530705644 1.1531417727253 0.972602954001772 -454
0.499065 2759600610 1.34324184356603 0.111406839368941 0.783499858887499 -927
0.527103 2989269820 1.58418322577026 1.9202663635215 0.917515708124796 -423
0.521495 3781464343 0.207086797192499 0.688136744002448 0.155344147356523 -670
0.661682 1331922344 0.157135020061075 0.135869209420218 0.171295341101471 -802
0.499065 2380973292 0.330655640662613 1.5218530730679 0.946969192202323 -836
0.553271 3375205360 1.37979438792548 1.15690766759744 0.588381909999638 -559
0.549533 957406100 0.989914969249719 1.13166467589551 0.670873336499303 -94
0.598131 3553382754 1.61693527834014 0.354363445555674 0.366079371868739 -96
0.551402 3171449866 1.01920825067355 1.44731871211012 0.0271095763759688 -968
0.542056 3091822182 1.68069531333911 0.197940929499751 0.311111674750394 -12
0.536449 1495458956 0.71146222108394 1.20694958387353 0.653013110269825 -576
0.534579 338857642 1.86379109322302 0.77886241746728 0.739379599039914 -437
0.480374 4291715685 0.551726010384075 0.244198881768288 0.232090179304704 -798
0.474766 2616448662 0.916367439603915 1.98002234217468 0.816559645585505 -410
0.62243 1483751542 0.994855374823123 0.276068038658754 0.0282983623647518 -443
0.497196 1883702971 1.0073222510905 1.50305553728974 0.883035876286842 -513
0.549533 1100709988 1.45118175853777 0.332845854615333 0.63389184881429 -743
0.551402 2678625716 1.03741349016843 1.19654256959157 0.662192722329766 -18
0.504673 3817407889 1.81890824947242 0.885808524737952 0.805636071187767 -980
0.472897 3527281942 0.66979466358038 0.198618128229043 0.0463213845688017 -627
0.471028 2977556080 1.59875183885782 0.627120270464609 0.0455144395490219 -434
0.551402 1684835346 0.313840002260543 1.71066643103847 0.829304559944222 -731
0.55514 760200133 0.245003737177614 0.139468143700971 0.428055778594082 -564
0.628037 3568746193 1.04021039062826 0.756580576631592 0.0798438371953768 -14
0.528972 1168058005 1.34770684330268 1.46044504185696 0.157104427946703 -294
0.581308 63750846 1.31907593879547 1.95423073971473 0.403281214507006 -964
0.637383 1917327662 1.1030518072229 1.09855044062626 0.150235825470883 -337
0.598131 923470909 0.15925093499266 0.932329075850134 0.524040801100255 -387
0.566355 2044834792 0.913370470555972 1.19390882009466 0.659088752799558 -106
0.671028 3193255260 1.18371175926805 0.866797170620347 0.124378874155109 -402
0.493458 679304615 0.664257812763071 0.937411228513237 0.988641281653709 -838
0.661682 3016162014 1.70655818326456 0.386034836906623 0.27848007182597 -121
0.500935 2371766340 1.55438087475092 0.366965896822215 0.107900818901085 -116
0.607477 784923712 1.97794332462949 1.40415703274228 0.15397461248709 -868
0.551402 560146178 1.70343547529009 0.448899285761543 0.628609507678775 -78
0.570093 1757790768 1.9368373683613 0.685308640951928 0.735676039719582 -593
0.499065 3896879085 1.73548887942908 1.22627941615405 0.697384601278841 -896
0.558878 4039647308 1.65670501114845 0.520584820537576 0.428751101926726 -469
0.51215 1413201902 1.028598921834 0.174038801697158 0.960219285871226 -231
0.551402 1513706022 0.986266428504824 1.61187760852243 0.560632984839293 -496
0.551402 2067841741 0.837127431733424 0.443254772349074 0.496462787513168 -938
0.568224 4231138429 0.576476408256469 0.604137419713439 0.342776224547595 -153
0.480374 4052381189 1.23056814989821 0.203800445145403 0.52227945826933 -608
0.601869 3425763781 0.645696137684358 0.48908106059348 0.264826238071998 -157
0.581308 3311327175 0.65198667183586 1.80581006803211 0.521154895641861 -812
0.618692 1353533712 0.167746975377828 1.81929584230409 0.684938517858597 -125
0.568224 3707630723 1.98032229512921 0.276007931050812 0.831273008884617 -764
0.624299 3509643999 0.572125382603415 1.72198234642976 0.320832145961783 -264
0.499065 3863902664 1.08382899259909 0.144930507962225 0.796531305150759 -266
0.594393 407711124 1.22212303274375 1.78624636604459 0.116699393050418 -705
0.598131 3272171375 0.776835076720607 1.06542696014388 0.379592527797938 -983
0.514019 2792339281 1.5849359611112 0.516893513232469 0.571317776749344 -358
0.476636 84911525 0.238778464472844 0.331553603347872 0.401689138550293 -614
0.596262 3081771969 0.228061461190977 1.00109795304145 0.502623063202924 -745
0.534579 2841644213 1.22312679555154 0.440083406654686 0.824902994591482 -265
0.629907 1187310760 0.468371277118363 0.22210969258345 0.0236013051223614 -187
0.540187 1983783964 1.9743190006245 0.754332061708997 0.898335931037956 -305
0.416822 518036137 1.66421448594475 1.47633282274018 0.0136451189534958 -603
0.586916 2716176301 0.783267260059489 1.73185762907339 0.639967818616712 -773
0.631776 2623959106 1.07674330699718 1.60665007868613 0.328494013176801 -691
0.519626 4013897372 0.246235637304087 0.363821237285951 0.911067025746716 -581
0.523364 590868091 1.93436991938611 1.75578705418971 0.690540689126305 -276
0.485981 952663605 0.748064014847477 0.244401778957617 0.249774073598251 -176
0.571963 252969881 0.513852212466029 1.66880237340337 0.649634845089153 -134
0.568224 596936322 1.26873330444361 1.4436380169953 0.56492263207937 -510
0.51028 1892943508 1.80297123780364 1.43345809260366 0.972553123822521 -180
0.523364 3001611962 1.81217024702559 0.196426982786677 0.360292864073704 -551
0.519626 4101283580 0.833102974958335 0.141267573092193 0.587028452999615 -856
0.571963 3345968603 0.577967461490848 1.64413801693253 0.0833104846288278 -842
0.428037 1028948983 0.165201867129543 0.28043603521846 0.373644137471459 -741
0.639252 2582176920 0.440346745286922 0.773407271862722 0.180710761169407 -628
0.573832 1366653727 0.279803426475801 0.934701972235354 0.345997671606204 -422
0.521495 2048964122 1.66422097347741 1.58915796442158 0.856880040184341 -517
0.476636 3741992186 0.360618052660068 0.359255571448435 0.176326349342665 -723
0.592523 3819837108 1.67561228671787 0.635747135258721 0.508468245212129 -531
0.639252 3583886172 0.272128051926078 1.93645325886982 0.460261358969813 -324
0.583178 741942424 1.81296160232128 1.64137014061128 0.711434150323665 -720
0.613084 4069811186 1.81431468776039 0.979965452337669 0.100539159018938 -32
0.48972 2122378889 1.81701682634282 0.406459570813344 0.0639410926766989 -478
0.530841 2982136892 0.192231937944778 1.25628757681213 0.6553485410302 -477
0.499065 1813403921 0.470014488363628 1.7867957586187 0.100464147091159 -829
0.485981 359586222 1.56460847655378 1.5272123643088 0.0625288943302909 -362
0.499065 2337465026 1.26977186440319 0.236401509172704 0.439100644969578 -856
0.542056 1381706302 1.93399924320187 0.985904429680556 0.65605979733292 -4
0.594393 3740707143 0.421083997140104 1.97402415221929 0.555394279261825 -634
0.575701 1731028828 0.31122280559522 1.06263608220868 0.546194169248848 -851
0.536449 3488142325 1.94547236637087 1.42011348587898 0.621988896548366 -777
0.37757 861649300 1.02891056519246 1.41403630171426 0.0491868254671869 -359
0.55514 3181312949 1.05085930638641 0.718684650083956 0.734121436691282 -754
0.568224 3481212772 0.492958699529352 1.18187277665087 0.306857389244679 -779
0.495327 979597962 1.06514461069601 0.610310436505934 0.916344339877243 -39
0.592523 2545399516 0.546513578511921 1.91392987038923 0.500201121714681 -468
0.620561 2776677124 0.521938108278325 1.65871801056301 0.60593610025168 -992
0.663551 3511890815 1.4788362357328 1.98046335065511 0.274923341602571 -929
0.540187 1541416012 1.29285433928921 1.75407048984124 0.683214504718354 -57
0.605607 3547172910 0.840981319615433 0.495005685831114 0.010122715409288 -618
0.57757 410811593 1.38880280190603 0.220994292016961 0.798410454853552 -152
0.381308 3997414428 1.23169079294089 0.457963680583524 0.99438580819974 4
0.579439 1651115530 0.602609585738076 1.04876863411578 0.318891129259128 -109
0.568224 3799338259 0.390242493061866 1.58549319202494 0.826279894507778 -273
0.596262 2378559352 1.33708355098289 0.934824033694205 0.2193396030536 -612
0.528972 1042607099 0.978208508858723 1.16455363637383 0.978643138244478 -371
0.579439 1308981060 1.75629255625812 1.39080213127975 0.311003900575533 -128
0.575701 710470633 1.64916817424206 0.287837964821739 0.398170859871423 -962
0.493458 3978632868 0.613342581788546 0.502909622155595 0.264321816748419 -461
0.607477 852782697 0.394385321756665 1.86944175606933 0.643583718475736 -19
0.581308 4037924545 1.9453549383781 1.16515455432563 0.362108701931274 -809
0.613084 1161552224 1.11329928359146 1.12367804174196 0.357138245758549 -930
0.607477 2256950119 1.1856140963464 1.41528371824586 0.408063764454167 -223
0.530841 569882732 1.69039397105014 1.10536244964586 0.885402278323652 -394
0.525234 1078941712 1.52401101235966 1.49884532265811 0.827606304412919 -668
0.549533 1513709996 0.264599207287163 0.560186218575853 0.436067444028028 -297
0.485981 928238367 1.6499341758355 1.66678161961195 0.914996651672157 -438
0.571963 40325704 1.55384333186386 0.81846260713551 0.468107967531002 -575
0.527103 2175312748 0.936662940351442 0.576311610510795 0.052327440400975 -507
0.521495 2574213442 0.445715939429276 1.78457518778067 0.922819669553707 -862
0.500935 2304273196 1.87309504923677 1.61359443376816 0.9322892118404 -427
0.256075 1624209150 1.68541445858042 0.627874486047332 0.593185143735605 5
0.635514 454494445 1.01729260827743 1.08976950340984 0.24762019637689 -273
0.53271 3241103735 0.284238120706719 1.46856239367476 0.858610704349772 -635
0.620561 3890656090 1.43685810221362 1.07944993670825 0.27584348537108 -273
0.585047 1734065983 0.735857712373224 1.57427175308484 0.521367807513657 -618
0.547664 887268011 1.41355439545983 0.372601277684471 0.148275662565999 -294
0.656075 2825373429 1.46342934854736 0.839591479428532 0.230046257907056 -49
0.549533 2280965743 1.12386000122695 0.19696799206436 0.597359324273967 -712
0.441121 372064282 1.22833534772385 1.61170555516042 0.0439886223839992 -169
0.575701 1635809986 1.86330324697619 1.63881567802431 0.456127776916406 -447
0.534579 2451610175 0.610925133752537 0.750607200852295 0.791024881240277 -234
0.525234 1731856214 1.96044630788449 0.844737405812815 0.878053559865767 -413
0.674766 1595226246 0.925093932923751 1.67201749470662 0.0988634572733318 -72
0.549533 664885778 0.126292423751005 1.62662806808367 0.804663300913803 -665
0.624299 4061137006 0.651876878615955 1.71518068198098 0.398219372146217 -729
0.478505 1838066764 0.60666695852457 0.31566109152681 0.262119771065409 0
0.478505 3339884532 1.27245097956033 1.70612638428429 0.993172388942361 -11
0.515888 3559363311 1.74877530538159 1.61920732913266 0.886477864732228 -897
0.521495 3098372769 1.34802725152696 1.84978188745575 0.741347609172838 -723
0.538318 1551532484 1.25866798403423 1.62711642117598 0.700514590775273 -678
0.528972 1033682509 1.43308015598739 0.7814856554876 0.913298101872881 -262
0.530841 3972594100 0.313745620698438 1.89063638175516 0.812914019220756 -363
 2682085280 1.41920133305817 1.33999618670241 0.0869437517993379 -618
0.540187 4018969428 0.103713844901679 0.758477636472826 0.143156487848354 -253
0.543925 1225484291 1.98957945978002 0.590008297145991 0.619082623115803 -347
0.570093 2262833772 1.30455048105985 0.900133205593751 0.972717232226135 -803
0.55514 2039338292 1.41869790853752 1.62248188490682 0.321840744327139 -424
0.553271 193363120 1.44307475650321 0.876547195766032 0.925122962141357 -158
0.499065 4041869761 1.07830672417374 0.795756197822905 0.667463329600106 -533
0.515888 3905000758 1.684610591381 0.1325792321414 0.914045766751354 -942
0.568224 3739665678 0.809065282104659 1.24946559578706 0.410075060981818 -352
0.517757 1664785977 1.57301337962439 1.48444293148065 0.819932090153741 -518
0.614953 77271830 0.3874668334881 1.72669076761146 0.527949165402743 -275
0.53271 2878345772 1.17098201389741 0.758401985580123 0.981670378450146 -484
0.504673 2042881046 0.259745987251686 0.377572331162543 0.104424629725973 -644
0.465421 1869154209 0.489105251215718 0.204487893105157 0.810494358752691 -418
0.588785 2467259654 0.928435022534684 1.88978171422699 0.289898006479471 -633
0.536449 1445534462 1.95449385966268 1.56085884666647 0.78869976995744 -370
0.618692 2434415489 1.66307476884834 1.59778718231998 0.381290872283025 -422
0.571963 2518843784 1.25412733038259 1.68064975072539 0.515820724484034 -79
0.525234 1405183059 1.26430063500939 1.06377084839642 0.959056110356623 -220
0.55514 2396188341 1.59419628278069 0.453768814663899 0.729667739555735 -946
0.596262 1987864114 0.740114211651483 0.998345468176234 0.185135797871962 -195
0.549533 2660548296 1.04474903460966 1.96107663410537 0.969072835969087 -402
0.570093 3703530857 1.85461571586915 1.19888779354458 0.578320588283822 -286
0.435514 496745577 1.38885315237221 0.487739142322023 0.119317961677425 -419
0.605607 2172430829 1.78281239029904 1.82734822523799 0.206185088153014 -218
0.499065 2583999539 1.16726014121961 0.796276282314959 0.0400413568874454 -129
0.618692 1090539052 0.650332812693058 1.62781447477732 0.485185837347625 -929
0.514019 3015464010 1.70321377727572 0.817933718902738 0.638922336743053 -815
0.51028 2512115601 0.953966915788224 1.89689991435842 0.902608110884274 -855
0.517757 1482523085 1.10756992906623 1.66348537890445 0.69263832704571 -704
0.543925 2606789432 1.64791636102776 0.767195262161582 0.625834870046108 -499
0.583178 2850834711 1.80179805848282 1.08143007625321 0.259468847835505 -74
0.71028 147970137 0.94147975343822 1.34556521929057 0.045885799789246 -693
0.691589 1291057604 1.05571193546193 1.602775947626 0.0454894990321496 -420
0.528972 1537968237 1.58661202871733 1.76398964330227 0.713336478824392 -899
0.530841 2106252845 1.31792944430783 0.607211892925774 0.678554861710143 -230
0.571963 427742703 0.538387187337183 1.85094181203778 0.265577338135342 -45
0.571963 942624924 1.72008870333961 1.9254456837019 0.7112125879573 -546
0.545794 1211173478 0.247858394217492 1.01596430021605 0.504909173071098 -31
0.598131 659734951 0.960750063291897 0.956843871344638 0.0753218116408768 -705
0.560748 4208848083 1.99514930627364 1.15914596000083 0.687196583523306 -60
0.523364 1390380279 0.221690893648875 1.03023909563982 0.997467371780506 -481
0.543925 312843386 0.490825333894157 1.67062146550199 0.640712826075747 -857
0.592523 1976951930 0.537952409841375 1.76887586301955 0.655267199602165 -101
0.596262 2352416715 1.56568338615228 0.573007849922084 0.464409171387584 -518
0.534579 3427442363 0.333525137986666 1.33794633259484 0.99036357972239 -85
0.528972 2660685472 0.733063493306424 1.58186043280911 0.784128969447097 -668
0.568224 2525872039 0.446961957600666 1.25502311680627 0.314269855286963 -285
0.570093 1578594990 1.34362554389407 1.71577350362643 0.674261234707624 -173
0.493458 3124650074 0.705485006462257 0.129926572278377 0.408312506263274 -869
0.560748 1496178236 0.160249217473894 0.678669096600751 0.960990672492412 -612
0.620561 2974665893 1.86230507555938 1.77116952521395 0.368664389460606 -256
0.614953 4276080123 1.16030503782078 1.66211016055913 0.20165067743012 -185
0.504673 1570347030 1.18989946579661 1.051102844414 0.991908288227524 -476
0.609346 1941225642 1.32400931512838 0.975142396215895 0.362722944057672 -596
0.592523 4163078841 1.32189662189389 0.461240743759397 0.165700779150625 -392
0.579439 1721349823 1.99091558952393 1.70321200212053 0.29675193910219 -882
0.514019 2495642442 1.35799320265611 1.81297516474014 0.702924782453838 -906
0.484112 4258156793 0.961810031950007 1.42612453922729 0.995854594328724 -936
0.672897 3094353859 0.589981590543254 0.546994058368161 0.126225022172507 -9
0.700935 463871697 1.49036810221797 1.78780309279767 0.0666051882154926 -972
0.506542 1578257285 1.87249318722071 1.50719885455961 0.913013981551475 -175
0.465421 3906913341 0.247894607787641 1.7077718790965 0.0478624940933631 -610
0.601869 3346529636 1.84946518551954 1.41177187582257 0.368916798491386 -227
0.592523 1709871655 0.755309150578027 0.655834413092725 0.0595808817612783 -40
0.570093 2208261826 0.856615851986364 1.11527492083608 0.490191905242417 -491
0.55514 198430519 1.55925379286375 0.977333322125773 0.626809168964357 -856
0.573832 369678821 0.551365697952474 0.201265712256567 0.132920075919677 -658
0.506542 3808836618 1.98378961706185 1.25667185924837 0.658930628496384 -852
0.585047 2563239523 0.674669260801962 1.67489937183736 0.438697904789467 -106
0.592523 2368671752 1.11561369796361 0.941445138706879 0.489734666063406 -446
0.534579 2604227498 0.124124560868512 0.139337554697506 0.493202597650645 -381
0.553271 3275829849 1.87906784971623 0.618572084769983 0.0691352934201598 -660
0.594393 1450634627 1.11450464314052 1.2385183433256 0.425313318010292 -418
0.500935 1512773825 0.627425353608863 0.237237053866713 0.79226363066604 -971
0.502804 2605974655 1.02050795670426 0.331945470654729 0.240480189127913 -303
0.497196 525974210 1.3190317164678 0.811243058744736 0.886261280962336 -864
0.628037 2850580456 1.0370516686048 1.73463591029434 0.452725412377392 -20
0.485981 4131330908 0.760840353215515 1.80554649210984 0.909388530307452 -883
0.493458 1668102729 0.654834352554286 1.20722034075508 0.785041821750903 -708
0.521495 2226863513 0.987723930898145 0.218286215957573 0.831035934381825 -498
0.6 1835976643 0.633171836667341 1.21742145925246 0.398022553704019 -708
0.51215 464577160 0.503656955236239 0.310537851557919 0.0748899638492728 -176
0.562617 1323223099 1.35826233815328 1.3147405894253 0.55131137091622 -691
0.527103 3051941314 0.640455024503329 0.811317073804042 0.890852988876467 -354
0.635514 2735378701 0.703064356644765 0.665163496054968 0.281906537916025 -687
0.528972 2831211110 0.3912210192871 0.735023682385943 0.104354993007281 -2
0.605607 974672240 1.15487314159263 1.58205178862123 0.167482005894972 -859
0.448598 277643552 1.14898834043781 1.09256119100002 0.0144190159037032 -908
0.613084 3617532694 1.54845889290656 1.76311676428071 0.421708023409651 -477
0.558878 9282794 0.426266151258632 1.95578464455543 0.74425443384005 -420
0.607477 1614445205 1.53628219777132 1.30147800960397 0.402059149046026 -320
0.657944 1958977790 1.34828142374268 1.84772234308828 0.200251796212195 -135
0.540187 504793895 0.742829550318183 1.08128954915693 0.868791001495251 -309
0.618692 2620694354 1.1016774324113 1.17818511984443 0.22704004569853 -265
0.538318 3345742612 0.387514144581274 0.995271797762867 0.786647941865202 -982
0.551402 2646226658 1.18126818305837 1.02591978974201 0.527741559084377 -142
0.525234 1341262726 0.919864474918543 1.73271804203066 0.768432242426955 -866
0.515888 1629040166 1.21016310745533 1.48438135317445 0.989722555136575 -830
0.642991 2400366858 1.39187562182699 1.18214964548539 0.181821155370406 -578
0.51028 2952417201 0.313166198821589 0.138491508865098 0.50698602528995 -941
0.566355 2869001614 1.19542544483188 1.37277464038711 0.507761654518274 -811
0.491589 3357835752 1.79981860661494 1.42441899823421 0.9608914522824 -666
0.495327 1546892871 1.41756024787962 1.74325983807388 0.790403482322697 -52
0.525234 3160759191 0.861793552946794 1.34346027248938 0.701110191250306 -871
0.527103 2342784059 1.41323182641399 1.37505705841478 0.854849493843633 -425
0.558878 1073651503 1.40956727667687 1.1545169424003 0.568637497170981 -888
0.55514 2389007742 1.46372014906539 1.36062954770914 0.540008148783297 -175
0.549533 3732885183 0.565379554991919 1.45745943946873 0.702281791913898 -706
0.568224 512827662 1.37950327063284 0.794405123117564 0.469526362025846 -265
0.586916 2365109847 0.493462196023399 1.20183428595473 0.429338873537386 -705
0.525234 857590895 1.7187384167884 0.776138050461004 0.584161782506532 -402
0.542056 817512307 1.18435373980854 1.01191533997001 0.730133379842541 -128
0.616822 3275241249 0.526795524683601 1.90259213097366 0.344021929609536 -617
0.534579 760209916 1.11783344864966 0.810017350599318 0.56477192757105 -38
0.573832 4131277998 0.658436867387808 0.794062941345636 0.468853475668717 -573
0.585047 2718824285 0.408597511676383 1.34528312676093 0.498801958008657 -275
0.588785 4157330869 0.122263733837937 1.3572376401414 0.219008322520477 -247
0.609346 1899780648 1.79026523216534 1.39482359226697 0.362507429130987 -554
0.631776 569387241 1.48695347972938 1.62524622242982 0.288843979432973 -809
0.570093 4226390437 0.616642809922238 1.19813296829476 0.136297103803448 -551
0.530841 2451566686 1.11058760852781 0.439488573211922 0.978134109110888 -753
0.542056 1166867059 1.05438717478077 0.214119293229848 0.722053292921931 -285
0.521495 2321675647 1.19802388553143 1.14592713898208 0.695570967849985 -722
0.642991 2299959773 1.80830217102322 0.952883458591924 0.267408521756018 -862
0.521495 2223613714 0.65679283166356 1.77101550550875 0.541634825290657 -341
0.590654 1828026801 1.15946423627737 1.63154790850437 0.176704697131429 -916
0.55514 2429531716 0.709401287425072 1.51928863867065 0.775986308594696 -833
0.551402 72808235 1.6072145621944 0.334979118918454 0.598863962463422 -1
0.523364 1321079685 0.429203081186418 0.295871013934202 0.727105975244502 -23
0.549533 2951716446 1.6887695679625 1.62816594155314 0.788562537027858 -180
0.519626 343280188 0.898149179748975 1.80276432880838 0.99916127803894 -786
0.573832 1502191026 1.00479136146086 0.567308866261345 0.552948445231661 -846
0.594393 3548576147 0.237757042855352 1.48775696136272 0.223024445235076 -495
0.596262 2109304466 0.105724706608698 0.491343224283722 0.261681151019385 -88
0.549533 2348884666 1.13954124707836 0.239152806644491 0.854995658160008 -768
0.523364 4292471009 1.69204685921408 1.54466232360077 0.793295721927608 -457
0.583178 418046340 0.51792478826832 1.41824759158105 0.548104267992001 -55
0.55514 1316485604 1.45179147737719 0.285224476344294 0.425806256673869 -878
0.514019 2220425662 0.32730281548844 1.90458623770314 0.856866652785158 -215
0.454206 3562735860 0.300797656252676 0.270020846979156 0.774062919541876 -488
0.551402 1900736419 1.52545789311788 0.596515309775292 0.637072675186843 -630
0.586916 1775245780 1.9050999807259 1.18204901871617 0.12066403419969 -823
0.652336 2468636022 0.827928231552238 1.26140005716899 0.01755356067206 -737
0.566355 3126034423 0.550715333307589 1.06948014436718 0.56119929896262 -346
0.566355 2931771710 0.882207670681171 0.466106023564866 0.490952375494031 -433
0.616822 4234928078 0.683797038301783 1.70862551660321 0.158262294887527 -558
0.527103 3335186824 1.09680854407275 0.838950669319537 0.945274142925174 -762
0.571963 2787011549 0.173716767051586 1.0776013613266 0.57202006746028 -931
0.508411 3945637916 1.08824589554431 0.319310919583289 0.917435995737701 -27
0.536449 3755386404 0.253099472817525 0.837258626618112 0.768164672013062 -252
0.596262 4224818103 1.15890386354949 0.440428020004363 0.304168622248071 -447
0.613084 2681219451 1.16217646759316 0.459987508469942 0.0567961823832582 -85
0.543925 197242449 1.09052239256108 1.46468155060588 0.494438622624489 -816
0.493458 2804602737 0.870036596912622 0.325424423265528 0.888198771700635 -919
0.407477 3874109631 1.93169477437945 1.94870991717128 0.0510672515316942 -829
0.592523 3341465539 1.1624453124548 1.81488210571713 0.343571083564537 0
0.663551 1484570132 1.57329386604611 1.2582351082243 0.0474143825622507 -19
0.508411 126248831 1.67486628599884 0.483491479722139 0.99055922124782 -712
0.500935 2831017415 0.743147174792358 1.17930497443931 0.857877389278546 -106
0.652336 3840593727 0.310160052035648 1.67058691834895 0.30491529193923 -141
0.611215 902674563 0.910558344202311 1.88389675606802 0.428522997064732 -38
0.499065 3436057993 0.11314901009007 0.124784477913531 0.490766552410957 -10
0.534579 3944732968 1.0724249195204 1.40343105271856 0.756426019362824 -813
0.581308 3907229434 1.2788279615585 0.270495659857369 0.462829811873077 -476
0.583178 3243791874 0.995729613782756 0.343725898572619 0.423232251242164 -401
0.527103 1930255905 0.947464199616497 0.527287222887983 0.834442857151604 -607
0.542056 1192832747 1.81608464020225 1.93927607487697 0.51009365262649 -991
0.553271 3109834374 1.68817101450121 1.21254053659276 0.715509274701868 -194
0.528972 3194555569 0.838786019986938 0.693473260294938 0.867442312877804 -812
0.545794 3799866193 0.992753320223222 0.411281936487123 0.854365153343939 -173
0.566355 2937202228 0.257487118521487 1.18448808845396 0.634075547811278 -785
0.55514 1879149229 1.29371395251249 1.484848509208 0.677175760981814 -22
0.560748 1398007496 1.89612800659137 0.734015650775187 0.515717839590408 -158
0.515888 3846954687 1.6842740315532 1.71222170531345 0.937757397943092 -121
0.525234 2666002269 1.59215958707942 0.737941451420893 0.973606189326635 -104
0.500935 3301390848 1.25410062681201 1.41440414589945 0.979694238950847 -914
0.568224 2753031837 0.173378771314563 0.844215289945855 0.138713811582648 -298
0.652336 1460337762 1.36214980501459 0.803132957994748 0.121282085114421 -292
0.530841 28693767 1.73684333300225 1.53382601598845 0.136982959353605 -84
0.642991 3976430953 1.74762298607495 1.82051594244476 0.172180556700864 -645
0.396262 1368138468 1.41636241141643 1.41575056908753 0.88538102747546 8
0.528972 461048394 1.33149937553243 1.09584484674536 0.17869236682372 -80
0.633645 3700215322 1.82496097928264 0.48610618546091 0.24772494178465 -648
0.53271 1524589118 0.884447085800881 1.73988298403762 0.912312925560904 -780
0.371963 2716711330 1.18049393453199 1.42546512233156 0.0230372007283312 -416
0.586916 301975520 1.33213040228478 1.72534240822433 0.323605633388364 -135
0.540187 3017851219 1.16623781885563 0.416396719137244 0.947702795499403 -357
0.493458 1224222044 0.236020494167051 1.06505882391933 0.780557832191265 -821
0.641122 2838960164 1.2438155097395 1.65578208370967 0.285889594145528 -72
0.631776 1074576007 0.426781713423118 1.09654037869047 0.0573594914893991 -527
0.566355 68408917 1.42321157640893 0.913302160259123 0.490575634476367 -425
0.560748 4094342974 1.87814546936602 1.51310945380728 0.716021316888557 -562
0.394393 2361082737 1.30391333386292 1.34873040475034 0.800095129968257 9
0.614953 144857426 0.791898509777208 1.34777453845421 0.219411077144561 -106
0.553271 3592949777 0.132364972927621 0.946266762005793 0.232370852240541 -411
0.536449 2562022591 1.31920228342769 1.7162622411203 0.960136555601695 -96
0.491589 1825995199 0.373949488008835 0.35413010762213 0.170943913052768 -600
0.528972 3644836618 0.969924902544308 0.26030746062643 0.465240641142238 -525
0.598131 147003304 1.57261546797319 0.831981786535819 0.163542828146995 -91
0.560748 3491177999 0.160007067525695 1.70134270800085 0.181898683158826 -827
0.536449 1141552956 0.968043159337631 0.307483348823887 0.985252104634389 -563
0.562617 2427258329 1.71709815996275 1.31814553916408 0.554220344436363 -969
0.581308 3370797627 1.25889655469697 1.12639705207571 0.104346453000373 -567
0.583178 14559090 0.10678855376817 0.199796027134113 0.835857795205193 -475
0.459813 2620669207 0.141235603069148 0.748118168421784 0.279550084177505 -627
0.605607 241981906 0.555729037969884 0.897464171212724 0.207409201002256 -700
0.583178 3564607914 1.51356498258793 0.290383603055416 0.64286141151034 -448
0.564486 3443793419 1.23376808847291 1.00509010936401 0.291581066351946 -40
0.620561 3612772105 1.32427321972266 1.76313179983327 0.272151836811469 -116
0.514019 837781348 1.01495256984445 1.33993796874593 0.462735105653391 2
0.605607 3768444565 0.143368282954861 1.0520943782907 0.122503159082963 -851
0.506542 3242746077 1.26682729192687 1.36929715810597 0.980794922035874 -96
0.571963 876969679 1.56844312259124 0.517680415157859 0.644691503852451 -688
0.562617 3844673867 0.318933689833234 0.339272874501583 0.792524884319109 -951
0.738318 1776553483 1.12470697214293 1.6640697522124 0.0733565304480273 -406
0.53271 630506372 0.73474773963009 0.505650565556709 0.785918201590092 -831
0.613084 456975120 0.490695570450512 1.80716218105485 0.236213033911231 -454
0.607477 2558579682 1.45651206576221 0.645237057214987 0.355843304283261 -214
0.704673 754799363 1.67492580748461 1.92813482414251 0.0491679176222984 -606
0.48972 1714703511 0.309507040023946 0.23887402570079 0.381197250025651 -865
0.549533 3976095515 1.68428764050173 0.541840500167846 0.62039887208692 -666
0.571963 3218933148 1.04127051563194 0.964487461148943 0.125601981883799 -903
0.534579 2351620286 1.76236847098497 1.13613533061725 0.699331954708713 -134
0.642991 3082503059 1.8321156837038 0.72007973911409 0.135153876024094 -706
0.588785 1902456836 0.635182516549323 0.94945431309623 0.324023624746627 -475
0.523364 1538584787 1.74601138319747 1.61248888492063 0.897899125173296 -925
0.598131 2935678216 0.882930055741349 1.64955905575686 0.492708647031512 -26
0.431776 3256927660 0.295479039116024 0.298032584564152 0.0205571136409498 -288
0.596262 1934774045 1.15943876741271 0.956362335913444 0.372218637391054 -467
0.588785 190062289 1.67062524753248 1.94582246462537 0.358551049040404 -578
0.570093 3833989953 0.605841730097444 1.9160896146824 0.467606882107309 -843
0.650467 3654431587 0.130768869739397 1.5135771324074 0.385629725220157 -15
0.656075 476060914 0.251823990572566 1.78276810823219 0.513633423106041 -73
0.570093 2359518329 0.877336341577906 1.27918043625734 0.549276400292252 -321
0.51028 2564090907 1.4664219545317 1.19613948497936 0.939770259952099 -65
0.536449 3293716845 0.318788747750873 0.959024374783218 0.697700383019433 -296
0.629907 2775614632 1.41088719605144 0.662572726816494 0.376079879100036 -964
0.553271 2801146951 1.20230905467489 0.266344052427021 0.693494030197785 -775
0.566355 4068344929 0.358528626280127 0.747409161208152 0.0877011802242 -672
0.538318 1839976546 1.62281773917573 0.119295047604942 0.548012467046578 -410
0.605607 3853494656 1.08072430552873 1.07340213974062 0.25074522882751 -28
0.543925 4060900283 0.627599894082096 0.199441528375664 0.0891954519920316 -579
0.583178 2276810114 0.754446526693482 1.89051930746149 0.622159123703137 -245
0.568224 2044771201 0.414416735522103 0.686616419347678 0.523900416606716 -270
0.545794 2356460380 1.62467114169005 1.23735587609492 0.410559627198309 -689
0.6 2174659884 1.07243928047746 1.95578289228654 0.383852820841316 -639
0.592523 69384513 1.05494444632881 1.85376278296863 0.30416906560446 -336
0.536449 3734791416 0.538681806899846 1.51556942163303 0.80204457306047 -376
0.497196 3216436426 0.221158282810998 1.92802408623847 0.0958043663729403 -415
0.53271 2202084069 1.43782755244423 1.09656861489311 0.753823373769404 -801
0.499065 593204045 0.94723636277539 0.170023415746506 0.733375958230503 -898
0.385047 656427353 1.04042895162384 1.56028299661069 0.514015451293083 8
0.573832 1597832343 0.446962157575225 0.994319767598664 0.517546619643799 -870
0.252336 464420789 1.41342955494145 0.796768893384038 0.548211267044592 6
0.545794 3553918501 1.52358104621501 0.373908399297711 0.766081220457076 -833
0.547664 1012013100 1.64779461730164 0.310572536136897 0.192818377394472 -435
0.525234 3659187030 0.688086755126963 1.38667305101765 0.636986660902329 -38
0.525234 1124714904 0.230752186758788 0.160470464605109 0.444647748527725 -533
0.55514 870677628 1.98825446771668 1.72214118735539 0.569797171556096 -260
0.543925 3846012733 1.88473636840545 1.0188192877498 0.946649430050213 -919
0.568224 3394604422 1.39351032535787 1.04613442264563 0.466303497192128 -162
0.590654 2576810478 1.62158928195574 1.450987822558 0.341950602481158 -874
0.508411 3208219651 1.95562938526565 0.835261761674958 0.988655346854159 -810
0.573832 399817661 0.558918075328567 1.58438760244165 0.193573623143476 -369
0.614953 2308841886 1.46203144442829 1.89193375638103 0.154084851847981 -447
0.568224 2698888363 0.615718200285222 0.440035715195947 0.382123804338654 -206
0.525234 4165891112 1.71709648252687 0.833681147872768 0.961504632727048 -58
0.545794 156050600 0.94646399992615 0.237376899227917 0.868336267067889 -241
0.614953 2058102382 0.127448820522826 1.5180420318576 0.195927435720839 -749
0.545794 1116180224 0.486832501601527 0.55525979551625 0.851658322936219 -704
0.534579 1374365861 0.929561435342753 1.31613705431157 0.932035158430173 -140
0.534579 3993559435 0.870066152540339 1.83850522151322 0.770018446251343 -66
0.672897 271702793 0.282309214840396 1.98428261297832 0.438293443988729 -891
0.515888 1865538975 0.330695079252656 0.780422301949702 0.919595007703874 -34
0.575701 1036645432 0.453252280965398 1.90359750903289 0.637763882264954 -894
0.614953 1448521207 0.541929295509793 1.58692126025421 0.246747550390728 -411
0.482243 2751036355 0.155457852818537 0.262538961996209 0.741209216053608 -95
0.553271 3476784543 0.634496127457028 0.837539643046855 0.377310498318365 -823
0.530841 1262123495 1.14157146502311 1.2466593697363 0.702217809581143 -117
0.588785 448677447 0.718037968163587 1.30274171891925 0.331173796897618 -457
0.588785 2480554687 0.633625700592179 1.37360566414203 0.47289199602415 -870
0.562617 2194334776 0.571400317664564 1.15526876146118 0.87248709431681 -897
0.53271 3688625025 1.46072694122134 0.469488581805514 0.87215078011508 -52
0.62243 2550007904 0.28522990829948 1.82611089524506 0.317923682054887 -344
0.635514 3438756197 0.892287981686749 0.725229637798849 0.19689073128447 -137
0.586916 3932975940 1.12926755890215 0.302839152229095 0.407227522171286 -605
0.495327 1297876695 1.991876698778 1.49834905938141 0.859129762163883 -778
0.570093 152631801 0.977560245146564 1.0495793547901 0.0617412983842565 0
0.648598 3786375878 1.07602830894566 0.436888405223435 0.249826846648788 -697
0.53271 3414512469 0.157531717103462 0.643827410346861 0.857775537324348 -636
0.573832 292370653 0.643521092593096 0.69776706448189 0.0923265910955873 -327
0.547664 625031986 0.793440838812283 0.975598571285008 0.642528455724793 -92
0.637383 17252680 0.843642806692193 1.41185229881462 0.0653209316020302 -98
0.704673 943711159 1.99122166842319 1.13907118264438 0.0108032986854929 -865
0.495327 1392442705 0.876877351152842 1.51237795916862 0.856851089695208 -896
0.629907 2765023925 1.86003914121383 1.06592840877973 0.260994543522335 -339
0.551402 3445431382 0.168218598125705 0.792077477928449 0.367191278126368 -574
0.557009 2434464876 0.186109061535593 0.403019398955823 0.248726453088553 -424
0.540187 4061114608 0.621970637168044 1.88750220576067 0.729461507846751 -55
0.585047 164403650 1.96642095349392 1.22475432058769 0.296127071829856 -303
0.568224 3290531582 1.65742103295227 0.206476631240263 0.702510206613689 -687
0.514019 636231520 0.673967163917502 1.29281565758719 0.924007867210035 -935
0.714019 2104467847 0.337176035946919 0.116497490094999 0.0709882190511566 -159
0.540187 481810812 0.261921454920938 0.232311140026673 0.0731938285187744 -450
0.517757 4012539153 0.834224030249677 0.298114239653618 0.872604117364018 -701
0.596262 1063152280 1.12192516711562 1.18441164008069 0.119910944448388 -487
0.648598 2481810641 0.739945846502269 0.537933842833844 0.0923066112801787 -231
0.46729 561381679 0.591228878273453 0.620810337956749 0.718487590201189 0
0.585047 3116053977 0.693317911566757 1.19087327475611 0.217583205169859 0
0.51215 3042407449 0.454902325998223 1.96500743027603 0.0626634642642185 -991
0.558878 1600022234 1.11145655039303 0.980638633818951 0.918195109666208 -987
0.624299 1554556787 0.212665206709123 1.05946762211494 0.114524324363059 -965
0.500935 3756129274 1.82342909925716 0.531140207822038 0.837486774486488 -913
0.500935 2683751555 0.875106306991291 0.146115612668561 0.797492881481433 -841
0.585047 1810237849 1.95290983330022 1.32965831447271 0.410914268528026 -909
0.530841 148491773 1.52114826711796 1.49042775324681 0.816905820208324 -264
0.461682 1843110571 1.56078605504746 0.215055204361998 0.290630092688179 -794
0.547664 2874844294 1.28758012029892 1.57654602506433 0.648494023049327 -63
0.543925 199339635 1.04622203433722 0.861183783246129 0.702842870232502 -407
0.545794 2176527249 1.27231959495999 1.13238345303498 0.571557685713954 -10
0.583178 2997160905 1.91396583383962 1.08687437921929 0.147238718910365 -339
0.566355 3710872931 0.515782011108173 1.20960804053196 0.449790119765605 -484
0.495327 1341996994 0.946836398094433 1.86948624911376 0.925006968392221 -545
0.586916 1011977183 1.57932244558724 0.343685278824404 0.658553648395939 -180
0.53271 859647069 1.77535562774792 1.46899098721324 0.593956245977741 -397
0.51215 1632137976 0.666182684778296 1.85382725365144 0.86294811046034 -322
0.598131 279766038 0.811392504418398 1.48391046811538 0.405837812899056 -770
0.564486 3142081200 1.92871432705019 0.711739340144629 0.216237097286222 -241
0.407477 2258499082 0.709463675370116 0.659162424329376 0.0423113929182977 -633
0.616822 3713938652 1.47586424101429 1.91147344605976 0.163109156140873 -586
0.562617 3323751416 1.03798725092516 1.54897222794466 0.231994594293676 -787
0.530841 2471532647 0.336998429388482 0.110489732028879 0.386850803620565 -697
0.557009 559190976 0.28331391129312 1.40548991445652 0.131730385563302 -53
0.48972 879554223 1.65210519202488 0.384196706293497 0.123795301597648 -968
0.603738 2595172594 0.27176176324811 0.415606955584663 0.220587944970986 -416
0.570093 3786784213 1.84425832540613 0.842782560130013 0.792385757737347 -320
0.495327 685529138 0.779158730832958 0.144697756670671 0.925180562733209 -128
0.594393 2532090338 0.887935939664841 1.40006857892814 0.157853221970981 -74
0.562617 3740263796 0.903548608020128 1.26661632299018 0.479640134721513 -61
0.53271 1719060416 0.716380317930973 1.95940843263338 0.796860059687314 -754
0.500935 4064126348 1.10474424500914 1.76425900806587 0.0530311455095084 -938
0.543925 1449548561 0.51264908656171 0.991325118014427 0.709495991778776 -430
0.674766 2686538790 1.66431368359017 1.77435972581703 0.151117898108723 -152
0.441121 3220156719 0.10234780855864 0.521620293966509 0.43873880105425 -609
0.48972 2996983533 0.691362400753419 1.12391447713184 0.898217107092519 -659
0.515888 2041293058 1.21124895622687 0.127108719811483 0.509903813905165 -264
0.700935 2220970469 1.99312716347416 0.663737510198122 0.0383738311822795 -695
0.663551 1842364827 0.368092062880769 0.448923475305747 0.124705875486596 -316
0.549533 415736022 0.74492434135287 1.34713190267859 0.513292080745108 -444
0.603738 2510668760 0.521824697151017 1.08050560981684 0.2763446460501 -285
0.485981 1553201891 1.53139786754035 0.228512822566513 0.227332295027235 -793
0.596262 1307908055 1.80338374719768 1.46893483687968 0.403498655440005 -389
0.542056 79528709 0.790289382127414 0.668052193307794 0.477456243322362 -260
0.55514 4089381724 0.894831345883973 1.68417585909336 0.93227566213987 -883
0.551402 1490253488 1.37110543592892 1.42401895752524 0.888255763649166 -790
0.553271 3825497424 1.37324961171539 1.9611078770695 0.416016472630833 -718
0.491589 2256219863 0.224083976341668 1.69446960243117 0.989145111887176 -361
0.575701 3267061260 1.57326322409892 0.603872804892993 0.513386486198566 -313
0.528972 854488739 0.859764680706092 1.9342990787641 0.832427553695241 -348
0.566355 834416657 1.66039869522701 0.561120683306206 0.795413839700565 -202
0.57757 3537715992 1.76624504635119 0.522392713835613 0.117265190911805 -541
0.530841 1833239993 1.22770404464096 0.634148750577444 0.112045136180473 -84
0.557009 2954253824 1.33985649025254 0.48672518802323 0.525586873511226 -640
0.57757 2964814933 1.2201424262785 0.867723599764719 0.208389350591183 -813
0.571963 862093028 0.875522054983079 1.01273311279527 0.581662407565329 -193
0.525234 605941082 0.755238101560105 1.2955438198357 0.75010761526341 -329
0.635514 3773694873 0.17545966138619 1.66214321710365 0.667452129034433 -458
0.497196 1885444583 0.644292995818868 1.26884348685483 0.716381197131473 -759
0.530841 3438306236 0.769172192150998 1.21566861773049 0.94090927258707 -961
0.360748 2843535038 1.82620691912857 0.987554840198445 0.0475520881029977 9
0.551402 291082668 0.693818034219384 0.723591117924606 0.564168424022597 -974
0.55514 2637139740 0.205524376334618 1.77874144750903 0.752880239334258 -529
0.560748 1045087185 1.9620830517045 0.103227947413619 0.782996704245943 -337
0.560748 3715963124 1.03779573484253 0.926681130849309 0.771898579547873 -216
0.504673 719841467 1.44457730475046 0.661636825627836 0.768015192118696 -358
0.629907 3927024906 1.5286803624687 1.35302089526728 0.300571566904586 -927
0.579439 1373348290 1.21555717351281 1.04564369872168 0.262016452885746 -706
0.693458 1875945810 0.90843419140814 1.67384406973306 0.0408751333158338 -78
0.528972 55824554 0.854425890189657 0.129382969728682 0.846209898251713 -590
0.570093 3150412548 1.51051400812376 1.42328283915852 0.529515489458839 -226
0.480374 2321959439 1.0609928257829 0.342020509935956 0.311420063556379 -510
0.583178 3293635485 0.521995612712074 0.630477314960595 0.468291368130925 -671
0.654206 1832190528 0.629874222019435 1.61518520831409 0.218143746873324 -76
0.659813 3529762671 1.38434283504981 1.46822526037922 0.205078892954791 -347
0.614953 1534723810 1.13869540261199 0.890865284588408 0.211940314231014 -588
0.558878 1891161576 1.30577923877629 1.25758455551089 0.640580368821458 -123
0.596262 324708318 1.23590684178914 0.376131060287493 0.347885334530532 -968
0.592523 1796650589 1.10110418791619 1.41298345576867 0.331827899832599 -399
0.571963 2166910725 1.96705381177444 0.361026350854989 0.329761067109192 -963
0.506542 2842730970 1.20125979469728 1.54706166622973 0.768969849878978 -144
0.514019 4094173255 0.353241674644067 0.630326110660538 0.886288184274238 -268
0.764486 2070406301 0.973295110868041 1.42350822308121 0.0370927703667269 -130
0.609346 3621733641 0.932316227742958 0.598588431495834 0.268021470505862 -430
0.618692 3413248921 0.36158876856963 1.94958014212541 0.209743528978152 -75
0.543925 4139287098 1.89193085558887 1.48103446389173 0.424538099403746 -172
0.521495 2362769583 0.703281120567031 1.53777876305531 0.605415982728819 -200
0.525234 3381498003 0.664199584944239 1.88027029934232 0.742240448826357 -961
0.586916 576091399 0.184831773393996 1.23832868696121 0.422553647957612 -562
0.51028 2324222128 1.8140374834854 1.92072032027192 0.888476274047208 -169
0.46729 3217022402 1.59245825071651 0.250647173279572 0.172594429261499 -104
0.545794 962870585 1.03756718624893 1.19887199333098 0.907747418127307 -525
0.564486 579791454 0.766926367969428 0.56290983114487 0.45424557876172 -409
0.519626 2768564754 1.09312267778482 0.638037550356684 0.990534098078006 -796
0.560748 731093068 1.10275274307103 1.14411140885554 0.44552666646311 -358
0.517757 2757368725 1.61540880169602 0.941318470084364 0.934705164763487 -56
0.515888 2389639764 0.433344711770082 0.322688453914796 0.993155451843285 -150
0.601869 3583117590 1.61327731299424 1.02581414244556 0.043615593867071 -254
0.57757 104725754 1.71694275993024 1.02981358485741 0.531576156183399 -191
0.428037 167478796 1.92335763245157 0.59484656603867 0.0738108246206092 -588
0.553271 157397453 1.48344542880631 1.56388908482326 0.616341744527207 -418
0.542056 1785495187 0.185432805877587 1.86307839810818 0.0287634223711389 -140
0.491589 3815709355 1.41928649311718 1.94556049558867 0.728661435530128 -871
0.603738 403471432 0.720978515001806 1.59188214511833 0.503260900434047 -655
0.566355 1081124372 0.156499055470097 1.27973885951643 0.76971176683506 -101
0.386916 2822568216 0.133685330390909 0.219173750757268 0.985944396056947 0
0.551402 435544695 1.99294104444089 0.522663225635506 0.764784152986629 -365
0.519626 2956764305 1.61006174058066 0.779154306957461 0.765066254693496 -759
0.646729 1511625417 0.103371447364931 1.86795300481125 0.62850398227062 -4
0.521495 673886622 1.47936783535208 1.30300908226851 0.884790436161364 -480
0.527103 2983841045 1.50565645264346 1.81589272771718 0.983205908240295 -65
0.605607 3722246809 0.495156864831594 1.67159353066813 0.466303015633578 -267
0.560748 1991206846 1.72284952011998 0.374859728069217 0.853087101066318 -358
0.571963 965224633 1.52560423984484 1.95549141264731 0.48963091178746 -343
0.598131 870460425 0.530229241831414 0.662848242333246 0.36698483322201 -694
0.583178 2234676965 1.18658088270385 0.92656062915559 0.548385333810377 -111
0.551402 435261935 1.89659369918869 1.53046138586708 0.852536883390645 -424
0.626168 3921924260 0.120080181357218 0.45818783774239 0.120652298336515 -560
0.605607 950472831 0.821199866391485 1.41453543420762 0.394082851856516 -551
0.573832 306376843 1.41113514358306 1.0489533889803 0.504945926763914 -181
0.560748 2619480940 1.13170145363175 0.25372880696431 0.15595159001648 -144
0.465421 4064664630 0.548764691654338 0.30626359000632 0.210521092775959 -237
0.585047 3541934825 0.344278427390763 1.05395112052959 0.201754556023711 -974
0.592523 2854195988 0.270765381656272 0.112737770766903 0.116410349266563 -234
0.506542 3741887740 0.394866288884397 1.38242564456756 0.878967017950367 -458
0.502804 3279404176 1.2883171753856 0.768743097302867 0.973305923243257 -116
0.635514 3085582576 0.429983035461212 1.79447146599159 0.466428635230899 -383
0.540187 2187607947 0.764399236511255 0.959450545159983 0.646850926657399 -797
0.564486 3377530994 0.797116573508169 0.456759632891888 0.600432058522723 -748
0.506542 867599423 0.91991406642623 1.73414091476125 0.710034790485729 -933
0.521495 1309948440 1.39797519516857 1.92484051962398 0.982792797495962 -448
0.508411 1874181008 0.463195638970287 1.1092202393268 0.696206288762487 -258
0.525234 1662614593 0.763118574926956 1.86115762301897 0.851705715438987 -618
0.547664 700177938 0.982229536953207 1.41450940467728 0.442723378636305 -761
0.528972 701198354 1.47357658586562 1.54255596842661 0.933293118941477 -207
0.525234 498953323 1.90444043715825 1.09485326900682 0.958452441901108 -264
0.661682 489437143 0.994028079147467 1.00346127305208 0.238536520291703 -937
0.429907 849378172 1.51630463425557 0.155950039461318 0.0462103728252204 -319
0.592523 3259338628 0.992951614029839 1.3924489827973 0.196758759599773 -146
0.396262 2736329093 0.644322637805137 1.00453213110816 0.703811316477921 8
0.562617 4245972662 1.40787496946407 0.185840267568014 0.862985283033542 -759
0.502804 3781952386 1.63003922027908 1.27863520263319 0.994635721127646 -714
0.514019 1731806067 1.06844011208541 0.102255028757162 0.292362982928918 -663
0.528972 4011979302 0.584825637782884 1.09367253185091 0.730582727661065 -975
0.585047 238390300 1.31646513914799 0.996719941365885 0.530352114911267 -678
0.500935 14888346 0.785041088905308 0.344387362863911 0.396897778347259 -33
0.558878 2373424725 1.56052455870962 1.28197252197282 0.832631416539654 -262
0.631776 2555384799 0.264967820876646 1.90148632545731 0.0596856866461961 -557
0.48785 208703049 1.27278411312092 0.128020182512748 0.893568661360624 -683
0.530841 3721922966 0.783566635965019 0.324862496064317 0.842925269135751 -41
0.557009 1858996540 1.77791619562366 0.628806198575518 0.476708491633254 -622
0.575701 3459849660 0.681626894790392 1.68279713838877 0.622495000006463 -177
0.581308 4036385543 1.69788675361293 0.797002489686147 0.55501648236218 -516
0.624299 2770489978 1.30828745698601 1.31838463052056 0.440100007948269 -615
0.553271 2621273814 0.202244415867726 1.55449207777708 0.732592998650334 -148
0.48972 979183418 0.180182343386903 0.840655554129903 0.780059094628419 -2
0.517757 2149307645 1.47125742480485 1.12702205881352 0.803232517758097 -203
0.527103 3404162901 1.34261724767525 1.33847839007648 0.9266663133348 -737
0.594393 3442146334 1.40883379856057 1.92680089128275 0.314553696630591 -829
0.603738 293308900 1.33021036916213 0.720300733519228 0.339285005733878 -562
0.614953 1167263094 0.143624991454949 1.11648177400846 0.429462575029837 -178
0.547664 708780767 0.274333382135495 1.47214641036285 0.71646305406749 -344
0.564486 1262321131 0.830053165143378 1.3920168545009 0.679435913783481 -418
0.564486 3880556239 1.97646570095395 1.70001534562693 0.379176465487694 -561
0.553271 280901993 0.306217026510047 1.9002849778039 0.866523777036817 -184
0.588785 1442630212 0.560227543816142 1.58093850307353 0.366814264603899 -150
0.502804 3596867678 0.182721032108075 1.32018865454964 0.0530700767698346 -307
0.558878 1254602681 0.130384641885265 0.289420684179377 0.257711029691495 -936
0.551402 2879793417 1.42543760270094 1.88308389568212 0.569936907215986 -915
0.540187 1942437472 1.00451978419858 1.69285944328839 0.688914267386198 -292
0.345794 2803417218 0.456051835209932 0.289949530060267 0.0354931061944149 -604
0.588785 3477679711 1.04234373254149 0.620758844530592 0.357442180063339 -785
0.55514 4028207682 1.62695304312226 0.498620589901643 0.378789589742352 -7
0.583178 534897862 0.578770384215863 1.90816225484329 0.697543239476298 -471
0.534579 1032181620 1.53162730016461 1.80470331777762 0.611193615809404 -175
0.560748 2263822745 1.96990840438243 1.09370883618053 0.56541233960332 -802
0.601869 2075653039 1.58817000579667 1.82445731762105 0.261291242150443 -992
0.502804 3192245217 0.886023893406735 1.71707386874671 0.864449161026921 -943
0.525234 780739797 1.88187733482954 0.10697334095729 0.228091852928834 -927
0.557009 3756105503 0.93230599838852 1.00928350584028 0.570462738545104 -333
0.480374 818641130 1.37309027722346 1.25639316831959 0.7674807379167 -53
0.465421 2321645680 1.54691972180409 0.10250002964349 0.557232083088608 -439
0.706542 955191121 1.76855481786973 1.63271101455971 0.036465317553953 -239
0.506542 1647598736 0.216357523941437 0.303354146044136 0.388526068393405 -174
0.366355 2686314350 0.51852664991148 1.62186385551476 0.979047716502815 6
0.48972 3254767893 0.360503659557758 0.175756325325229 0.573066652252661 -992
0.547664 1021402564 0.537688658907863 1.42236104224114 0.736530997709529 -645
0.521495 2863810479 0.574102532939085 0.165349664308501 0.763987861547395 -743
0.521495 904319265 0.755664258896514 1.08662153777665 0.833728478360003 -618
0.598131 4056325004 1.06747469929169 1.66837221428772 0.144098829630025 -88
0.55514 107945530 1.88249950515885 1.48048008014147 0.530895158491089 -966
0.590654 4279423682 1.52735148414497 1.40267718783773 0.372702534010059 -177
0.469159 2866737120 1.72595175224296 0.183991544039262 0.109237402394214 -293
0.493458 51135802 1.6186015361955 1.17801492633517 0.80885274166611 -833
0.514019 3763137558 1.52076246954872 0.850705742468983 0.945581622323101 -512
0.521495 2934478124 0.869399972771921 1.6864109787768 0.859750028683484 -681
0.53271 2641114712 1.42530667052992 1.67100287820867 0.459194823392275 -785
0.409346 3337495447 0.926043120850397 1.54158011123134 0.0914836002915441 -844
0.545794 1016768968 0.608101255317897 1.64787282388191 0.800849477928089 -258
0.585047 3774493774 0.229139200300241 0.888796535010861 0.302518996750077 -897
0.586916 3533975164 0.285619410321653 0.190689378068024 0.311012306908981 -179
0.497196 4280317535 1.75030763978951 1.78349611039752 0.74821262990887 -155
0.568224 851099031 1.28369805210882 1.66407361366691 0.440511155506686 -798
0.564486 1217906702 1.23779705953016 1.39811675151171 0.487202454639736 -308
0.598131 3750255501 0.677540146622438 0.994858403479461 0.403196259115113 -804
0.485981 2152915737 1.15058429879252 0.362288726657438 0.207779938715178 -476
0.51215 2966779483 0.119903578538013 1.64045917671444 0.955961805628623 -665
0.648598 1946946895 0.11354420986872 0.271467017231042 0.174291854082947 -13
0.609346 3022203772 1.69353308931574 1.05662392888289 0.367030809106401 -309
0.605607 1539727936 0.301182283914767 1.21345336702896 0.320251271860673 -220
0.693458 1733297470 1.42223164625242 0.671578476290904 0.218630919334665 -399
0.652336 4107064833 0.354199517851012 0.960986122540696 0.236155502749823 -114
0.536449 588186569 0.945182448587833 1.27700091509166 0.665100901173419 -390
0.560748 3030831264 1.35181127525062 1.16168143356276 0.556014583943181 -573
0.551402 1512472894 0.60122262047024 1.18405221360782 0.652067126949469 -270
0.605607 3165921918 1.00326923789579 0.624089852219673 0.267287272975079 -802
0.542056 853971721 0.383734484335725 1.16485783538505 0.686616534532423 -797
0.575701 2439227188 1.28443788843134 0.450487837227793 0.414302368338596 -251
0.629907 3078512449 0.412660152006019 1.70637825918773 0.362367113105393 -588
0.517757 3961257593 0.129554308295453 0.70325413898809 0.175311536068945 -795
0.504673 703444247 0.32786001455952 1.9445242308977 0.876999088017119 -522
0.553271 377193790 0.79445241885719 0.71228650984366 0.41807568086726 -793
0.521495 2364175721 1.73762555578021 1.72166555102708 0.873159585477233 -85
0.543925 2867304713 0.435560137440435 1.53589465258799 0.708330259714017 -732
0.648598 2158694360 0.557621757739112 0.820350170305917 0.196690667231377 -530
0.64486 2478890128 1.09888026366406 0.776960789059883 0.229605795296284 -528
0.603738 2610209298 0.348874210813043 1.57009333455591 0.608855234727906 -778
0.590654 2641547835 0.584943255277917 1.12988969941102 0.0916982059480459 -631
0.616822 3391297096 1.20863088419527 1.40251448881076 0.251647411662878 -162
0.570093 1141519151 1.94937239642435 1.19197555138201 0.588589428177801 -586
0.549533 188760498 0.685018356702822 1.74289261939446 0.937373623165066 -176
0.650467 11430488 1.91422920500496 1.61529330767299 0.0348121672326618 -526
0.514019 671237539 0.475377151435107 1.17337868141814 0.955477699257697 -246
0.463551 330265859 1.30270926958227 0.302077968244608 0.182133470523167 -590
0.607477 2142762362 1.12900066158855 0.684646727906647 0.351057939608652 -936
0.519626 2611493160 1.76903604999598 0.757785373135339 0.956000178108037 -970
0.545794 2296183249 1.8077169984819 0.948683325515671 0.550686185955826 -504
0.566355 2079666736 1.37655251962353 1.31163376013116 0.583445163813083 -821
0.506542 3826137727 0.76234293659695 0.195707810550374 0.131988557969386 -161
0.596262 1170263067 0.280037870964631 1.49440574037339 0.181096639933488 -893
0.62243 922666459 1.9595039741893 1.96288390774648 0.193984617687635 -765
0.519626 165992224 1.59317884997942 0.827645823740779 0.963563657843677 -121
0.594393 2881498306 0.141654371773886 1.40152620302478 0.545406337038199 -50
0.465421 1628184702 0.368902628360038 0.727119094591596 0.188789296214011 -128
0.502804 4237643921 0.12334587453994 0.382922930179868 0.688130352331269 -108
0.523364 101016119 1.18893046666518 0.156502107201869 0.167968887908498 -767
0.549533 191141353 1.41888366850011 1.3306895002143 0.512456598986597 -571
0.564486 2011304016 0.249438764997407 0.784757538985546 0.563323996012761 -538
0.528972 2115201104 0.460472963928357 0.929735170778795 0.970253529130983 -951
0.650467 4098077287 0.542116441652848 1.30249960833259 0.23740370881647 -993
0.450467 1975804365 0.301799443391409 0.618468221929675 0.100964724077962 -242
0.514019 1372898791 0.964184923923019 1.93888773265094 0.0326531829494626 -444
0.628037 2247914934 1.70970165542835 1.46178297316434 0.294133823076413 -590
0.553271 1303017831 0.247099378978418 1.39119137094825 0.749745223245769 -28
0.603738 1263077094 0.82618327868315 1.02766494544575 0.470454299089801 -501
0.547664 3700862737 0.671677156513598 1.33414946403939 0.567614047284761 -15
0.609346 3454967450 0.334478025044696 1.54991844067693 0.351387721742789 -920
0.624299 3264097224 1.2373017585834 1.61560335421555 0.337261241933643 -882
0.542056 3596939928 0.786219794099149 0.453563779836225 0.115118756946916 -876
0.528972 1647977988 1.07462799581005 1.36861253496108 0.815222278590509 -716
0.540187 699657144 1.8419855349492 1.14786940973454 0.85402726209208 -173
0.628037 2419045029 0.234866332890749 1.6783680500537 0.20108781320217 -885
0.618692 1520374469 0.644568115204957 1.15477705710521 0.355957445065527 -155
0.459813 2677250470 0.554251770085565 0.634698830134367 0.0466673565059948 -807
0.553271 2849625628 1.18330134070118 1.53764607748768 0.16835116473508 -938
0.55514 2983299857 1.87970495111516 0.577821723582424 0.732263759319952 -169
0.523364 2817692476 1.8185991132455 1.82678611511574 0.610787059908318 -321
0.64486 1257016805 0.350970531648138 1.80621644728219 0.388095317080105 -793
0.53271 2305639201 1.91858555745232 0.304165158771352 0.957629303154429 -823
0.571963 877563208 0.965670186307738 0.36111215161683 0.416158157199746 -431
0.551402 3394609734 0.61428279146712 1.60997304731506 0.84833938525044 -707
0.624299 2251116945 1.2067349758774 1.0320527627754 0.299764932199421 -138
0.64486 123386166 1.80628786013583 1.06838844735376 0.248541445388575 -525
0.560748 356989260 0.78658414013509 0.44236373420916 0.504626700932033 -404
0.628037 2345385625 1.65421019292393 0.898940294256897 0.170156271656425 -845
0.614953 604387317 0.659194725495891 1.77207330782291 0.236663239602265 -625
0.620561 2165036451 0.250355792640051 0.283272656482015 0.0138312056766708 -210
0.57757 39102957 1.06985880039271 0.958946854237412 0.377732883654528 -295
0.558878 2706003864 1.02123420476863 1.39491495192052 0.511492794668066 -966
0.708411 847491474 1.65295235507463 1.48577333020879 0.0911663609786654 -214
0.598131 853390910 1.81442916096644 1.27182741372466 0.361136143564409 -303
0.562617 2215128298 1.55044232625278 1.81389836004084 0.444369936257618 -908
0.525234 3463436473 1.91421363402763 0.718034671826695 0.939939529203211 -970
0.53271 4262954038 1.80813553077317 0.759228916576198 0.93583154565628 -366
0.538318 96920945 1.88700488537188 1.66157828511105 0.0354549479707928 -290
0.517757 239583258 1.21282563624641 1.62754004610232 0.968619460425753 -100
0.519626 174251630 0.687344929860567 0.171312027950574 0.94797487766551 -443
0.571963 4078225367 1.56152164031389 1.33089455025818 0.0719063773722387 -60
0.594393 2367654056 1.85655668649537 1.54473170356767 0.480212643715849 -27
0.628037 2151278733 0.303843673980094 1.29634200677761 0.306182693514757 -78
0.568224 2624139966 1.31956592730423 1.02307422543137 0.69315838926509 -39
0.461682 765753011 1.47044928819079 1.75179397965534 0.316641081630937 9
0.62243 3056489824 0.930593980469156 0.368338676651226 0.049384758009272 -706
0.538318 4201050405 1.29400572658673 0.232077738071463 0.242720342765087 -415
0.650467 1532123092 0.935515987500785 1.24967502607895 0.247176008050172 -242
0.659813 2885716513 1.24475103111259 1.79065127216046 0.259989871147758 -771
0.547664 28187392 1.50764435801414 0.433754148578751 0.850641384400012 -357
0.542056 1263313096 1.64008917091085 0.429317862460626 0.633436926351032 -876
0.652336 3767888953 1.57453690941048 1.35527576567733 0.162448187149628 -348
0.528972 3387554732 0.246941728680215 0.569508928629857 0.778787266878738 -958
0.562617 2669469843 0.886144022519762 1.15968889155446 0.456972081686797 -740
0.678505 4040165975 0.176731022428362 1.68430935176372 0.440745558765837 -566
0.525234 1494673749 1.2791989880086 1.760492338085 0.962511806726467 -249
0.528972 4088238416 1.57589688429866 0.490379933401753 0.973985332136165 -438
0.6 685532125 1.46922056210817 1.03815080139352 0.371752545289589 -819
0.579439 1674127488 1.43975166190054 0.263287123057974 0.734349118042781 -824
0.598131 3863392455 1.64983659396693 1.32670502113214 0.399886833142269 -280
0.581308 3720189120 1.42425535132324 0.988480614861434 0.504037757290118 -336
0.379439 1746534038 1.79935243068281 1.88757247244277 0.0197139885819852 -218
0.614953 4124057106 0.798945114762511 1.89326488264287 0.515573732312175 -887
0.594393 1930822116 1.08657764981948 1.35782801931469 0.442638656832547 -201
0.536449 3287876354 0.974780779440183 0.822591191553316 0.785016732555943 -463
0.495327 2770164018 1.53188951296143 0.98242192679817 0.723776171684554 -499
0.568224 3346778574 0.253070258246003 1.52335209305063 0.235290523194314 -331
0.568224 3319144374 0.415351377612641 0.896335598285373 0.558347046393051 -151
0.502804 3526816586 0.67591617628166 1.48809087883988 0.745548546367664 -92
0.538318 2792094544 0.731419148493343 0.81359337281925 0.815205015219103 -881
0.585047 1599828048 0.714777331236564 0.579643938103563 0.402261543528353 -835
0.560748 2673947759 0.569358693039724 1.90534168614149 0.641692656377012 -91
0.482243 62007083 1.81176595927511 1.01321443110748 0.892153846837337 -545
0.527103 3866227953 0.949961989661183 0.208874867940384 0.892055736523893 -980
0.525234 1116542346 0.688204121865095 1.81173116101837 0.746245846937131 -571
0.521495 1625087032 0.972489621059837 1.60352981650964 0.549372026303321 -75
0.523364 222893773 0.856739872726998 0.174076994519048 0.978078503800334 -766
0.542056 4018834812 0.82098206866698 1.31778976077894 0.868362445829783 -654
0.586916 3684196950 1.31697620783378 0.20387665055721 0.697701626727926 -541
0.6 1463311045 0.146172108001165 0.994730288427337 0.283552008375639 -404
0.448598 623244198 0.580093145140935 1.83901414531361 0.576201008946572 6
0.581308 3530649469 0.278195448502613 0.940108787540308 0.404035139897317 -905
0.641122 1344705218 1.1553456244764 0.298905650225738 0.213420361629145 -499
0.616822 2830442029 0.536136605148617 0.208941418021459 0.162574561412459 -435
0.609346 3979355745 1.54059726177016 1.72778398865278 0.224102351537675 -218
0.528972 217557970 1.38316183290465 1.65232969771981 0.692925030614744 -505
0.641122 1408137485 0.590202335552999 1.45785646551796 0.224928905862965 -244
0.558878 4241385432 1.03058079881584 1.14659175698359 0.565122848488092 -685
0.633645 464087292 0.786575727404394 1.64617819301402 0.0668843072100735 -849
0.542056 2335821662 1.82064351029355 0.761421284101473 0.884019146056982 -862
0.665421 3390298327 0.216692881778925 1.35343854420797 0.253995461053894 -593
0.596262 291291026 1.01621886190164 0.392840152842234 0.0915595757845961 -428
0.551402 3216743051 0.351539194391117 0.731588835130849 0.100822077364044 -982
0.545794 2818046211 0.395716006697252 1.09012869205369 0.47822514150551 -158
0.474766 2582223859 0.745180582088289 1.9703448046886 0.887075367473282 -126
0.605607 465425061 0.393699601930699 1.44371052603192 0.143648510154645 -969
0.471028 1815337108 0.110654330891142 0.520077930479907 0.428437216638683 -172
0.478505 2061856725 0.141614822659137 0.673136883121734 0.480707257929207 -908
0.656075 2012052596 1.09228166263175 0.960465087356915 0.238032652119765 -685
0.566355 2549274923 1.34887788057879 1.66085823875917 0.411370112895329 -243
0.626168 2607677897 1.33828080436863 1.22049652431488 0.183076785972822 -492
0.611215 1893666034 0.822302629130355 0.618389127917189 0.296234365426126 -333
0.551402 3612775323 1.28371168850867 1.07604760404655 0.505973271135645 -55
0.53271 2179581355 1.05142367968226 1.04676493066531 0.693042227232899 -529
0.506542 2188940078 0.281810755315447 1.25620021824732 0.958584668751878 -277
