1568.860216 0.543925 1922928222 1.48435852832655 0.833357811332271 0.0749448707334116 -8
11.008367 0.499065 4248028276 0.714979640917641 0.949489366025928 0.821288008177977 -9
1.749623 0.495327 1373098623 1.48993603015058 1.22337382924291 0.808367392476371 -5
7.605854 0.480374 1138308503 1.62340326049478 1.32031751320842 0.574190764157403 -5
47.093275 0.515888 4262643314 1.20579370257178 1.07118524248777 0.237968293240396 -5
5444.102666 0.523364 251178183 0.573918915784088 0.844592562734614 0.0965426479124797 -9
93.983956 0.538318 4232185081 1.84090837997103 1.26957383739354 0.226283382047572 -7
14.480586 0.495327 2076296060 1.89334762598048 1.07782611162167 0.204991785575703 -4
0.288843 0.500935 1142976296 1.11513090427834 0.955540411634618 0.571447935888549 -1
3.643713 0.499065 1409290207 1.30247920393553 0.925039590919285 0.974337180105245 -4
209.974963 0.497196 432630439 0.340793535284562 0.43498790104037 0.317643276496668 -7
2.591694 0.506542 3699226011 0.268273261973959 1.17355262284827 0.04250828805144 -3
26.665670 0.534579 420279978 0.773744755820043 0.98500031252415 0.015947161437874 -5
0.127284 0.493458 2506368609 0.235569094510617 1.49990496482276 0.185673599848064 0
0.685570 0.525234 4049191048 0.79691877160486 1.47022564184511 0.757242957778147 -2
0.104568 0.51215 2730545655 1.88065978414771 0.850457328441881 0.880440809077599 0
0.860549 0.495327 3986766907 1.73851184932544 0.7070389236637 0.405629675965168 -2
0.842969 0.476636 2504632534 0.51648822168193 1.17207183028681 0.897992015534723 -5
0.111533 0.485981 3609917487 0.537677480242159 1.24070453010181 0.637249550935933 0
31.378009 0.545794 3827603195 1.08850007420119 1.23050330010922 0.377565766287233 -7
1.224615 0.474766 3607855919 0.353367200382605 1.2666748027685 0.735611966837043 -2
1.993553 0.476636 732689613 1.93134107920066 1.09973814074703 0.893953598308629 -6
1.372845 0.485981 3745872726 0.366533742125283 0.527455071962203 0.25034213111938 -3
0.055019 0.484112 3122303688 0.60961338639772 1.03549790285333 0.375622105631563 0
900.046755 0.502804 2831790243 1.35237803572833 0.151133085510449 0.231820013143889 -8
0.021641 0.476636 3246971506 0.54080801267566 1.96048020627457 0.996702413346386 -7
0.488724 0.506542 811306902 0.99766142310804 1.36671383845791 0.609399671810198 -1
0.756014 0.51028 3781163196 0.195307819335667 1.78764010866377 0.287407300144011 -5
2.107198 0.491589 2564556376 1.30831928992176 1.23481876356379 0.775811206094769 -4
60.500975 0.527103 3757703685 0.887007764586871 0.690920490664804 0.843442070477297 -6
0.062618 0.523364 2244415291 0.794702165759996 1.97010121131953 0.784947171760323 -1
4.915707 0.506542 3850338496 1.60862652795411 1.30032049575369 0.705668636790185 -7
0.334162 0.519626 2436116069 1.63573518600229 1.00389811694762 0.474522416873251 -1
387.955553 0.482243 2008978132 1.32818594703313 0.250046531572771 0.836663131638808 -7
5.190668 0.517757 2436629348 0.609126652641616 1.64218072059264 0.319070898140717 -6
19.132948 0.48785 513000882 1.14741205077283 0.344720808343759 0.0508757289037804 -5
0.080397 0.506542 2381126055 1.13247127513196 1.6147851756653 0.112405149454189 0
0.040572 0.484112 3259650545 0.928963817214344 0.529227858695585 0.639857212667894 0
4.834717 0.502804 4173348033 1.08968351606379 1.98719684905058 0.36201368340111 -7
1124.802860 0.499065 2995723187 0.327423127366611 0.352759951992969 0.983460191708441 -8
0.401826 0.497196 3600344893 0.21866131022211 1.21583008564074 0.910908715881423 -5
0.546707 0.514019 450215829 0.808881730648039 1.70697778500167 0.672053716928376 -8
712.521086 0.502804 1133375736 1.10942026933173 0.671788178404233 0.395161213340679 -9
3.832885 0.504673 3439032828 1.21573838107408 0.891933299476334 0.983608418425542 -6
0.027037 0.495327 1038232886 0.107153328544508 1.73650625395153 0.977772371506433 -8
136.076402 0.530841 3410661920 1.8269716471203 0.52150694600689 0.433015138274177 -6
0.302329 0.493458 4247669344 0.731760634473231 1.08547275230856 0.521630243889666 -1
317.909504 0.528972 4280687353 0.879681241940724 0.422592182209438 0.159193394467915 -7
0.117495 0.48785 3574032470 1.51435931832678 0.723393148359005 0.0560873476879241 -1
6.134849 0.500935 253919003 0.95509306437105 0.309115462097539 0.608426870848515 -4
1.477899 0.499065 2004303539 1.21212264145134 0.915702531166107 0.743169684101929 -2
0.132412 0.48972 876369223 1.79150048489646 0.523210442219879 0.189931487219513 -1
0.159586 0.474766 782610263 0.395512844332258 0.777251626135134 0.650589719452343 -1
0.219125 0.491589 2803118912 0.567766754513763 1.03147059890022 0.311917463219041 -1
6.726321 0.523364 3783715557 0.706561873861345 1.02928381372732 0.769585482858435 -4
0.176798 0.499065 356341859 0.404040758167454 0.944184919665575 0.243350148901011 -1
0.610598 0.504673 435551872 1.46331900742418 0.320488667186285 0.786145045615346 -2
54.749969 0.504673 2971201520 1.65124067818949 0.589816800698584 0.868245254348901 -7
2.350416 0.476636 3200974449 1.93392423611221 0.526960500487792 0.194400256781688 -3
0.034282 0.48785 889167432 0.187637476922364 1.82571675089995 0.895652470021343 -7
629.868355 0.497196 1621660780 0.423981113114281 0.199308386473896 0.630885718864189 -8
452.897784 0.528972 4038859971 1.80952245145528 1.19916497189697 0.0694873289037487 -7
55.031762 0.519626 710376405 1.01299261709231 1.31295707388231 0.107958596861095 -5
1.344322 0.51028 1829425332 0.893470457152975 1.39032035208401 0.608064520915179 -2
0.273543 0.495327 1642915640 0.339588424095752 0.299846200732 0.913961963301067 -2
0.100395 0.493458 3200388063 0.420112740407017 1.77050788153089 0.683566729394685 -4
130.342427 0.53271 3475243852 1.2711118253196 0.396278170275878 0.53668899128927 -6
567.415925 0.497196 243532407 1.78361066478917 0.695506963345228 0.246751418866335 -8
80.329691 0.504673 2736392056 0.70084937176057 0.732583024481627 0.0253674169473877 -6
0.202907 0.491589 1620724604 0.467173958536568 1.42410856582441 0.811953862657143 -9
0.498310 0.521495 205047600 1.29577617057614 1.8155616187515 0.224733302009276 -1
0.089038 0.502804 616721852 1.94299445504832 0.907189628483432 0.691888058317127 0
0.076348 0.491589 676947059 0.869154601701207 1.71433637034209 0.892800236708976 -1
0.134294 0.530841 1765442736 0.854868641823344 1.73190860379437 0.270878038165706 0
58.573374 0.502804 3269088535 1.97566406702696 0.754281821694951 0.571654732472802 -8
0.092245 0.527103 2879829522 0.263559677018989 1.82935648522343 0.608970441663659 -2
1854.219258 0.497196 4132916558 1.12195422819672 0.552125228639122 0.368020663302226 -9
0.386732 0.456075 1170184478 1.97860187656023 1.46210314090156 0.987885075684866 -3
1.248903 0.517757 2654238294 1.75260403282337 1.18810035217633 0.937435224109279 -7
1.749588 0.502804 3921383752 1.96577801847908 1.40055924101458 0.712953548137047 -3
0.194445 0.528972 2405530991 0.210433672683196 1.70820560130993 0.432665983641184 -4
1229.587464 0.51028 808792774 0.306902154913888 0.873929535748671 0.443076919755716 -8
5.621691 0.549533 2591712697 1.08095646119059 1.58116064312853 0.493473219005939 -7
15.844157 0.497196 1279863721 0.9978179659483 0.142763709377259 0.313301678270581 -5
2.647827 0.530841 342600336 0.213472461208609 1.30057356510509 0.590983828185574 -3
11.132074 0.499065 332568096 1.40167503321943 0.78571650482519 0.201869198518583 -4
41.221963 0.500935 3555536167 1.46589553799977 1.42312364332262 0.265792726298798 -7
0.350224 0.51028 2696240190 1.22757275497506 1.72310928179613 0.885537211452827 -5
101.382313 0.454206 3125876465 1.44687035587201 0.96823273908731 0.364444740749752 -7
4.693609 0.523364 3993098216 1.47956396800948 1.11424064029914 0.353602664371595 -3
1079.271628 0.484112 968029360 0.127075680824366 0.173741315140012 0.25417462977459 -9
0.587339 0.51028 3550296487 1.11778768565768 1.26412421016036 0.972373714066668 -8
15.112174 0.48785 2646258197 1.06182519524711 0.105523031427103 0.460694958272607 -5
2.556994 0.491589 51368829 0.192152704777584 0.258437175855717 0.417844453965192 -4
0.038643 0.485981 835731718 0.809166874480966 0.55676484914157 0.618421174183632 0
18.870766 0.493458 274041707 1.94952117840001 1.01294357475066 0.625019335714275 -6
1.454038 0.523364 1240746761 1.84164681879025 1.44480754049531 0.346810338048399 -2
8.741408 0.504673 2656978054 1.37774359447604 0.975511875582761 0.797715105032568 -9
176.593808 0.51215 903859668 0.935743278054387 0.119984470433587 0.330464567763629 -7
343.048000 0.502804 3616070040 1.33417394490146 0.355076812773227 0.182736431028021 -7
0.027209 0.491589 2190999246 0.180691450232736 0.841814485252516 0.104312369918525 0
18.818456 0.484112 3576122565 0.812446212748045 0.372500920903157 0.0970772675560518 -5
3.946280 0.493458 2800100796 1.27800947840721 1.05319771183062 0.798530638474412 -4
8.771030 0.491589 616954139 0.72932064938129 0.733271682440567 0.216243344567334 -4
6.990992 0.497196 1582406727 0.604500914957539 0.9929310399353 0.830907210924233 -4
0.278863 0.48972 2078103604 0.363310656894276 1.01132567055407 0.695922046769429 -1
1282.036887 0.504673 1428084088 1.1848487651737 0.330903028815203 0.43706848144362 -8
0.231931 0.502804 3841481870 1.04857843503743 1.90702153759916 0.798044296301482 -9
29.437913 0.523364 1342046696 0.165131066360381 1.88874594803942 0.0814086799202673 -8
3.957493 0.538318 950914430 1.0212398955738 0.800389168613061 0.575788915496195 -3
447.888640 0.504673 4171667943 1.79567780223802 0.621515631294443 0.0636570351233132 -7
139.873512 0.499065 2835119423 0.830746690739542 0.663262787904033 0.490273305178302 -6
2.983512 0.53271 230020594 0.520653796195195 1.08313779059983 0.867806149649457 -8
246.277760 0.53271 926620178 1.86641554623937 1.52076127557111 0.124555133323755 -9
1.453866 0.508411 1628827711 0.232592070696959 1.17990240715349 0.64159952365753 -2
0.130103 0.528972 701505998 0.508452432956531 1.66380941954019 0.63813808827886 -4
11.001874 0.495327 1482672440 1.48281700390396 1.23220578376757 0.515938273778236 -5
39.255183 0.474766 1706142699 0.193971455307132 0.309999297452454 0.42743061011355 -6
48.503172 0.545794 3915248581 1.94328645830687 0.615032812605858 0.874416702960777 -7
30.700023 0.521495 707349151 1.59153567791841 1.19007145149094 0.0145498730580521 -5
1.634525 0.485981 4264110040 0.591846899930915 1.93233998068359 0.1737334863931 -6
29.189773 0.500935 4220035368 1.80264945606065 1.10165098798137 0.488494151347129 -9
0.027266 0.504673 3791434646 0.941235370415135 0.199542604340684 0.425949848007455 0
0.390946 0.51215 2741118652 1.45540917901252 1.92060420235304 0.749025060171145 -4
14.124460 0.519626 4021477626 0.952377018021128 0.861727752649332 0.77347821145801 -4
0.307922 0.499065 2162072535 1.52417167928935 1.79348679879577 0.0846070228081563 -1
0.081901 0.499065 790943123 1.66461673737589 0.663007288466775 0.927284418832228 0
14.813063 0.514019 2705505468 1.99962690441419 1.45203524269881 0.19144467438625 -4
0.719134 0.484112 393640358 1.53948831150347 1.20459342459434 0.998073719732725 -7
0.191184 0.497196 2057632144 0.946063791661305 0.792508252707712 0.351039772100354 -1
0.210213 0.48785 3752066887 0.850464293450185 1.0857221612536 0.149205342741329 -1
0.020299 0.514019 2255088859 1.51689562995168 0.348915907985024 0.0387575410827332 0
25.446026 0.523364 517632128 1.65884470855795 1.91246793984061 0.178742570652071 -6
2.903373 0.504673 101449543 1.55566353683043 0.559779315010782 0.385648244501386 -3
1.011036 0.536449 355644132 0.295532502190529 1.38478581666913 0.706394850234796 -8
0.026555 0.508411 1183750568 0.387764022205576 1.88304424700875 0.940213125835572 -2
3.859374 0.48972 1939027922 0.419908501467394 1.03178542916387 0.389145576666155 -3
5.009768 0.525234 1960873673 1.30804895427804 1.45312763783432 0.285934730652675 -3
33.804180 0.482243 201997989 0.25035850330975 0.859283995714543 0.457083802139654 -5
0.041862 0.472897 707790012 0.391223586842502 0.797806280910019 0.544209974585637 0
0.902864 0.504673 2583727235 1.05621994485358 1.00210355915178 0.268370227541512 -2
4.681747 0.478505 677994933 0.295620650888747 0.540762552544562 0.490830183585162 -4
1.011844 0.514019 1302912625 1.56800545603429 0.936370652555826 0.31936744545403 -2
0.574173 0.493458 1193536985 0.696455857183272 0.708082447721391 0.327345691895925 -2
760.530609 0.536449 2892157811 1.90172543789766 1.5042445348589 0.0827515121231889 -9
127.624963 0.517757 3031526455 0.772072500260793 1.03385668519263 0.416533442580998 -9
1.381399 0.51215 1360611546 1.50397165394184 1.73504311245224 0.132896535402208 -2
805.268624 0.55514 2902332694 1.67596019800535 1.42126610746439 0.0637543947937126 -8
66.080429 0.497196 4258036086 1.907138665545 0.112653631758653 0.163986075057767 -6
0.030994 0.493458 1125505894 0.558485144750716 0.461138070009396 0.613243401371177 0
0.089807 0.499065 4229691149 0.838749786283368 1.53940819648166 0.96215476120062 -9
0.797938 0.536449 1179102624 1.55529659957974 0.539940982792812 0.620317579698665 -2
35.544923 0.485981 2878195652 1.55531907369438 0.581272131992048 0.848500645977321 -5
5.453520 0.506542 1130832544 0.234276675252402 0.283539635947257 0.0471200581691052 -5
0.124337 0.482243 2808963029 0.569520720789516 1.1482361880628 0.805033413034772 0
72.176620 0.508411 3826670489 1.78967783694219 0.98176441018292 0.370834339936871 -7
363.073003 0.530841 3808528982 1.40965205337162 0.567221539913382 0.41053567864432 -7
307.896115 0.521495 2324253798 1.29074486371052 0.321952941268729 0.159310385040109 -7
3322.688414 0.48785 1144886418 1.09246618296137 0.342599516274282 0.617914227747115 -9
1.489863 0.506542 3539740789 1.43264536939886 1.32710327667049 0.469736871340817 -2
5.796122 0.497196 2495765671 1.00441520888749 1.37159595193274 0.598905137557458 -8
0.083811 0.504673 569472988 1.3999353233683 0.746133031181962 0.871374954106879 0
949.932306 0.508411 2575381760 0.172184706845591 0.788393030970633 0.195971350735845 -8
1.078475 0.500935 1470259240 1.13706335526624 1.47996951713476 0.813437203435302 -7
2.157193 0.484112 1503654459 1.26111508498007 1.05165945565542 0.924893369518431 -4
13.577480 0.491589 2399006106 1.02656997174977 0.647801293523106 0.683951258090847 -4
3.887615 0.540187 1665578874 1.66969523229397 1.6655327446951 0.324903351564644 -3
0.448795 0.551402 24570885 1.80366515684561 1.50280204712924 0.444891093709289 -1
7.799374 0.508411 737587807 0.789778727941434 1.13374543331818 0.716249997659642 -8
1.238280 0.547664 191616099 1.88577017137622 1.69599318748556 0.392989662689515 -2
294.321218 0.51215 1055409396 1.8755127237073 1.3906299163894 0.147806230783361 -9
0.030803 0.484112 2091552156 0.467386710631686 0.46064200625937 0.564465022473691 0
116.444672 0.515888 1188113708 1.60918445572878 0.631154644522437 0.479743775432852 -6
43.271504 0.521495 2394137454 1.02430892321721 1.14769772039611 0.295397928289703 -5
0.097483 0.48785 3979762480 0.569280185263652 0.274937351900263 0.718398355459629 -1
0.997057 0.525234 4233543173 1.68672113775579 0.685248187107128 0.637692225805098 -2
137.322412 0.482243 406527295 0.395016212059847 0.946348963264259 0.302236338058763 -6
16.579528 0.485981 1431662616 1.87812648787583 0.761835547537881 0.803430238516747 -5
0.330518 0.508411 4165532927 0.802441447631012 1.33436479628294 0.219308260921414 -1
239.799438 0.517757 897145110 0.476328969663339 0.544699524702428 0.118003704075439 -7
0.217027 0.472897 78204110 0.739925879492763 0.111737644261288 0.197736788937543 -2
0.139620 0.521495 3480704327 1.4338438095084 1.63962257002028 0.794656673119633 0
15.031224 0.515888 3145827947 1.77543910116433 1.24336029290154 0.23163625621051 -4
8.553654 0.500935 1523114380 1.59813836402568 1.07903152154145 0.730020143567584 -7
4.280085 0.461682 1448265835 0.684487926490255 0.898352993576512 0.625398058520283 -3
532.483609 0.521495 1127096971 0.497008117478498 1.08936590569568 0.151849062692061 -7
6.102746 0.521495 2854999045 1.05592195058688 1.89945438432623 0.119500770746969 -5
23.672706 0.51215 197213160 1.80116968588635 1.0374534831518 0.546490688676879 -6
0.067719 0.500935 748064354 1.45303076346824 0.796712318538923 0.660915973141396 0
1.988625 0.500935 267898862 0.944805080745402 0.488739108123083 0.324619162729457 -3
24.718204 0.523364 609343315 1.95944636615608 1.34026403002732 0.400780379704461 -8
0.108936 0.499065 2440932758 0.775318829041711 0.927693439204619 0.0494645021986269 -1
1.740903 0.48972 3481206745 0.203329182828754 0.749163031961044 0.461291971311953 -3
0.543072 0.506542 1202243707 1.8159718899869 1.2925835085786 0.952145084521914 -2
14.886085 0.500935 1771703987 1.48915590631357 1.12975311586627 0.582762445596586 -6
7.811011 0.504673 597314096 0.659333652655894 1.06301762517347 0.0237810512014959 -4
133.072165 0.525234 3346670750 0.374142257977338 1.58800778565333 0.0604204049739517 -7
1.491902 0.504673 4239985033 0.865645642456456 1.00928255611283 0.733821920383076 -2
0.613672 0.523364 2166198308 1.20592358681981 1.30554643038349 0.948909313574108 -7
83.402691 0.51028 3459607229 1.9182179081102 1.86747139954016 0.0884650559868719 -6
2.286222 0.497196 749838829 1.4895810763247 1.30870650823547 0.640461363215531 -3
162.919999 0.508411 3476717820 1.08788140457477 1.4437560306551 0.0921725007149554 -6
0.975503 0.499065 1186315409 0.275441171372919 1.95409398288308 0.210452997933138 -6
0.207422 0.482243 1165066574 1.98029703108683 1.87488847154745 0.979112039634147 -5
1.423507 0.502804 2137033365 1.05429068127281 1.0824522222445 0.811459955947115 -2
300.213151 0.506542 150991197 1.28357432725569 0.180121004164609 0.449854220408692 -7
0.838865 0.461682 241849431 0.71373985871197 0.555482538314419 0.984029297334249 -2
0.031609 0.476636 1719665039 1.59918017388701 0.73221531449859 0.0818504156319425 0
4.824616 0.469159 3215323269 1.74843059818539 1.78741751553986 0.479172995038501 -9
0.257687 0.485981 835651143 1.52652018896654 1.3520664248284 0.140097872081245 -1
1.192908 0.485981 743112289 0.227626741204635 1.31469124395062 0.654062276232528 -2
0.842652 0.521495 4223143697 1.58085285298344 1.69269763960377 0.656966051095277 -2
0.332309 0.508411 3462620744 0.506438319342693 1.8129685420053 0.378564010416878 -1
4862.621425 0.519626 651961395 1.65534874152279 0.523988199306235 0.0874144236480272 -9
0.179656 0.482243 1567135819 1.7215214099192 1.87108822286388 0.866110050018571 -8
0.481084 0.497196 3266338568 1.49113458680722 0.959475805373402 0.987775243068661 -1
6.498524 0.545794 3658231955 1.13856012288076 1.66614342654766 0.447927538625792 -9
0.244374 0.48972 4205722853 1.79406423361708 1.58093164802238 0.962905677731472 -3
3.531358 0.508411 1576498963 0.617177081180982 1.1529650091977 0.834882811370409 -6
4.193918 0.51028 4157812807 1.03373589876905 1.11513603755836 0.227832045415141 -3
0.044281 0.484112 3876085795 1.42913360071499 0.484691949392501 0.466103621345038 0
1067.401229 0.499065 59928408 1.07892748708269 0.500388208504184 0.49601475040554 -8
6.404152 0.508411 48397050 0.907770619613062 0.418905700235979 0.288144035316373 -4
1.158912 0.525234 2722650807 1.46414906051485 0.847764334636973 0.547055883791269 -2
2.498652 0.514019 66667588 1.12060627044808 0.435973384676654 0.682743451371498 -3
280.050437 0.508411 189783390 0.744413900891328 0.553993261767592 0.862052306776169 -7
0.034639 0.48972 3141507750 1.14284583266147 0.402787700268959 0.495205800508902 0
233.903555 0.514019 3378279194 1.07960695041577 1.05904993384902 0.274865396208021 -9
10.944214 0.540187 3236519414 1.66727464626238 1.25600936833763 0.419087103560914 -4
0.166607 0.452336 3063036664 1.09598175788528 0.462171956749525 0.672334490897648 -1
0.021830 0.480374 127737516 0.315594411604682 1.7542109312561 0.98622916420928 -1
10.013856 0.540187 4016031809 0.200344402292532 1.41498521277651 0.705904436677643 -9
0.268112 0.48972 419954635 1.4177281437966 1.85798867029987 0.784214288230595 -3
0.423312 0.549533 517447591 1.37238520924402 1.99977990778712 0.79126848752494 -6
0.134959 0.51028 654567338 1.89895889404753 1.24115238528576 0.706040528483317 0
0.054476 0.504673 1633563556 1.13239641937418 1.77470890147137 0.971446179446443 -5
0.065375 0.493458 1273169314 1.75998219400689 1.71452074595795 0.0792290645230682 0
0.159674 0.48785 1392459617 0.575266311685061 0.425785640143864 0.982221653201941 -1
1.328321 0.530841 3721438436 0.452042022899478 1.35664289383183 0.713674935107964 -7
1175.238939 0.493458 4231724266 0.477167628491187 0.608039480130002 0.177061261313515 -8
9.853083 0.491589 2087196153 0.338284941012291 0.892934941956551 0.40933945123066 -4
51.020410 0.528972 2684068057 1.61876049239934 1.38504165858257 0.27151015418567 -8
2.449080 0.484112 638043676 0.293306876837236 0.146262988807166 0.836357226688867 -4
0.075127 0.502804 2147947114 0.128007349502971 1.98724563731474 0.5146358995354 -5
0.284327 0.495327 2004361202 1.12558189892459 1.89792223126741 0.711292872581023 -3
12.082494 0.472897 1558020523 0.726849816720846 0.105191013985281 0.307343048706405 -5
41.947726 0.508411 74017726 0.312052147251823 0.748254730413936 0.754132011488861 -5
0.102104 0.491589 2687882566 1.06902465495973 1.41360066372213 0.354325922816691 0
80.274492 0.493458 3760983945 1.3106229426625 1.75081635256306 0.16112837648359 -9
22.484368 0.504673 670417590 1.48119843353067 1.68675624301998 0.34805775106375 -8
115.492506 0.508411 3585450819 1.06464693667994 0.813046376790851 0.398853369467394 -6
15.047541 0.504673 2995929319 1.56637779499869 1.01426765649814 0.229532652886567 -4
14.871917 0.515888 1370673766 0.93369600775028 1.20981122888754 0.534706562736979 -7
0.063490 0.497196 3212648027 0.297204573395458 0.259457555854262 0.481482815058641 -1
0.046647 0.485981 3134551564 1.47700945371974 0.343986770457246 0.738745237030894 0
0.143641 0.478505 3110574934 0.917272362474736 0.620062409100215 0.32548657416127 -1
31.516191 0.517757 2851244836 1.87997187410065 1.51041154062385 0.300978158697322 -6
0.115945 0.476636 3446372053 0.7810034744402 0.552807146915775 0.224763974261292 -1
1.344161 0.482243 527660621 0.449813979431 0.476086316554051 0.327243407994079 -3
1.489508 0.495327 1085863786 0.896902573325385 1.00964086170621 0.99952472899252 -4
0.065979 0.482243 2052202839 1.31444440878217 1.28041332775843 0.205452179907538 0
12.143093 0.493458 3291247114 0.895155610955407 0.604026503699642 0.691489376615078 -4
2.353894 0.48972 96270607 0.137910480219601 0.38456142788163 0.0723300882521875 -4
152.793859 0.51028 253482230 1.31857003717016 0.980657987170183 0.288647776001863 -7
26.504800 0.497196 3860362976 0.317450642770923 1.05871149644238 0.748824613187548 -9
0.466474 0.46729 1244428621 1.83575459973867 1.10133358862268 0.94044995087635 -1
0.896499 0.523364 1161327496 0.550441242206459 1.8899793117345 0.220071941664168 -2
0.062305 0.474766 3744443356 1.79721439314432 0.783444987525119 0.427442649000959 0
99.072786 0.500935 854422986 1.45475505668659 0.522231104849649 0.923228559685416 -7
0.032576 0.480374 3904858307 0.598689159170578 0.935646768924541 0.157870842390198 0
1.852699 0.48972 844093602 0.293138902080782 1.40179997353292 0.523572564646786 -5
0.160705 0.517757 2977363574 1.38159018596699 0.227751676032459 0.99695675399781 -1
43.372184 0.48785 2788684829 1.79118245051294 0.60027930333205 0.886066775389438 -9
1.037439 0.504673 3561666491 0.887793496025034 1.70875236961569 0.742449855702138 -6
1.307538 0.484112 743223420 1.64929024943772 0.617112312251356 0.956050326979687 -2
363.652157 0.53271 1514845393 1.49532435724364 1.14810091977854 0.132609641788921 -7
0.587412 0.493458 2605647367 1.63178377230263 0.330614803871171 0.608887546601165 -2
31.625062 0.491589 968018964 1.49262049501392 0.7209827244723 0.680038841505751 -5
5.422785 0.46729 2183580289 1.57085017560039 1.36636118264384 0.574252516321378 -6
0.543698 0.517757 92538968 1.00208872700295 1.58830201781793 0.716728093637401 -5
0.512273 0.515888 1688675863 0.349519280866452 1.58653175382715 0.646264837869359 -7
8.580416 0.502804 704228190 1.53857208606616 1.83645160007798 0.472303965426247 -9
41.974904 0.547664 854287960 1.92619014392625 1.77286229926616 0.305916723936163 -8
0.121087 0.528972 977775453 1.18512184046807 1.84066988986357 0.908790557537002 -1
1.270953 0.491589 3327512249 0.533443417446882 1.07925488898433 0.527143649884893 -2
2.719411 0.53271 2624305121 1.68712116434114 1.89889386791242 0.631200796139976 -7
0.093810 0.51028 3546336980 0.625965556597917 1.86790185729497 0.832490409132006 -5
167.941922 0.514019 426284918 0.906334555062207 1.15049695052388 0.0939668725620929 -6
0.568771 0.491589 260664309 0.366375761376055 0.814942840893801 0.418611524836588 -2
87.407240 0.495327 4010665887 1.7388594379765 0.146156299486866 0.648600150329868 -6
23.863134 0.457944 4174590509 1.72358639289826 0.678217745143752 0.845819579909339 -6
0.079390 0.484112 1827260597 0.685233742648623 0.47132454408666 0.098039218803575 -1
0.153636 0.491589 467028442 0.216042444718097 0.260596473512768 0.0795571367279806 -2
14.202123 0.502804 4114940538 1.26710557857036 0.646386359526504 0.697900631976819 -4
4.964900 0.51028 2602588846 1.36177549396996 1.47765922387566 0.215017527320796 -3
2.311593 0.457944 2530187480 0.712898482005013 0.531560814849921 0.57429023039073 -3
963.103930 0.517757 3700441346 0.498672400895834 0.448169124140875 0.259176904155037 -8
12.505191 0.482243 1580046989 0.88480804939781 1.05396587219971 0.641963803487006 -6
0.076338 0.506542 3600300982 1.91169886905938 0.569821948413221 0.967224551041899 0
0.108350 0.48972 890341972 1.09124311653224 0.147991887999562 0.58544420909901 -1
4395.676230 0.502804 1693288845 0.649032822301877 1.32117562365333 0.062790563044799 -9
628.384211 0.480374 3083628568 0.322476986361869 1.35823643539418 0.0792079261551494 -8
0.209302 0.51215 272249652 0.726152398244868 1.94345520554496 0.223469613652667 0
2911.344643 0.497196 3878576270 1.66280155219743 0.196733236033934 0.831247376043761 -9
4.280641 0.519626 3398209100 1.90588820189408 0.703096971030951 0.884926636854969 -3
0.129890 0.48785 1970621786 1.36987950667879 0.273063458039901 0.437196207463702 -1
1.586192 0.53271 1198301017 1.10328930664937 1.81743824372884 0.168344861130179 -2
0.072101 0.478505 597209151 1.17126717071151 0.127168105735272 0.229773098959889 -1
365.590507 0.499065 2953639576 1.89686733377537 1.84187753718705 0.0371387417344315 -7
0.722139 0.48785 2295619839 1.40923282029773 0.590285695479055 0.470555492717984 -2
0.053033 0.48972 321524415 0.432372785137475 1.5671225696926 0.979703947052055 -4
23.881069 0.51215 919593700 1.66802273294101 0.979419880688009 0.608038032567459 -8
0.118469 0.51215 3298204287 1.78172264775796 0.859811673091238 0.0155136641447158 -1
9.207753 0.528972 2826743433 1.74262951905482 1.59509715788275 0.527561338517251 -8
0.214361 0.506542 1315850052 0.268038132496796 1.598837086831 0.312095098010892 0
12.950543 0.497196 3399103462 1.75489464755437 0.840905254343958 0.835015109523231 -6
67.068980 0.525234 2062456018 1.58796625291194 1.91311659719006 0.20033214844239 -9
0.148644 0.485981 1720592453 0.29142941856154 0.816408266714645 0.5072254055617 -1
7.679687 0.499065 1475417060 1.85454879410375 1.41435295039988 0.405139857739628 -4
1.458095 0.497196 4222713185 0.728365979902477 1.45251508863438 0.587629319458139 -5
9.357525 0.478505 133616572 1.64786706509822 1.94048843712452 0.3978433319224 -7
28.709231 0.51215 1667733864 1.4203523278276 1.26023313424145 0.436221108295419 -8
46.229839 0.514019 1461368210 0.496530672073713 1.18210501450715 0.375568447447845 -5
14.675516 0.506542 1608071474 1.96548257613374 1.4499698331289 0.527822213600704 -8
1.445306 0.484112 4075183215 1.92079339348588 1.35493830074452 0.341613764822336 -2
0.033671 0.530841 3089787259 0.114006121618058 1.74914984109031 0.962483458885259 -4
423.928114 0.515888 2532108751 0.247669081895513 0.606966745900621 0.99912267986901 -7
0.215901 0.506542 1678745530 0.566686677543404 1.60089637974136 0.76627107248638 -6
0.575822 0.508411 1756002798 0.959885361053871 0.608205251420102 0.30841195278765 -2
2.277223 0.523364 2000227770 0.808584490544893 1.66588058685303 0.319819043035664 -4
1319.506568 0.542056 2275047950 0.563852730550358 0.865375479552733 0.0360373645186553 -8
0.658163 0.506542 2578077157 1.54581240015729 0.373173227982436 0.725848674252847 -2
0.276155 0.51028 1995860288 0.557041534077087 1.93204306264961 0.331089359297797 -3
1345.178718 0.48972 2738664724 0.556468743892935 0.5740385887372 0.40536206513942 -8
0.474248 0.469159 3791861677 0.142249091115091 0.64760489104213 0.951311141663494 -2
130.505374 0.450467 2593854911 1.33247745454992 0.445090835759275 0.795409601021237 -6
1.090019 0.502804 2541772550 1.67520413559685 1.83567762696472 0.688418805553322 -9
4214.803392 0.51215 3993888782 1.57646804018016 0.264088603264231 0.209212400264354 -9
3.555961 0.495327 1329103775 0.942795548849839 0.623981560732136 0.708477682501473 -3
1.242781 0.530841 365471322 0.727105480897037 1.64287403072188 0.471989020863292 -9
1.357469 0.459813 4187455628 0.551927217875733 0.313731894132374 0.659351205323885 -3
53.787466 0.525234 1176509212 0.917432420452382 0.147567946014182 0.623091590475963 -6
0.318572 0.500935 2487139297 1.56359069377004 0.726842504746099 0.773088193052765 -1
0.038408 0.493458 3345520614 0.123813374262405 1.86611335715643 0.806999882854469 -4
1.702703 0.48785 2974925714 1.93321216883675 1.89391521365351 0.696651572257216 -8
0.015903 0.497196 130452802 0.437973019312283 0.197614884417528 0.352352722995986 0
2.923100 0.506542 2625171280 1.91667013470282 1.7150305477396 0.569616159261697 -9
5.855411 0.527103 2613778075 0.491397975119107 1.43665223342547 0.409514462712975 -9
4.057189 0.543925 1268982816 0.37159492748698 1.22877395655875 0.552375237149018 -3
5.545011 0.542056 3100423179 0.980023828682863 1.40885127859379 0.523180127696907 -6
276.980436 0.500935 2436609536 1.7256512098278 0.162724412469566 0.202995270809616 -7
192.735591 0.504673 748059814 1.77765650010513 1.08147679495499 0.247216196524748 -8
0.079041 0.484112 3968881889 0.697469283325479 1.51080029150093 0.985145212673797 0
2.157562 0.528972 1381120754 0.188979389305228 1.824666345237 0.184314831432404 -9
13.827622 0.53271 4180362780 0.541730968702204 0.689400401160196 0.893501461138694 -4
3.798243 0.491589 192955381 0.377275088013382 1.33515529776833 0.0631077400543619 -3
344.022414 0.504673 3521297374 1.04763063473565 0.465195990144466 0.0966916430766375 -7
0.048316 0.515888 1684804578 0.608142784970778 1.85494841954814 0.790141706703726 -3
1.133823 0.499065 1291539361 1.74952180077041 1.32272254366584 0.731190001186669 -2
3195.770410 0.527103 2907688254 1.07851983601601 0.222373957566991 0.163561191141885 -9
43.309861 0.519626 441893478 1.01002458136194 0.749588136851688 0.342614276325911 -5
0.194183 0.478505 1176307243 0.95021831448775 0.782311590214302 0.379474252162018 -1
9.490760 0.527103 1704287984 0.709209085357831 1.46115808743072 0.43359858433252 -9
0.203464 0.515888 559836068 0.4789647011232 1.75611609935835 0.800796412685663 -7
0.605915 0.500935 238565754 1.01868472547093 1.36499361766596 0.929828896226926 -7
1.377402 0.480374 3769660443 0.923583216382155 1.02986408243489 0.981872942446571 -5
96.214588 0.480374 709137498 0.356515238149187 0.678115204245461 0.377927340053091 -6
0.254229 0.484112 2180381086 1.93549064187624 0.762031492630204 0.530373393711047 -1
3.223469 0.514019 2735551132 1.40784405729676 1.25732926359171 0.0606586519965075 -3
0.085307 0.491589 601551410 1.06607282133307 1.13856526399458 0.560833084859022 0
0.135277 0.476636 2793332560 1.15695452915116 0.784399788800647 0.126406713790636 -1
0.227256 0.474766 3426047042 0.988790375275041 1.21454274707219 0.121784586025054 -1
0.682934 0.478505 1833783889 0.509204299371028 1.16376452317134 0.0510312227985262 -2
0.478514 0.482243 2136220172 0.414013507342338 0.677218149383192 0.450678120373485 -2
3.371955 0.495327 1204484204 0.185863047139399 1.2407882240371 0.0310641505313169 -3
0.552755 0.51215 3943717357 0.377613123939997 0.345235643844124 0.0377331539569723 -3
0.972216 0.540187 293199471 1.15134758483693 1.63321353935903 0.677742754740354 -8
9.734089 0.495327 848720651 1.00923783263858 0.883144276962442 0.0914943064826163 -4
2.611433 0.519626 2967491876 0.380688185589944 1.2875129882931 0.791600519594628 -6
0.023600 0.495327 676031075 0.232983728508216 0.459080277391165 0.535183074684894 0
4879.629961 0.527103 293801760 1.19527484474789 1.32526350569135 0.0172495078302618 -9
0.096970 0.485981 1580418510 0.221816221315668 0.506587834179574 0.613942719379626 -1
0.075559 0.519626 1461227180 1.08702202509497 1.73245797924852 0.0575872181337633 0
109.977410 0.484112 1364135900 0.717630500264144 0.669029882805886 0.818767026648194 -8
0.418695 0.482243 3356919403 1.21505527935052 0.166836176754796 0.505948150395757 -2
1.269467 0.493458 4157617141 1.7412395767055 0.106895905827851 0.463284512976221 -3
0.660810 0.504673 3352688041 0.394862987262949 1.71486042966574 0.263694890846923 -3
3.994893 0.482243 578251987 1.65085618900455 1.03454422373721 0.854638003545943 -6
39.285494 0.508411 64439823 0.207571288351893 1.02087940795023 0.379405638462854 -5
1.791314 0.499065 4082787702 0.56378719748518 1.92352172035393 0.159455372256485 -3
1.353213 0.515888 4094247491 0.336590135103163 1.43631628992752 0.554164703399551 -9
0.308388 0.525234 635951671 1.2340864411379 0.764584415846205 0.790350591421257 -1
3916.881451 0.514019 1211760476 1.99034323517134 0.196385599554131 0.395499617596282 -9
2779.376416 0.48972 2492827801 0.378814371518586 0.519897769212101 0.867525098466699 -9
0.098643 0.502804 2151679304 0.793134494894609 1.42588595237172 0.350233107057514 0
5279.545943 0.530841 175889815 0.267330123018078 1.1206260608088 0.103857846331584 -9
4.886511 0.502804 2522749845 0.321418420176486 1.30403392007674 0.55393028470064 -3
0.551887 0.493458 2899041022 0.631694022432282 1.67322567426543 0.5103782636411 -3
1.056734 0.48972 2518454004 0.729831774539262 0.781097192422868 0.781721032031222 -2
1.421485 0.51215 608597965 1.62178588451253 1.33023756586532 0.832209710104934 -4
0.301387 0.48785 1917582573 0.550308637903693 1.93675318391712 0.382064647282471 -7
1.049420 0.495327 3495883056 1.21614678392582 1.05822967823373 0.312951871963572 -2
0.276826 0.493458 1843099305 1.15844085339973 1.10164220152064 0.351498447030674 -1
20.514080 0.508411 1697251519 0.908829337804721 0.996770523916921 0.668038901682038 -8
0.547007 0.484112 369884546 1.18396069326293 1.92950225831504 0.764574117673294 -7
3.600343 0.514019 2318748706 1.02369387681645 1.04792063318847 0.264865965465281 -3
0.032747 0.472897 3829795014 0.896812418621264 0.50756558684522 0.259035222531458 0
0.373124 0.480374 2933861271 0.860615226431033 0.165709029168919 0.569420221544449 -2
0.061569 0.474766 619581487 1.72674425172697 0.727564874599742 0.591826379713558 0
0.278943 0.48785 2872033724 1.2529671638181 1.92941736209448 0.845783111558242 -9
0.046591 0.474766 648884617 1.37269212293817 0.608740212839473 0.406749235251674 0
0.687896 0.51215 2615456815 0.712528959551983 1.98322480332096 0.296189206728584 -2
4.394488 0.523364 4198614802 1.02844139850496 1.26765571873563 0.559492465397544 -3
0.484315 0.46729 2956432687 0.156610757054898 1.20787226839862 0.885332709904826 -1
0.062496 0.51028 4273204349 1.09314263896457 0.367427759528078 0.0303626513398018 -1
109.724322 0.495327 649974178 1.65272188645784 0.557485007304091 0.0833060739256932 -6
2366.876562 0.471028 181832888 0.249222281700402 0.251134676164784 0.959329978979195 -9
155.187222 0.478505 2729601554 0.578508553308898 0.946548068665216 0.486936056123206 -9
440.907226 0.515888 4045598461 0.776068984969542 0.670720872633478 0.311977325773505 -7
76.261801 0.525234 1028445604 1.47896468630863 1.70825961356468 0.179350888167779 -9
2197.377663 0.530841 3806572020 0.325591214453472 0.263626105946341 0.348603406038892 -9
999.315133 0.499065 281219325 0.8090720720023 0.766092523258511 0.372368099828737 -9
0.339394 0.484112 1291715345 0.715331497136661 0.204663780488721 0.642080255469372 -2
144.035582 0.500935 652039320 1.47805324810849 1.26537521389525 0.125735894599443 -6
13.282992 0.519626 3539025330 1.39628761106773 1.77034001919281 0.253102445011163 -9
169.082947 0.497196 3167322802 0.561322970913983 0.201058040071855 0.141391834511278 -7
7.388279 0.48785 2887167556 0.925930823307878 1.69684825274718 0.244190023603595 -4
0.151541 0.521495 622318199 1.5180014159144 1.85156213781215 0.889720950835676 -3
0.130769 0.527103 20440757 0.722126132121219 1.8913920368032 0.51621929867333 -9
1.788191 0.48972 444122310 1.14550461463044 0.386713026303848 0.168301256748445 -3
42.139648 0.497196 393809208 1.7907493132118 0.569281775889141 0.293355172643585 -5
0.089658 0.472897 1671799559 1.61825497427932 1.36024175648009 0.341817997405582 0
1.291325 0.493458 3028054479 1.3087604135619 0.736419001493064 0.844045863095096 -2
0.041087 0.48785 3822441533 0.294957070731089 1.22419186328134 0.224708832254809 0
22.099724 0.474766 2007283556 1.50533318017633 0.718324820525277 0.917215443590528 -9
3203.283241 0.48972 3724826906 0.238161248929648 0.813800847183647 0.535670503782043 -9
5.792240 0.527103 3563010629 0.216354754787495 1.35278711912141 0.583951751549064 -8
228.216119 0.51028 1149051078 1.57098990870793 0.147030379329284 0.045413406267024 -7
0.067087 0.540187 3536363107 0.39219980932571 1.91349407549698 0.585836818932873 -7
0.045203 0.502804 3270735827 0.898928697677135 1.8628998933455 0.945993827497317 -6
0.285436 0.497196 1870244840 0.115148140709716 1.21668950431445 0.901604090882198 -6
76.107950 0.500935 750902369 1.74948717661961 0.987133695687528 0.371684495764901 -9
13.962503 0.485981 3030669171 1.73115458726187 0.681928523773593 0.694031306810763 -4
1.047193 0.48972 2347496779 1.22931086656507 0.762362195091661 0.577662423844579 -2
0.450855 0.465421 3989571678 0.72089497280282 0.271430005386284 0.898890027848225 -2
1.215756 0.491589 3818875041 1.76697893047987 0.113223320474391 0.28379890102841 -3
3.928421 0.502804 2238850989 1.12710162823026 1.42031523514648 0.5673724038914 -5
15.958245 0.485981 280176335 1.70024908624894 1.33419066536352 0.426529843665395 -7
0.088921 0.506542 3710228099 1.31916688413658 1.59219018355642 0.252702882900963 0
0.115127 0.527103 3756939819 1.77891369138029 1.08981036569719 0.742165574030629 0
1333.998988 0.51028 3117136554 0.61183277176995 0.751071750720007 0.0506171744553513 -8
0.190220 0.493458 4184514562 1.48870828361139 1.50325918657677 0.990067456723137 -4
1.026971 0.471028 2415468480 0.462500013393629 0.231576321464181 0.412052888948597 -3
0.138477 0.508411 3369495497 0.257866205347545 1.27974176230959 0.743874681166622 0
0.508945 0.527103 15251153 0.551279226848167 1.71458193419939 0.354745883193786 -3
0.304179 0.528972 1026338374 0.6859402836116 1.56622540282726 0.66340783816233 -9
0.082790 0.534579 3534384022 0.299372112871147 1.87524333597997 0.598463452568889 -7
433.496481 0.48972 3386686425 0.434414880934895 0.688366348315874 0.469006797818261 -7
4577.051652 0.521495 3823906655 0.8047102374792 0.864282164975395 0.026330119216658 -9
0.862156 0.495327 1530376111 1.94040897636902 1.12921182264362 0.113878755553942 -2
0.282890 0.48972 3710630628 0.668993865466963 1.31189247031343 0.942113875185326 -7
0.108734 0.493458 3755845463 1.25842327954814 0.222367704922068 0.29853817225498 -1
5.003260 0.523364 1177278642 1.25736314482766 0.106394748005943 0.97044034877182 -4
134.858961 0.502804 1221313947 1.3006117244815 1.52480210728687 0.154613694026611 -7
5.146667 0.497196 32815700 0.870898785650008 1.2969396404185 0.583689471704204 -5
1.211532 0.497196 4120060895 1.83346003350592 0.711310615733915 0.673177996370472 -2
0.138567 0.493458 304900984 1.82298922079613 0.601105415494567 0.105803834175078 -1
0.117169 0.480374 2460412478 0.298031385577772 0.593899419596828 0.685324856983806 -1
1.091332 0.515888 1878997023 0.89331607941515 0.864151310695283 0.599400024112649 -2
52.455453 0.514019 234583308 1.25209156683438 1.21494802400176 0.0899736207553208 -5
2.090078 0.502804 473502815 0.587799648097187 1.11698179536576 0.888423856451183 -3
5.269880 0.528972 2247539251 1.4854533251043 1.39299370838544 0.595824579906928 -7
1.904857 0.517757 3391858019 1.9593108382224 0.41454477398884 0.0741275075375794 -3
0.120507 0.495327 3131830487 0.934781993796258 1.31433536291232 0.661019651605568 0
6.910819 0.46729 2810626075 0.642296021809799 0.9054297215372 0.977371179185758 -7
0.477531 0.485981 3895784604 1.42088179434653 1.76238480337694 0.75538109474435 -7
0.383741 0.500935 1476210787 1.0246759419205 1.08684971088485 0.625164026265603 -1
4.447831 0.515888 42160691 1.85013457015426 1.15979913392726 0.216106866967222 -3
0.083495 0.515888 3054596117 0.522469747420096 1.93698426098882 0.673958691088165 -1
0.187760 0.478505 695310467 1.26229004868454 0.565908195694952 0.57849458238639 -1
15.384589 0.500935 2816702452 0.936560045654876 1.08882790330212 0.276500897223851 -4
4.325177 0.502804 3182342866 0.869209072168911 1.12380660816873 0.668646889816702 -3
1.190915 0.469159 2981601269 0.656854710346515 0.116232332628783 0.78301016476531 -3
0.113259 0.528972 2554243481 0.513438581082962 1.78771037889638 0.685179450726224 -3
6.126474 0.543925 977157173 1.43681602575998 1.64374797738202 0.40112981842175 -5
102.874738 0.530841 1619973934 0.4816494783307 1.48178352585172 0.241708555477217 -8
4.688589 0.502804 2924714949 1.69091759194932 1.16716379295635 0.372434069206383 -3
0.123114 0.536449 1987041253 0.735995845815406 1.94662062555224 0.66133877580674 -3
102.442731 0.51215 1427356595 1.269054259636 1.48131205067473 0.196317059853735 -9
6.281908 0.502804 1463291975 0.976356328826653 1.11892666876334 0.758501910871091 -6
0.121304 0.485981 3257385873 1.43527020702451 0.455747863521549 0.204813373478536 -1
0.055204 0.500935 934125208 0.918195847423172 1.86366607437534 0.972316843553321 -1
4.586822 0.48785 2641280829 0.323385114609927 1.07733115862243 0.924311614362894 -4
25.634279 0.508411 2731234669 1.66443813774125 0.436058180788883 0.0691457831080148 -5
0.042675 0.493458 1429825564 1.45918823778207 1.39153177518181 0.0422222791335009 0
45.545594 0.478505 2095489263 0.86526696990837 0.693277002894875 0.510215729592577 -5
1.758179 0.48785 1108854611 0.727835020781033 0.321446335339274 0.818448245965554 -3
77.025521 0.499065 691159031 0.197176232991734 0.802568511484874 0.323054854909241 -6
9.526894 0.484112 3734848229 0.625920739308644 1.22505850415541 0.0529808188251423 -4
0.050975 0.485981 1923642197 0.951866421161415 0.903729160677794 0.313061854657002 0
4.652515 0.471028 2256898653 0.570420502850699 0.367192223688366 0.412106373136801 -4
63.270013 0.495327 678748143 0.406737398997779 0.979494857698923 0.673782184367718 -6
0.402473 0.497196 322869041 0.841274791514523 0.83290047487182 0.956558258637949 -1
0.018210 0.495327 2343913643 0.351754667622887 0.167370038097168 0.481408453075576 0
0.840933 0.500935 235274672 1.01086454593662 1.89370008965548 0.675485724556944 -6
24.600202 0.499065 2005667369 1.57236869708556 0.910781978236476 0.670653106544157 -9
0.214171 0.508411 149844739 1.36195967256507 0.557106104618913 0.760336241626461 -1
0.672967 0.514019 1611328453 0.134944234179775 1.69617594564735 0.335459891850307 -8
0.325765 0.527103 1420234022 0.515939670371393 1.98333711601974 0.352659704818912 -8
0.053140 0.485981 310142972 1.38980883862615 0.955772256574438 0.249026454399043 0
446.626439 0.495327 1088072824 0.285174928796492 1.64085606498707 0.0494426100656398 -9
3.387856 0.500935 408261566 0.997557244296089 0.933186778806053 0.223303777818702 -3
14.697943 0.530841 3582652277 1.72742209048548 1.79457885032115 0.128867407596586 -4
105.499059 0.499065 1613312187 1.69665048590837 0.310971886621674 0.298519036560571 -6
0.256271 0.508411 2830735603 1.41592671611595 0.977126135110143 0.318366843912168 -1
0.378398 0.439252 2298315740 1.06462607537785 1.98536534344326 0.668336790402183 -3
1.216638 0.538318 3651134981 1.84664133237452 1.58441168212499 0.715505213774072 -4
7.657674 0.495327 1937861998 0.781387855745924 0.744140056526375 0.116029309428537 -4
0.107354 0.478505 497413704 0.483556787886139 1.56215352170329 0.870568052976691 0
0.291038 0.48972 498780160 1.58107150437247 1.75842811677705 0.731470177440433 -1
0.022318 0.502804 229738909 0.59460968565108 1.9095622245831 0.997778912035914 -8
36.981859 0.51215 2472066129 0.278884000818965 1.33874800553031 0.177896181114152 -5
428.368842 0.508411 104376357 1.15396850429412 0.720503520897694 0.0597864603069991 -7
0.059227 0.538318 2183812999 0.281092718602454 1.8291943188763 0.681200851611693 0
0.726892 0.493458 4110822613 1.3817158641807 1.81085047529204 0.657477279418239 -4
144.897362 0.538318 540619469 1.92999214375003 0.821854828869961 0.1030288847158 -6
0.186914 0.508411 2378070816 1.55903423820465 0.343533396872164 0.95426931428214 -1
2.411021 0.48785 2377893587 0.201203566833564 0.266000169710206 0.452134024938977 -4
253.794614 0.502804 3430517482 0.795967250802353 0.459963631448105 0.0508280593208409 -7
0.093069 0.536449 944144260 0.358065438914337 1.72344690572449 0.736343858430731 -2
1.837995 0.504673 2087664068 0.839668552497782 0.258050352281589 0.962622166917474 -3
6.671682 0.519626 1925893932 1.37714942557727 1.58272520674475 0.470043318882243 -9
25.515863 0.51215 1810549413 1.89376510103332 1.62294743429923 0.268897274480207 -6
1.170009 0.499065 2880121203 1.29008953698446 1.59028782521065 0.719344570002698 -3
29.306273 0.504673 736409712 1.57405152389092 0.916960465482288 0.647496455880666 -7
0.062886 0.543925 1022732568 0.339939055627653 1.78697753808601 0.77905428751649 -1
1.372230 0.527103 2750881548 1.75219708075835 1.7697119178938 0.615492812403474 -9
6.568059 0.469159 741175839 0.125172327209401 0.652325685424496 0.932180223005519 -4
1654.403614 0.493458 1150931919 1.53748658824519 0.278705469554222 0.870824327718611 -9
15.541609 0.515888 1038595471 1.90122582383259 0.95798490617032 0.594037291295797 -5
1045.528892 0.465421 1988680552 1.11683151290328 0.133848437126264 0.885033220763326 -8
45.619306 0.493458 1773602397 0.628125232427976 0.714704640530046 0.739019282462588 -5
126.304017 0.527103 1837626406 1.01537728235624 0.617284248120092 0.231811639795306 -6
7.638224 0.499065 2907262692 0.693272665099434 1.26473843700136 0.648795658903297 -5
49.063225 0.530841 358078521 0.853997708092954 1.10205485007968 0.230342650253834 -5
0.209181 0.459813 3368439300 0.100870431816662 0.923427570894746 0.906073757302321 -1
0.069244 0.495327 2069201296 1.06580725722936 1.5796559229613 0.0564000784406472 0
37.965427 0.485981 2331402308 0.603735159634951 0.109935949934065 0.0681350746870941 -6
0.214074 0.497196 3130926122 1.69153675429361 0.687465729665118 0.497832882407219 -1
95.905259 0.521495 832833347 0.859408386371751 0.327716751271863 0.589110177149533 -6
0.231824 0.500935 2391588376 0.903207937839009 1.88232140843078 0.684409330810176 -5
0.092033 0.499065 521753789 0.120497100419717 1.86027170300547 0.529400129182109 -3
142.827898 0.508411 3874097987 1.40700714043955 0.616184479557958 0.375033379871574 -6
105.215653 0.491589 1276996669 1.91908004212591 0.537119392029724 0.784783200952761 -9
0.490322 0.504673 2715988185 1.14959820437272 0.21388030766276 0.768070247955756 -2
4.796054 0.525234 1418520290 1.27679292591685 1.79861944881235 0.0365639702178713 -3
0.329327 0.499065 1516173443 1.19732958904423 0.931314229431015 0.6029302966495 -1
0.084861 0.471028 2761594421 1.2658580860991 0.346404928427843 0.15762779494752 -1
1.636967 0.471028 2162204854 1.17488046995937 1.58536002557929 0.653159936607188 -5
1.212643 0.51028 1994651262 1.56185139301511 0.908655675935834 0.457456992112242 -2
340.023425 0.508411 96865225 1.13885547279572 0.393784384484584 0.1630753857977 -7
158.138328 0.523364 329846654 1.5664016299839 1.27630093293992 0.0920459174554971 -6
1.106721 0.523364 259722720 0.122677529881825 1.64511397369374 0.271449717164767 -6
3334.086280 0.472897 1844049639 0.837294865206425 0.377469910912787 0.752220500451079 -9
18.824330 0.515888 2171902236 1.22184319013657 0.234269704273342 0.226925742087494 -5
1.544988 0.523364 277214262 1.24460869656516 1.6531145256237 0.426123648019682 -2
0.484546 0.523364 388694704 0.293194557273953 1.75008574171117 0.0406768854027695 -1
22.443690 0.499065 3216165490 0.674528590997712 1.17670895575416 0.538571289953837 -7
2.559778 0.482243 1653506185 0.218326874827944 1.58549878583013 0.232375317126286 -5
149.039276 0.514019 2350514432 0.82740088387406 1.02528615753775 0.24161469837544 -6
0.214952 0.493458 3901473742 0.629590620302035 1.6602361109255 0.645751215383885 -9
0.332980 0.484112 2082032260 0.603354347557152 0.357801936010144 0.276963072925102 -2
5.770613 0.497196 253250207 0.317361814498293 0.699248826086588 0.399939144439955 -4
17.520564 0.534579 2532382160 1.73747458207655 1.08992264220506 0.511926242757515 -5
0.068204 0.456075 3329889802 0.829344095830525 0.797929784413606 0.792407141084582 0
0.071303 0.476636 1060211938 1.93704282459479 0.871813034382272 0.446230695792075 0
1.914494 0.476636 775880992 1.23663095317625 1.72732353859073 0.498551212016196 -3
1.380898 0.51028 127382819 1.78575311809614 1.17735631012353 0.707443005042975 -2
0.091913 0.497196 2566557725 0.977096354572204 1.48907870902633 0.19201255423141 0
81.739086 0.51028 2879199566 1.81409912347752 0.899468784882315 0.347803081227977 -6
413.574736 0.495327 3792585964 0.294396852807996 0.820811099521288 0.758436919808787 -9
982.494759 0.515888 3630633033 1.59127420297109 0.116777161323388 0.515025540230095 -8
0.157464 0.474766 1480748564 1.0704580927227 0.477838864176277 0.433745155848241 -1
16.575693 0.514019 2992190963 0.471955746578461 1.35190680253811 0.394070833361403 -8
8.350517 0.471028 1489940330 0.200783488758948 0.276918997999044 0.186021059702802 -5
3.133524 0.493458 3515961172 0.531247056945943 1.58098489097138 0.256018647753176 -8
0.378224 0.504673 433518201 1.48526268507937 1.08165739242255 0.607847299014451 -1
1272.864659 0.51028 2807072416 1.54282745186071 0.377692823646241 0.10399444357161 -8
0.142511 0.506542 792903814 0.202372254299861 1.73768266569495 0.653332255440758 -7
1.184611 0.51215 1282755161 1.19901358729747 1.48330766302195 0.764605854133301 -8
11.232539 0.48972 4028877228 0.201750934644597 0.928466946852342 0.631170260334032 -4
0.189398 0.48785 3172111978 0.836962347695416 1.18665293157161 0.116539034369743 -1
1100.386919 0.523364 312434036 1.78909654907728 0.119844760735182 0.631864800009701 -8
4.876384 0.53271 1315357614 1.92264799389498 1.07473450691518 0.765845902465029 -9
0.060860 0.504673 3209178533 0.188171593713427 1.8928241302594 0.72371887761565 -5
1.719057 0.484112 893258448 1.35352360291431 1.07606784309385 0.940021578865998 -8
124.431594 0.51215 3228717735 1.74741932656837 0.430201980903016 0.308358827989225 -6
41.798627 0.506542 487217461 1.07192917749496 0.564308212321715 0.930227186239029 -5
0.203457 0.519626 611070743 0.913282031445577 1.92278890111936 0.582407491263631 -5
0.496618 0.474766 1041163741 1.53433614709656 0.319776130300669 0.31295653332272 -2
1167.675662 0.499065 3594390739 0.918777975520124 0.295716281137632 0.467459760360436 -8
42.087305 0.525234 87913983 1.25642032577018 0.760825596934485 0.269076065000648 -5
0.758220 0.485981 2509566594 1.63423342292184 1.12434182136197 0.0657381268798975 -2
0.442174 0.491589 3691235458 1.15073273608999 1.655733253028 0.209485820293446 -1
0.359984 0.51215 1499960257 0.497280910372968 1.21268737032976 0.543717959275847 -1
4.190224 0.51215 462053651 1.99239005207306 0.808892022307329 0.482654999344415 -3
0.422201 0.519626 4123229748 0.881324834684879 1.74513602094021 0.480611856576825 -1
92.863022 0.491589 962854940 1.28873375776674 1.98257327684708 0.119979099847875 -7
7.823021 0.506542 451668810 1.87564024566869 1.79428336241421 0.502889530290213 -6
3.674243 0.549533 1924798434 0.291309461933548 1.4673770327405 0.460286442744492 -6
1.410903 0.519626 3822413160 1.73611058176432 1.1743807541962 0.859984276501054 -4
433.724553 0.485981 3548336125 1.97279515301318 1.1507201515984 0.0148902663827868 -7
4.528006 0.519626 1811170262 1.82332492944279 0.870726456759266 0.569999209552306 -3
0.941611 0.480374 3707243939 1.99765952229122 1.05331799221302 0.999338427721051 -2
5.782712 0.502804 939836333 0.674345231186337 0.35065342302409 0.697576038068227 -4
0.053297 0.514019 1815674698 1.44335882695438 1.90859542547248 0.0174561085188866 0
8.767352 0.51215 2963343148 1.85591871060119 0.771430522852987 0.989126273457622 -6
0.120121 0.485981 661764851 1.5787831084619 0.149318594361974 0.457407783842591 -1
5185.691667 0.51028 4139256171 0.920250626967497 1.04443694182975 0.0633493704086675 -9
33.990610 0.476636 2307500692 1.57843992541276 0.239469269637577 0.888323069583598 -5
15.126311 0.519626 1154899152 1.7296673152813 1.59338746428634 0.287374408262029 -5
0.917580 0.504673 1500456390 0.64451610383852 1.24748912050857 0.909536925064203 -8
9.784343 0.480374 3738533809 0.53358931159306 0.157179319287371 0.150961531523997 -5
0.229716 0.504673 1236872905 1.62448535160125 1.89950168841425 0.762688046179787 -1
0.152661 0.46729 2668569312 0.670199207197522 0.535099237033242 0.662986477156353 -1
458.302822 0.493458 3641370378 1.04933192732649 1.37797532073118 0.0798001439017561 -7
16.428948 0.51028 2462013906 0.926028718979618 1.05367233189295 0.62590612565469 -6
0.222560 0.480374 2128018402 0.876737898050763 0.742520789996779 0.658039162340423 -1
0.469512 0.502804 3990146835 1.91940430697102 1.35035239702746 0.655065122301901 -1
29.361345 0.530841 3361687723 0.104733863513342 0.945122792985207 0.994095349942034 -6
0.992103 0.508411 4089988469 0.278280513922116 1.6195461643146 0.290553224358561 -3
2.323347 0.51028 1126979844 1.02434036877207 1.19208499272149 0.828082456769182 -6
477.694576 0.508411 733836977 1.45945504544399 1.45113205203639 0.0498601393269169 -7
15.007448 0.523364 1615763012 0.704629570572768 1.16932373526982 0.268477190188803 -4
5.808761 0.471028 181556536 1.40449945302525 0.910676891539776 0.899799228800199 -7
96.310534 0.484112 1019383148 1.25041406665204 0.496376041881938 0.975940420666986 -7
0.214875 0.482243 161967 1.1479541259782 0.663972092831702 0.646083561783986 -1
469.496845 0.500935 1510744531 0.24142214090308 1.00759294584159 0.344867488744819 -7
22.604986 0.497196 2603905131 1.38542614211923 0.236303677819393 0.348537410751329 -5
126.057895 0.491589 233299249 0.552346021084244 0.776469712090953 0.757208323644474 -7
0.129446 0.497196 4136841988 1.47319337073796 0.119038578656901 0.609213393068363 -1
1778.297290 0.515888 55619538 0.565552089499993 1.10091994647498 0.153478943329771 -9
1.573804 0.527103 1508783261 1.06675806515994 1.59265256740875 0.309660069802117 -2
1.540247 0.51028 3878808491 1.32251933083396 1.6535310701896 0.220954265220417 -2
66.265167 0.504673 3189672416 1.81350802595748 0.126243151991693 0.192246923297248 -6
36.268096 0.519626 974159219 1.91622464506381 1.87144410376972 0.108788016134163 -5
3.688127 0.500935 3295233721 0.79423325961345 1.13886374210542 0.188803244283412 -3
115.409894 0.497196 530279355 1.10472099713754 0.715481173702959 0.0842488894060721 -6
335.239907 0.504673 1122654832 0.459710901192552 0.667683357613285 0.217864568649997 -7
26.993492 0.493458 1398996754 1.22605671884098 0.467499623505053 0.173392956509138 -5
201.762644 0.480374 569707778 0.531911013324922 0.582019120583902 0.989544913399926 -7
1.689858 0.456075 2569786103 1.71646162203612 1.05868207984285 0.993310699875465 -8
5.009748 0.527103 2165036075 0.434590717556638 1.01070674095454 0.704465170669267 -3
1.543785 0.497196 1234410829 0.477377926199994 1.22957729304087 0.661592892992225 -2
2.085399 0.48972 2697519942 0.185133957871868 0.913067174527288 0.360267628074346 -3
1320.682283 0.519626 3845721891 0.802441346943769 0.915187040057354 0.181852913221618 -8
37.930406 0.527103 2680656761 1.01845903994134 1.12089560075898 0.336033693023103 -5
0.196598 0.528972 172890867 0.862920035941743 1.6252498467657 0.852023932169044 -8
0.027299 0.48972 1828472016 0.224655933401804 0.410441836555674 0.931396508002392 0
0.208621 0.514019 1068083253 1.65939640644997 1.65110275512728 0.0247177877987166 -1
8.763054 0.515888 3902488855 0.964730168221218 0.429269271032749 0.693302253227959 -4
1.031704 0.528972 1541863484 0.778629222344147 1.57610782959156 0.62618820187093 -2
35.033864 0.474766 2820379993 1.28341999995427 0.303172374951526 0.839223542418806 -5
3.592684 0.514019 203791791 1.64756067235648 0.596610565809441 0.662384365650203 -3
2.799103 0.515888 1155781181 1.86451836244302 1.38300080729332 0.60116542683266 -3
1.438321 0.493458 1116992496 0.95133549494123 0.974752833495752 0.697211776208508 -2
0.149264 0.485981 1991913575 1.87247097026724 1.06028111018189 0.920029132074279 0
29.857714 0.515888 2596338116 1.67897656294857 0.243193454026884 0.59943556502282 -5
1.496217 0.493458 1644035004 0.594236776999254 0.983944952115209 0.844810761563295 -2
36.666125 0.515888 2953681065 1.47901368103654 1.96489498210945 0.210667419941194 -8
0.970256 0.502804 2817935358 1.43748683906787 1.24826584821749 0.935711809923324 -5
5.559902 0.508411 4058734282 1.84788969250065 1.21861572960591 0.717570560966584 -7
13.980932 0.478505 2549228306 0.155182478786135 1.49427425497246 0.154525438929059 -7
13.765285 0.482243 4244270653 0.736370335950965 0.732601538353192 0.646798089682644 -4
0.048150 0.53271 2628292715 1.25241348384764 1.87346390564869 0.99963707802307 -5
0.112046 0.500935 2364772536 1.94346163601624 0.125202277560042 0.4612483915207 -1
1.195527 0.536449 2498125295 0.28909192434594 1.66352022137808 0.236640020789018 -5
3.151017 0.48972 966352982 0.873490956004889 1.53174351011929 0.450977129442136 -9
45.332839 0.502804 3060731045 1.82168701212192 0.601094601598328 0.858916298143012 -9
1.001280 0.504673 1380269358 1.36003518420236 0.5019642409208 0.941548726985407 -2
43.413158 0.502804 798178947 1.92865127099371 0.606316366320314 0.255570218379825 -5
414.904068 0.502804 2332691754 0.410281869234762 0.641687129001055 0.706741098001885 -7
67.983709 0.495327 1405831973 1.63752813017383 0.617777091431446 0.826826573585685 -8
2.527719 0.530841 3522402974 0.995186463678251 1.94611801411542 0.251335739779774 -3
0.038450 0.514019 1142217628 1.11694589692833 1.33514004699577 0.0294176213043633 0
1028.088427 0.497196 860856797 0.504441178844024 0.530277077068901 0.833231165630304 -8
3884.224807 0.474766 4260455430 0.713792908282504 0.47932041726188 0.486582559718279 -9
1.159785 0.51028 575594878 0.700798297418495 1.3045444218914 0.192311012385421 -2
0.391588 0.53271 753325690 1.70483350532798 1.4273499498395 0.759090323981334 -1
150.014206 0.485981 2126641961 0.645693134388403 0.97015833669338 0.166379017631197 -6
3877.933559 0.523364 2030551500 1.39286431743576 0.160582650255719 0.445171140715199 -9
2.072332 0.523364 134778808 1.52738918043051 0.420734958787925 0.302041420876179 -3
4529.013813 0.517757 2951504481 0.610225187430002 0.580816106851839 0.278404387055777 -9
1.289136 0.495327 32492531 1.8040203056956 1.73148353841504 0.740673202228889 -7
0.212351 0.485981 2787116178 1.29706891252713 1.99919599973165 0.783459910011549 -8
3120.170101 0.469159 3641087217 1.57693224566642 0.197771964154207 0.856547931533699 -9
0.024499 0.500935 194699964 0.598258819595067 0.187439316222256 0.850127071270532 0
13.281491 0.499065 2003119729 1.33462793451933 0.649052681861151 0.8958418602893 -4
18.364703 0.506542 1603605908 0.371103037037203 0.899954764058191 0.986290391967565 -5
376.566847 0.527103 3200656932 1.35439859516927 1.11288960771464 0.141541248048982 -7
13.460572 0.51028 615080499 1.51634916935578 0.928856842249954 0.260422781298635 -4
0.628877 0.521495 3172650041 0.517374838927764 1.73693210470938 0.270287774376945 -5
0.131412 0.474766 3014581936 0.736952924199464 0.441662998347743 0.443766942243979 -1
1.511333 0.484112 1116198636 0.783259371453672 0.394162560680876 0.242890246809858 -3
10.168420 0.521495 1534140901 1.19309908544966 1.07363126956142 0.571662657036655 -4
361.055565 0.530841 478705784 0.483405245426325 0.998599574698228 0.360611674647886 -7
20.439762 0.519626 4203855458 1.3577930696504 0.803238773947601 0.842452264388326 -7
112.530238 0.55514 2768281651 0.925180944120782 1.24486922741076 0.214409137774402 -6
14.206535 0.525234 20028402 1.58505614683641 0.53021938662483 0.831058749858962 -4
0.122154 0.472897 144874462 0.756715923814863 1.65566237968445 0.914059739078608 -3
39.829928 0.530841 241393635 1.38234725056402 1.80087190472777 0.13268048013218 -5
2562.134604 0.534579 685261164 1.11914758670766 0.576076412614132 0.278549288430277 -9
11.988551 0.504673 3267737915 1.0302991456997 0.985017973561324 0.670083721332943 -4
47.957623 0.502804 1521873430 1.81339299977921 0.793195290747288 0.58823122553084 -6
0.043858 0.476636 938271486 1.81619656627078 0.203032015165684 0.675698690899338 0
6.890491 0.562617 485544591 1.73024601877102 1.98299229910553 0.37308164834003 -8
1031.908931 0.525234 994162692 1.4428387794332 0.529783369253161 0.397137001895147 -9
0.055005 0.485981 3170429446 0.236252820217112 1.99474527333957 0.659882173152314 -1
3.259710 0.480374 1499601503 1.34151887536083 0.865123825227812 0.961847968024934 -3
0.095360 0.48785 210100375 0.373346188205332 0.475634611103725 0.364355711772313 -1
452.748626 0.500935 645344979 0.856816926611084 0.657721692748751 0.263418346988367 -7
16.937856 0.472897 2046747067 1.61762124629852 0.715049821485759 0.912161110613455 -7
5.605192 0.499065 3355250775 1.58174400427165 0.900586527048108 0.928494709185491 -9
0.115118 0.523364 1343585050 0.351912668795333 1.84936083807818 0.585220955919047 -3
0.543355 0.497196 1188905536 1.1044888819428 0.282546593964557 0.839469728159667 -2
0.132851 0.519626 31520860 0.837985749260292 1.71351579002677 0.837112708680018 -3
1.404849 0.500935 2300999757 1.48260910236013 1.58023412840336 0.663923298539914 -3
4.164924 0.514019 2524545634 1.12718104800287 1.35580739414236 0.613196692198524 -9
3.205142 0.506542 4012010608 1.98697292521235 1.30980140868387 0.74734649661934 -5
8.849974 0.48785 2217825159 1.42325468393521 1.04650559991176 0.727785314621654 -8
406.315649 0.53271 343608835 0.856098518458877 0.526633637985412 0.25090100808142 -7
283.018786 0.504673 1181364372 1.90793367998816 0.709784587993879 0.391976268144442 -8
0.261010 0.497196 1438522047 1.27175159920181 1.36474259285248 0.120878756760804 -1
138.877095 0.534579 1245574938 1.75835811501544 0.49147769153674 0.451778305956415 -6
1.374555 0.499065 1345252183 1.30875257391707 0.845317967470243 0.831126077700401 -2
3231.740885 0.514019 228472194 0.526109178865394 0.442674278401624 0.126851557380884 -9
0.089035 0.48785 1726504036 1.32590907159934 1.05608131117118 0.59398388714144 0
1.754511 0.502804 2257529514 1.80992457105031 1.15102810113005 0.875565201031205 -3
15.456209 0.508411 353004274 0.850829607125551 0.209630425383943 0.289269911458232 -5
0.077667 0.482243 227884659 0.638480027192716 1.98787709023964 0.58214367518323 -5
1623.187765 0.495327 3058487569 0.869088955891494 0.429880054985196 0.784491146424361 -9
0.078772 0.51215 2301707 0.885768101178518 1.35988003518477 0.286428463938156 0
0.589205 0.491589 1101619746 1.75780566452638 1.29099767776556 0.962824327572006 -3
3.100176 0.519626 2208998231 0.869632674696615 1.15885606606796 0.706225857125005 -7
0.649103 0.527103 2992387780 0.205156966239924 1.54290116447044 0.348439301781126 -7
13.004836 0.525234 2281628736 1.13392000959465 1.69286831793793 0.186341941266947 -4
0.144454 0.506542 3013095597 0.430696213106709 1.80142805062679 0.50146479961022 0
14.210490 0.519626 1285158586 0.786484502230646 0.755323628260287 0.647224438310673 -4
95.054980 0.48785 1721415597 1.26655278134248 0.359704130116685 0.187308217255385 -6
0.097055 0.485981 1356299194 1.55893964275014 1.34696558689668 0.429636868193065 0
323.580285 0.521495 2894286417 0.676684249377068 0.790032049208622 0.607140626399385 -9
26.438214 0.48972 520705317 0.169572025968554 0.208118726678559 0.649983870694354 -6
22.413052 0.514019 3946119765 1.38031549227865 1.05278854850759 0.498145339587461 -7
0.741602 0.48972 2660588899 0.108238604288527 1.04539711141123 0.553787381401998 -2
29.791054 0.527103 2876132148 1.106539179834 1.31036196903474 0.323602968141584 -9
4082.336656 0.504673 387468782 0.821344716831757 0.44832104689438 0.432381715984496 -9
14.075209 0.499065 1518593162 1.03976700933943 0.760079607397606 0.584048018999881 -4
3.319157 0.497196 2479741368 0.956152772715199 1.48689110929478 0.640151476349364 -8
1.420791 0.514019 189253061 0.920310847907101 1.45036747376191 0.191581686242959 -2
0.267254 0.51215 1474226822 1.62669881015122 1.86114915395733 0.916579551634471 -6
0.985856 0.495327 1543051557 0.84083780284147 1.62905297508574 0.629962602443826 -7
1051.848588 0.480374 3566305286 1.78849649680139 0.13811143649021 0.239003346356983 -8
15.775895 0.497196 154235109 0.427783082390389 0.391764014827174 0.273321924353146 -5
0.403512 0.469159 3349282062 0.855985480563677 0.260189446710153 0.538295727419111 -2
1.537948 0.519626 942756208 1.21701935292573 1.05179596908622 0.946261236806537 -5
537.195624 0.53271 2240253259 0.965333343722625 1.04231952478376 0.080693041044885 -7
1608.506873 0.525234 999972074 1.6251711423581 1.04061096789197 0.0476913681156345 -8
13.389385 0.543925 4082927990 1.17572775714228 1.49250279765082 0.384685910097189 -6
13.912706 0.538318 2858019376 1.98192768334039 0.770301879096033 0.370057319579642 -4
0.739232 0.508411 3175929226 0.314697774931534 1.4923124425655 0.65226938159925 -2
164.813546 0.517757 2019743237 1.32454743356482 0.745896361083055 0.504569121129075 -9
0.234574 0.519626 1729328407 1.90728055376155 1.66015575334146 0.978917353659827 -4
0.297909 0.502804 2755480224 1.0634623542082 1.90629431925932 0.711720534488436 -6
0.135871 0.508411 4097388096 0.685002124765014 1.59068395363669 0.876402070376294 -9
0.181993 0.500935 783055582 0.207479871330018 1.99792507003039 0.10472713461952 0
974.924717 0.506542 3254948871 1.54866818969678 0.118723170364159 0.507022832664853 -8
0.370769 0.502804 2940996085 1.78854528877818 0.944878484728659 0.621552409582086 -1
7.554366 0.502804 753768794 1.15886325678579 1.49545544906405 0.376938932342087 -5
0.267346 0.515888 1805451615 0.349367264906929 1.37330735470183 0.2789151283236 -1
4.336880 0.502804 2485315688 1.74983377545774 0.788309161823683 0.570120176157079 -3
185.809562 0.499065 1089159023 0.552423809161736 0.276316187523204 0.11908333528478 -7
3.683888 0.502804 2323900030 1.90608327285835 1.0241236270809 0.152934225848307 -3
71.488470 0.482243 132057421 0.335956098335837 0.968344613034725 0.747359940082645 -8
3.842686 0.497196 1943569506 0.606534838856814 1.487633229397 0.0525833396745377 -3
0.719239 0.514019 2181054169 1.28152225605307 1.77522154668374 0.644951979907812 -7
0.740288 0.499065 3680339865 1.62851864995922 1.56417179603508 0.690483960243941 -2
0.792079 0.499065 3711321707 1.36852308278172 1.53760922636438 0.828390241647733 -9
7.882693 0.502804 1441982714 1.61311956631148 1.87672845592972 0.514250952840638 -8
0.288365 0.502804 2396031555 0.973826567434049 1.77147420772456 0.592828040122606 -1
5.397321 0.469159 1107386737 1.92457217972167 1.21309167538394 0.749204157822909 -8
0.208804 0.514019 3944597598 0.229207855356251 1.62951537164942 0.382397558195682 0
0.267210 0.476636 4256631495 0.489418034381194 0.268798633579443 0.232258280042268 -2
998.067335 0.51028 1207212880 1.27578619126341 0.542146966382282 0.386339263894671 -8
0.070424 0.497196 3344922739 0.97604208571476 1.14596256973599 0.307687997607639 0
506.503553 0.525234 2439068718 0.552980199424239 0.885677675493969 0.224844529055982 -7
0.145639 0.48972 1695944501 1.8719828065386 1.34678120250589 0.795578531693834 0
0.120241 0.485981 3807202571 0.829717707150315 1.92874467166145 0.723463683378505 -6
1.496781 0.515888 2960573451 1.23506269345677 1.78363479093955 0.509777778468571 -4
0.020745 0.502804 1809797856 0.227726161394353 0.44585458496677 0.109531347148659 0
0.025136 0.506542 2798855739 0.53491327017517 0.295162875107995 0.902859463587235 0
0.544000 0.53271 301183247 1.50069453201236 1.95905128317712 0.628347995273425 -4
236.326974 0.48972 232600751 1.16387102816298 0.109564203218288 0.630987639079605 -7
0.444834 0.515888 1435303479 0.618937438994298 1.47527333021715 0.550831314633078 -1
290.914742 0.495327 101319986 0.980498088841184 0.532594820807849 0.771641201827775 -7
28.142974 0.506542 1709721067 1.26690708471788 1.92788195779422 0.218013026140343 -8
1.381326 0.48972 678432675 0.455133715227884 1.85834476635354 0.251912972209476 -2
0.656115 0.514019 1370950586 0.190488416030324 1.40613335388784 0.151106452267686 -1
44.635943 0.523364 3175982428 1.5149101447201 1.10585428638149 0.224541230856017 -5
0.746022 0.493458 1405772221 0.232477784712632 0.166037040563859 0.468907220179471 -3
2.915305 0.508411 844020941 1.13556855844171 1.97398595191358 0.222962470849079 -3
102.820248 0.48785 1631051892 0.167985218631126 1.26008508232472 0.147014099980687 -6
355.983026 0.48785 2429555891 0.499188346337283 0.480699526836581 0.495492482055565 -7
0.898885 0.525234 889573665 1.09671525963094 0.801754834956452 0.435769086968975 -2
0.056134 0.472897 56667704 0.730595170941376 1.21098190752976 0.212248743674727 0
2.490551 0.499065 2988781455 0.966171167976118 1.79348091358341 0.415915446151665 -7
15.067034 0.493458 2239914906 1.24074067650314 1.24016492183701 0.246620460446797 -4
2628.959215 0.508411 1129599559 1.08879213689109 0.393960027391782 0.542759546664554 -9
0.078682 0.508411 3896169970 0.742749033895762 1.82621924421946 0.775973437347337 -3
0.650743 0.482243 2893161660 0.876873004508074 0.882195297232693 0.14109692310413 -2
134.686384 0.502804 1067729645 1.96560285549058 0.675843152674297 0.293845346966522 -6
9.314259 0.51028 1190942269 1.35183079427523 1.19160464106588 0.0243251101599683 -4
3.997770 0.482243 1172797435 0.971593357925417 1.78477032175603 0.318142803147574 -7
3.347913 0.51028 2793975900 1.38897225863015 1.23781078095491 0.742015406309017 -8
266.207891 0.484112 3557525677 1.48668699444692 0.232701314785889 0.106795013833583 -7
0.143368 0.515888 2064245041 1.33538144449351 1.44839839407482 0.600752831708493 0
16.314035 0.515888 2522998851 1.97786312225659 1.67761890708546 0.323949645446908 -6
1386.254292 0.495327 469123998 1.1868861428873 1.92196689894316 0.0132781547991056 -8
0.286103 0.504673 3040481882 0.358254614040098 0.742977840820383 0.086114890500396 -2
0.030537 0.500935 214108491 1.33027692873271 1.09722533683536 0.0108779715053206 0
10.482166 0.493458 664394644 0.469575666609682 1.02436508079009 0.81865758951463 -8
0.050186 0.491589 532907894 1.249042340632 0.800668777095376 0.323568430294395 0
2147.115548 0.515888 3646333214 0.581848403339276 0.259707109249563 0.108760617690424 -9
56.257484 0.517757 982710236 0.654848594189213 0.763543643802487 0.851905305730893 -7
2.093530 0.500935 3254688635 0.862842210822015 1.00895626659901 0.921323606160792 -9
3.685059 0.51028 2772932002 0.24283206617445 1.3553523300053 0.513227732538403 -5
216.595531 0.502804 194821532 1.70391709392987 0.37541861352734 0.919359427021592 -7
4907.768855 0.502804 3736527671 0.376487630586281 1.07206543448379 0.0338050215551764 -9
771.252337 0.540187 1108124983 0.245114677205038 0.771491258945515 0.800194730715089 -8
4.287125 0.502804 220246840 1.68752577141706 0.642502924750346 0.776705588345407 -3
0.207719 0.48785 1128905356 1.12036782426287 0.786557566795567 0.343226183715633 -1
16.641956 0.51028 619022219 0.927536240675813 0.176013498750788 0.633244134602868 -5
2.342203 0.527103 1307290467 1.34360219063587 1.45414412357132 0.594114913841681 -3
0.137415 0.478505 1126799080 1.63163587397336 0.268624386476279 0.563587831858625 -1
0.496650 0.469159 4274130865 1.17828036923862 0.339173817136718 0.304120029893383 -2
0.043180 0.48785 3767987652 0.649493019724413 1.21325180144704 0.0695143663795475 0
0.038385 0.48972 904617354 0.276591631383223 0.374254846177679 0.0317779416899471 -1
2511.271961 0.534579 4172535023 0.166210881771267 1.02235522077884 0.469414313519331 -9
2.105597 0.519626 3524646892 1.44001761002492 0.466425948373454 0.287327565956002 -3
0.195512 0.499065 2398781600 1.77451691898385 1.96858664129319 0.842417419158758 -7
0.209212 0.482243 4242701014 0.840406615667717 1.87263360412339 0.748162362881179 -2
11.618693 0.491589 2943307226 0.770545289140732 1.18052892788219 0.524996975246906 -4
0.273374 0.525234 3658977379 0.549966619109503 1.70344744141506 0.656158507552135 -2
165.940411 0.48972 2382120400 0.428214168145884 0.296535339088891 0.229568585830031 -7
1.568355 0.525234 455412124 1.15973927895654 1.56012553616967 0.674984359831218 -5
1.071804 0.499065 3229693380 1.86178961938576 1.87997528361427 0.410449229329835 -2
0.088083 0.497196 2072021100 0.319144735586903 1.54012177115073 0.86743975563102 -8
0.061839 0.517757 1310202168 0.412692531781495 1.83385933021155 0.728079632207847 -7
0.101537 0.502804 3463379946 1.60408923699253 1.86048288527189 0.819504501909016 0
441.962134 0.499065 3257889564 0.594944988840818 0.621859462178997 0.43763757852763 -7
0.044604 0.480374 347947871 1.31790500567971 0.447313313889815 0.649093817081518 0
110.330145 0.506542 260895030 1.70386727476445 1.806158536412 0.11308188930153 -8
3.899019 0.517757 2227166546 1.64804409955756 1.32259138941822 0.443524317931153 -3
0.490675 0.514019 1234787262 0.934726567411586 1.95035587572539 0.412266414883698 -2
0.603896 0.461682 132605064 0.641975363494188 0.587100940348806 0.570387513457096 -2
3560.548671 0.502804 2640838604 0.572003211679255 0.607823891907029 0.423050493046085 -9
0.101991 0.493458 3329155646 1.32813591197037 1.35009779551512 0.461908625492271 0
36.734897 0.502804 1579310239 1.39578031060012 0.722453605713485 0.664306934749147 -5
0.458642 0.493458 4172869724 1.09206592701023 1.19256116918532 0.662936915286733 -1
0.849092 0.499065 4064245675 0.70947721521352 1.20964489876879 0.189390708993969 -2
22.383323 0.48972 3438237709 0.624007899318758 0.371485371319695 0.477469554631462 -5
1.776249 0.515888 370490002 1.02273733801437 0.260690301077233 0.872981107517525 -3
0.097652 0.499065 396891232 1.58227878430577 0.777647756078907 0.948054439471776 0
0.604046 0.515888 2862038366 1.02474555853464 1.52336908661107 0.805247279467803 -5
2.201032 0.504673 1335624306 1.96662588842609 1.04864429041896 0.856548203334587 -3
0.064156 0.474766 2124350582 1.85659033336207 0.855611418184174 0.480011635570498 0
3.858999 0.517757 2603787892 1.76755464501549 1.61271459335871 0.0535240472687245 -3
4.838216 0.482243 1686414144 0.336500466650876 1.02751025157245 0.755997730674015 -3
1.193581 0.525234 1285818290 0.651268782552267 1.49698376525596 0.70712986237253 -7
12.500423 0.515888 2713797502 1.80887634092902 0.95975167759205 0.772348842934469 -9
587.103867 0.525234 3338523690 1.15539073202395 0.976228795178041 0.230390480357959 -9
0.425868 0.51028 3704251534 0.777000251756847 1.53370234959631 0.191390577277432 -1
23.843444 0.499065 2097212085 1.608032463829 0.865132803202773 0.688828746975395 -9
4943.405574 0.525234 89651278 0.840150333541719 0.689935612602267 0.0530854301481282 -9
0.435766 0.495327 250864277 1.94206428839307 1.66822084323583 0.597848472498402 -1
0.496208 0.51215 1250822889 1.68855740756333 1.44789591900779 0.946789361936796 -7
328.691195 0.517757 1646620720 0.757581498429522 0.697276460680372 0.0315781728426358 -7
3.192257 0.515888 1162784385 0.1142339270144 1.52969408461024 0.296770032840947 -5
0.124074 0.478505 3642417865 0.588596074523999 0.646018668044915 0.29181787426812 -1
1.907425 0.48972 2149597535 0.972169037611475 0.455693907387516 0.238483467301227 -3
1094.266936 0.523364 3018188159 0.754883019472589 1.07617447032538 0.157362113989127 -8
6.209590 0.504673 2238986728 0.87472361608042 0.398593640252591 0.372830521522607 -4
136.722513 0.51028 1935475927 1.12668823055336 0.617812540747234 0.77029062839086 -8
0.204108 0.530841 1788295898 0.422273992571412 1.63612377774227 0.265526637967619 0
24.609444 0.471028 877739440 0.298657162660959 0.519909116203691 0.816824079927171 -5
1.925549 0.51215 892872064 0.765242906808031 1.43027558535128 0.668317980083362 -6
85.767030 0.476636 1613509072 1.95987087898387 0.604597650475885 0.736035533148526 -7
6.475438 0.485981 3864635330 0.656621091525183 0.38314276897253 0.758064149898978 -4
0.134167 0.491589 1748422281 1.15927842965416 1.48040923207097 0.640089249684439 0
69.404197 0.515888 3587005883 0.989922720500526 0.87600165065453 0.628682300505348 -9
29.845563 0.562617 3924458141 1.5000918425493 1.75604124226407 0.154746731379592 -5
69.784404 0.517757 3041532286 0.225232802234087 1.28917318563686 0.169609564803691 -6
0.067181 0.474766 3441211738 1.5528623541757 0.966797197680024 0.388635800157859 0
0.147488 0.508411 700148961 0.185594444080764 1.72550312437469 0.682790331284818 -7
12.115402 0.530841 1553140148 1.95498385231387 0.580821190500886 0.394221862563455 -4
44.851101 0.51028 953978507 0.657448755390392 0.11996459201321 0.768232006975735 -6
11.926480 0.523364 3104685645 1.96427184585459 1.39160580813505 0.512551366303428 -9
34.192866 0.525234 2763098254 0.752180001960066 1.11193032652296 0.465897517065326 -5
15.662352 0.530841 124128718 0.556043621005997 1.12698288293404 0.627655815490716 -5
9.492811 0.534579 3659592558 0.681033467853411 1.48507978545703 0.259114900095832 -4
5.516827 0.497196 4288840221 0.59677758680126 1.21291189129277 0.705010570661975 -7
0.438541 0.463551 3177514455 0.662763324391481 0.44269930004096 0.351783966981842 -2
30.238310 0.480374 2384054937 1.69295715658637 0.222861290219372 0.791636019019415 -5
3.239028 0.508411 3023813635 1.32233264986997 0.783301424056358 0.338447101493523 -3
5.859929 0.51028 2938750796 1.70110685591792 1.42043354821039 0.48330955972085 -4
3.497339 0.500935 4200864142 1.24982758730744 1.2730325937292 0.6827658892158 -4
16.562971 0.508411 2648698631 0.294305691050479 1.06411509601733 0.846925208417186 -8
0.127654 0.536449 4260385511 0.371462471279234 1.97725618358366 0.456107371370201 -5
123.405963 0.508411 1079514002 1.6116151559432 1.68863789164053 0.0732934846115616 -6
4.417317 0.521495 3981213385 1.13914259864177 1.71399101197246 0.2637933292611 -3
473.888996 0.51215 4027862039 1.26988659946546 0.707419762636253 0.197617604789364 -7
43.310706 0.51028 996562941 0.77151616170192 0.726553318744666 0.752103114483063 -5
1.882911 0.51215 2829407812 1.39231501823116 0.394906157572935 0.131512863643341 -3
0.389897 0.469159 3794455378 0.177786706136105 1.04179320626193 0.884345149401025 -1
4.827196 0.48785 2091960680 1.60488368424134 0.106366407222565 0.381754445093018 -4
0.519422 0.51215 1345240481 0.965772319713882 1.58373450372398 0.759224331790011 -8
0.155881 0.502804 1901244786 0.470496360264826 1.7758030648231 0.0769447641726511 0
98.601889 0.521495 226615294 1.57778760163063 1.6502199835144 0.129332186896118 -6
1225.156106 0.51028 2637058759 0.871121199636658 0.300113363497836 0.533984800236928 -8
0.218602 0.538318 2318117067 0.311889306004066 1.63233182702765 0.511873719555488 -4
0.025315 0.480374 1607367175 0.21067277090388 1.66949729766777 0.991614741308632 0
0.636046 0.515888 2663443162 0.971866396839259 1.76290020618815 0.527719528382977 -3
0.094673 0.504673 2145268902 1.89563599149845 0.140337304042718 0.118357618767501 -1
0.030335 0.504673 1285315399 1.84707009551685 0.721330815622522 0.0585338534172476 0
2.534436 0.517757 4216119042 1.25658809836691 1.66737998652733 0.486955470954482 -9
0.319520 0.519626 2936063072 0.952769345609134 1.2972751591958 0.965078837984001 -1
0.287939 0.515888 2852041697 1.8018021272366 1.91703079812776 0.906830933640618 -7
0.024291 0.506542 1540245773 0.86318196357874 0.125335363372577 0.552832394914066 0
1.282309 0.476636 1599337140 1.74401771594793 1.27292806169504 0.840238014684774 -7
0.070199 0.485981 4170127611 0.842671587664533 1.94703825861408 0.883781676628067 -2
10.560439 0.51028 2032888960 0.713242391032614 1.31869318009107 0.426584169579423 -4
7.373558 0.491589 3820800430 1.42581538100948 1.33473143877204 0.445666257974388 -4
0.266115 0.521495 2062069741 0.162098840467331 1.74085935511314 0.472911653958717 -1
0.394442 0.482243 1002324170 1.21413728883514 0.124846977190356 0.522044750082148 -2
11.592068 0.484112 101786053 0.785761019282708 1.33746160326292 0.0367194885180509 -4
0.260618 0.519626 3583335040 0.846266493217474 1.95514644697543 0.348345672865915 -7
330.262816 0.514019 1518144087 1.41592427845715 0.644626325195891 0.470188231169349 -9
264.276139 0.502804 3688109251 0.459120552768676 0.382103861646147 0.490538023193865 -7
64.612838 0.519626 927824464 1.0075320512753 0.904729154437136 0.552438110631286 -9
2.400368 0.485981 2381405365 0.390427558279658 1.37050112112446 0.684219085106122 -5
1086.177601 0.51215 4209497934 0.418133975080786 0.395295279699407 0.668706935028666 -8
46.729080 0.53271 4175229845 1.07749147912796 1.39760351677743 0.272766637844977 -7
481.559213 0.523364 1165024077 1.2827776701029 0.717796903889437 0.162277548450168 -7
4404.369196 0.502804 3880513066 0.283569719005682 0.798950817971811 0.253739826833722 -9
3.771094 0.506542 2188213364 1.61223874078702 1.20985797163842 0.676615467788695 -4
23.854797 0.491589 2596250257 0.131571743272245 0.201842431351895 0.432937572115812 -6
34.277051 0.491589 3488770314 1.28917090880831 0.793106765942609 0.721495691563525 -8
1.913889 0.508411 3428968300 0.245002483986503 1.84601309280181 0.125435498141065 -2
1010.293132 0.48785 2698546422 0.305410530698475 0.802022443249918 0.647903531798499 -9
0.441143 0.504673 3617678669 1.48816407242306 1.87878852080299 0.692521978160635 -2
1.904886 0.474766 1321766013 0.974197096765269 0.856602045078567 0.0421876794054531 -3
0.033266 0.491589 558610614 0.661594292627349 0.534178428647911 0.682740995867467 0
246.734928 0.514019 1672082386 0.363473651734381 0.743529993003604 0.840324572897122 -7
42.587610 0.519626 2020554159 0.544559993314287 1.56190726172092 0.144224136293947 -5
0.274831 0.485981 303185125 0.530708421293437 1.85676254259729 0.518221499628727 -6
0.339108 0.515888 3159405130 1.88413853916504 0.863300994807159 0.694156127353485 -1
42.893355 0.515888 2814254315 0.795831272467785 0.919045140659308 0.22374171814247 -5
0.192681 0.478505 1927158392 0.910010226326743 1.0162412931405 0.179567962787727 -1
23.362744 0.527103 3908166813 1.96690597950776 1.66086109882265 0.320578249564151 -9
3810.913190 0.493458 1050388606 1.50554943066972 0.231066309651422 0.591688746656131 -9
0.074867 0.500935 3474411557 0.133061610717089 1.97266546537122 0.593233845376131 -7
0.156051 0.478505 3456413983 1.38914210110703 0.97334035962582 0.0638120088796166 -1
0.793801 0.491589 807185166 1.5609836954022 1.26998844585504 0.966182998265849 -5
91.676232 0.502804 3716551965 1.35487205403091 0.217832682735568 0.510044350725014 -6
95.115016 0.515888 1885397427 1.47491817387198 1.919098191839 0.118797722124131 -7
0.567978 0.48972 2551133363 0.388808368670844 0.160838471151902 0.0894038884920275 -3
800.944157 0.485981 899158572 0.965668477167864 0.363393245871031 0.960812186642487 -8
0.089499 0.495327 793807647 0.316091026927991 1.71514331120249 0.716523073039428 -1
845.651756 0.485981 1565402384 1.56146842695373 0.167550399505804 0.110982151333632 -8
53.725045 0.521495 225442947 0.744851784990582 0.143475154783118 0.756685072162202 -6
0.238661 0.542056 3498970226 0.602890989745495 1.3576841899697 0.90416350317444 -5
0.896090 0.506542 382384547 0.855722107785028 0.852205905485002 0.429085012206371 -2
0.665035 0.485981 1037722695 0.895105263409891 1.78137972980313 0.519290061445557 -7
0.092217 0.48785 1500948899 0.3402698410674 0.367357673148552 0.5380569846832 -1
4.464035 0.500935 3237316756 0.263821417612322 1.74144103256603 0.152674172716886 -5
4819.697501 0.538318 4016903673 0.618171139709984 0.749636719304638 0.177544833019512 -9
0.088939 0.523364 4802390 0.21616565364331 1.97155246644259 0.517684478303165 -9
37.307727 0.515888 1005565668 1.86126401448759 0.574261084714215 0.969319343955832 -6
0.023331 0.51028 164513642 1.90450459280331 0.520781436331042 0.0331735958888543 0
30.348043 0.515888 328746198 1.7228447034183 1.40476585896729 0.24035657747908 -5
0.036520 0.478505 2755340466 0.409890846275595 1.59695586375451 0.979034316396557 -3
8.508115 0.521495 698513353 1.41265791746335 1.62776302085213 0.33939167855152 -5
55.051864 0.517757 3336286801 0.602328863166789 1.38643050267886 0.13795627654819 -5
73.973010 0.499065 2732755414 0.57199685414085 0.787800746955727 0.806949623272704 -9
1880.923000 0.493458 1311374200 0.597462497144903 0.419611598073443 0.937835926943118 -9
4.986945 0.528972 3772382568 1.68916871635795 1.96801005470631 0.0671289614861053 -3
14.758519 0.523364 2200334210 1.41356307585441 1.38783986280069 0.219360974852476 -4
0.359565 0.482243 4110232369 1.25329631751629 0.803144614819038 0.853076727217185 -1
2015.763541 0.51028 2936125408 1.03884910103811 0.837837217170535 0.1880463403039 -9
0.801097 0.472897 3748372274 0.87401619769523 0.686912536855601 0.581442297704588 -2
0.501644 0.51028 3962233520 1.54719605104553 1.87490320424556 0.649442023405878 -2
