54.89428 4279355888 1 1.77627395559474 0.990951791851723 0.437358103586462 -11
54.83226 788862545 1 1.34926773574647 1.15548609883809 0.651724344351337 -17
54.7079 2196136152 1 1.48787201909067 1.16409130168022 0.313391223603579 -12
54.67692 2392735056 1 0.131145193894329 0.821847887901797 0.49624375251946 -7
54.64578 2541668009 4 1.03600127790691 1.51187467755079 0.472942828074838 -16
54.63006 1849383673 2 1.82212651229338 1.89599641978807 0.599937899244585 -15
54.56818 2175330649 1 1.43521663255963 0.771293987078758 0.45327502272092 -4
54.568 3915692681 2 1.07171681441615 0.836465687467396 0.665356393393378 -13
54.5527 2209507921 1 1.8014359598882 0.709509811989082 0.465112715258716 -8
54.5368 3424337901 5 0.198641567242094 0.531702372425885 0.457912176895883 -16
54.49026 1888801263 5 0.50188059542816 0.927794725481096 0.429571677624421 -12
54.44368 4276236239 4 1.51162167473709 1.25041983776633 0.681561887011694 -16
54.41282 1465173578 1 0.904222348983364 0.719570913511076 0.504843815370768 -5
54.38192 2454525080 4 1.60763072110844 1.86672399243051 0.788359090968151 -18
54.38182 171319832 2 0.554756450369812 0.810786563658781 0.661720496857173 -16
54.33498 2661890760 5 1.18278994789176 1.48428427651198 0.407759273898103 -16
54.31944 3771879158 2 0.783044475394813 0.3178863112107 0.274364862604215 -7
54.30384 1621684104 3 1.30873972177418 1.19734848747161 0.51116600454062 -13
54.2572 1719421417 5 0.809705887358974 0.585758138805235 0.51789934234526 -13
54.22612 2605973644 1 0.682684558365611 0.708465927512395 0.423361046969971 -12
54.21084 3787740087 1 0.152008627992118 0.676262235885434 0.451236558275407 0
54.2107 2273290185 1 0.312102842209433 0.53347421601792 0.420982945356036 -2
54.19488 4284228964 4 1.05784090901787 0.55754603777265 0.552636406097093 -12
54.1642 414230511 2 0.601089972056223 0.469892669592878 0.732723654504881 -14
54.16404 110186832 2 0.283457853058349 0.385371458683675 0.511776164866542 -1
54.1486 2189500949 2 1.9996416189607 1.02844829803906 0.352361914556707 -11
54.14846 2302037390 5 1.26254032838557 1.3797220585149 0.801241772837607 -16
54.10214 881540417 2 0.857037549483992 1.79998786370813 0.930460880942184 -17
54.10208 3206340832 1 1.16631919622091 0.762810555967638 0.685981191961993 -16
54.08654 692563124 5 1.10753876128886 0.451861000100899 0.730974751649329 -15
54.0865 2981592502 1 1.26144413494139 0.510353240195801 0.617934627293236 -9
54.05556 3211978412 2 1.47261240074073 1.96014411935174 0.753335288945808 -19
54.05554 4284472998 2 1.624132558861 1.55144313875984 0.74901784822011 -17
54.02434 311437589 1 0.716856702406336 0.733235273895368 0.336634954304778 3
54.02432 1936922431 2 0.918516081978611 0.80996906168488 0.284535948597161 -8
53.97774 3154229240 4 1.66054862341018 0.994341754959045 0.819443464713812 -19
53.9775 4196081825 4 1.16108896386939 0.155676697518886 0.559494275538156 -14
53.94678 1218606923 1 1.85686157177054 1.76369031939985 0.588553672169666 -14
53.94668 2933687960 2 0.594388211811178 0.41629843159487 0.772012542874772 -16
53.94644 2897091780 2 0.26116773929248 0.879998980520279 0.518956274563036 8
53.93112 210939637 3 0.74263699159947 0.790576339932009 0.916177636279321 -19
53.9311 2900466587 2 0.142748258165335 0.558025620268991 0.847297617717146 -19
53.9154 2968885736 2 0.788247055150423 1.57611686394322 0.526656295725308 -11
53.86896 3135790364 1 1.23909293751954 0.388507658733734 0.838329204494636 -9
53.86884 4156820851 3 1.85637938917092 1.24385167942852 0.838004236131548 -15
53.85304 2812941513 3 0.177547702848979 0.821078382860367 0.504949569270774 -19
53.83796 4033367193 5 0.666282649981434 0.746009236311693 0.892606072339298 -18
53.82242 3329496739 2 1.24020302876774 0.850919683880727 0.862726166119047 -17
53.82218 312648968 2 1.55614901073825 0.999674206365778 0.435347553913456 -5
53.8069 644406985 3 0.382968785995126 0.677229029813403 0.660324210659476 -11
53.79138 826000603 5 1.29943763244306 1.78575705079334 0.405631205020556 -13
53.77578 652487094 1 1.84287925848173 0.848908269980039 0.840231767356943 -11
53.7292 1462701135 2 1.54614428610542 0.566809273665473 0.186873967263569 3
53.72918 1386439352 1 0.455895957310494 0.432847055285177 0.881268625125338 -6
53.71394 1299425917 3 1.44808731404663 1.81228312558877 0.69839560443737 -18
53.71356 3402350437 1 1.30381762864435 1.0581931956323 0.630859610970755 -4
53.71354 4242156794 5 1.67430051423446 1.90566303392316 0.714045532445412 -15
53.71344 2960414208 5 0.914486725726149 0.556783487415377 0.1928485429519 -12
53.69796 2376336429 5 0.821943378530982 1.67306570706395 0.450430863228549 -15
53.66704 4097381124 4 1.09811442789368 0.610618258921075 0.823219956904041 -14
53.66704 2631478886 2 1.71286299129403 1.06419498529561 0.625905230273018 -10
53.66688 3662400146 3 0.836522746493067 0.307630699830115 0.49761384361374 -7
53.66684 3260804295 5 1.48531724598191 0.796849894257971 0.315524011358682 -17
53.65158 1418824929 1 1.19178416515321 1.14017011924336 0.872724817835975 -19
53.65156 3609294817 3 0.429162655159282 0.505909546617504 0.975713242261598 -15
53.63576 2962516641 3 0.858801529704562 0.173157965665926 0.181691905218522 2
53.60488 1255819967 2 1.17084092355204 0.256175308686591 0.552002245309941 1
53.5737 3260594228 1 1.88114974110067 0.342886859164948 0.711374718488181 -13
53.5582 28803913 1 0.974664724954273 0.211223356080475 0.841320611557191 -7
53.54254 1050170416 2 0.260696977110799 1.10114784021772 0.479926394556894 -7
53.54244 1694544125 3 1.52337359505067 0.697587603667146 0.248308059964864 -16
53.52722 281911053 1 0.130156350460344 0.344951985005756 0.999254216376669 -5
53.52696 2932454570 4 0.856706599142922 0.548606022575274 0.438862577872284 -7
53.52674 1751021826 3 0.274833682836136 0.768430411132341 0.16776259767455 -4
53.51162 601629492 4 0.880210263068454 1.32837188915007 0.303188662044034 -13
53.49604 1137392599 4 1.12874352311277 0.224578799554622 0.721229710313183 -15
53.4806 2127971204 4 0.971279462719013 1.91530919420551 0.707479807280081 -19
53.4805 1853153855 1 1.83857215433689 0.876479971669056 0.796858254089012 -8
53.4804 1726684870 4 1.83265898815653 1.69330263443021 0.25009217782683 -12
53.4801 4235534121 4 1.59628725450021 0.454564284940849 0.418146402312583 -16
53.4653 832323761 2 0.380508739002254 1.22067159404879 0.974703366953998 -17
53.46506 1780092482 3 1.6044999327353 1.95359853443076 0.772611076151934 -13
53.46484 108298800 4 0.864723499944078 0.661881645985562 0.24539150257834 -9
53.46458 3579194404 5 1.83566667265901 0.236132787559763 0.360568625085971 -17
53.44964 1084370801 2 1.01414911185961 0.250916284804648 0.770639542125165 -9
53.43358 3225004676 2 1.82386556369659 1.43450218069867 0.241352135511478 -13
53.41832 716468743 5 1.3308019874835 0.64909090436692 0.849165277684533 -15
53.41812 2894721580 5 0.439607589397719 0.147474183254381 0.842259993003216 -19
53.40286 3347186924 5 1.4138672144156 0.38569427558475 0.273858612751716 -13
53.38722 4080026321 2 1.03807253502724 0.588552964806546 0.146802896289363 5
53.35646 2343752267 2 1.07878634452588 0.191786468722083 0.639463083222914 0
53.35618 1334745569 5 0.654369832045344 1.90678723661629 0.96962832940365 -16
53.32528 4174789964 1 1.44744475731034 0.345617424048594 0.909514780173061 0
53.3251 1225657831 2 1.89641120947161 0.748504857697914 0.458447564903858 -5
53.32488 2167397535 5 1.13215918395613 0.402991235971149 0.221335051545223 -16
53.27894 405326190 2 0.124034167964137 1.24074888612402 0.500734229887802 -7
53.24728 383891395 1 1.47183364829196 1.28937883029416 0.833881295482324 -9
53.24728 2652960294 4 1.89429305926321 1.16177852128565 0.922839663075784 -15
53.24722 2056600853 5 0.324343647666059 1.38899042521403 0.377213076647093 -14
53.23178 3869680251 3 1.86053972012553 0.627382771744894 0.0770330670640939 -11
53.20104 224118122 3 0.237532319648398 1.21648467522752 0.669047302490789 -12
53.20074 2539642507 3 1.09503304090173 0.377482477142925 0.223639899488147 -17
53.20064 3001362081 4 1.61694454441037 0.424696058026056 0.455842212118835 -7
53.20032 6527907 4 0.992078561522078 0.194778040463722 0.392604655596128 -17
53.16928 1754450951 5 1.29179275217009 0.145857314362845 0.453306029431433 -18
53.15414 1550028848 3 1.59652007452354 0.472614970693447 0.255432143245881 -18
53.13858 2197900890 4 0.695564196317795 0.358516671800311 0.420304345958396 -7
53.13854 1725001653 3 1.35190782202995 0.225920425045022 0.373711744981526 -5
53.0921 1422112061 1 1.30137938932105 0.894449567389196 0.646103431787653 7
53.09198 3986770473 1 0.157619097390228 0.578860335216477 0.867585415121928 -17
53.07662 4218592588 2 0.254628528845739 0.272364228206963 0.878294455387984 -15
53.07628 156067953 3 0.970187431585386 1.10652025402915 0.249436640982179 -17
53.06102 412683472 4 1.49780824142651 1.36025839379776 0.220140484887397 -11
53.06098 4154964708 2 1.22736912671524 1.61690526735729 0.325312907212478 -16
52.99896 2029025023 3 0.331999591045303 0.190610690984176 0.853567639310921 -5
52.98318 1189454592 5 0.51218184466505 0.661056787505089 0.646463943237953 -10
52.96782 3255370149 2 1.75620621137029 1.0404206611648 0.0787886695569834 -8
52.9676 1615826760 3 0.947315454115294 0.806352276563671 0.482684126688489 -5
52.96752 336702659 2 1.74231344661859 1.6847563079517 0.927972574926051 -8
52.95276 924102847 2 1.84035030035236 1.70696459911804 0.782084255148003 -14
52.95222 4148104378 3 1.4701933921272 1.39577190295076 0.401647266186525 -19
52.90542 64137556 5 0.128315353556567 0.904731264203136 0.264283508247104 -10
52.9054 2762534172 2 1.05390344940652 1.28033150878537 0.442877352007534 -8
52.90532 1061794891 3 0.54687085835902 1.1299956824508 0.229819548872871 -3
52.87466 3571222847 5 1.2603379937903 1.46695724981725 0.420922567760341 -8
52.8745 2791794774 2 1.05838145480633 1.07617658874914 0.757345066198215 -8
52.85924 1890120905 1 0.29517446817208 1.01058179034571 0.915030800844645 -10
52.85896 3079598223 5 0.991238282702214 0.288415060868748 0.229461909250881 -6
52.8589 2037934779 2 0.896869409273619 0.630859697439322 0.135156632354079 7
52.84324 3735473970 3 0.642533103370182 0.670976731371515 0.153535873870346 -17
52.8279 3346093657 4 0.599251303102868 1.47586686776738 0.603082748800717 -16
52.8127 896182628 5 1.58909401719859 0.342009793081296 0.905138059617816 -14
52.81256 395779658 3 0.884095253626282 0.762452235710059 0.80772472956643 -11
52.8123 2432849779 5 0.563484569474424 0.109719675038021 0.472779329184574 4
52.81212 1540315506 4 1.99188918671242 0.364993551531153 0.678312044082369 7
52.79664 277619273 3 1.84832009320784 0.596107995129359 0.136243427181974 -8
52.79658 228502094 5 0.182262851476916 1.12888881819232 0.372205901883288 -12
52.78142 1332267194 3 1.02428660470461 1.09696329001239 0.0822160229606684 -9
52.76572 3131726473 1 0.850391891080732 1.0965818765032 0.610089838877964 9
52.7656 3901484500 4 0.139727153783804 1.55451157471321 0.613353298622469 -19
52.73464 1875021109 4 1.80699614257631 0.551192194572343 0.344509131451234 -9
52.73452 2842532293 3 1.92590133571796 1.15036878433714 0.362857782426615 1
52.7194 3998175619 1 1.45400878935505 1.86112970845896 0.67006214084875 -13
52.70354 1782331888 3 0.528595076223236 0.368188216275566 0.0933741563769417 -11
52.68822 4249768107 2 1.23765276804737 0.323495098630584 0.682477872802746 2
52.68808 3667456870 3 1.79948381056293 1.24136919291583 0.216560481060441 -17
52.67248 3220865771 1 1.72387957382785 0.14820214765342 0.882259118369861 -16
52.67244 3409566562 1 1.42975642563905 0.202102673464276 0.0467575225317944 3
52.67226 1415512771 2 0.880029183899539 1.28279513147178 0.195632188974799 2
52.67198 187054157 1 0.192137319743149 0.593415421231324 0.381981394309495 -10
52.65704 26809440 3 0.51441443656139 1.9131426385026 0.509607464092097 -3
52.6569 150817642 4 1.80831609340406 0.848212597387943 0.440388302973124 -10
52.65686 2341054851 3 1.15429865629875 0.595092158224757 0.477602387033173 -2
52.6568 2950254241 2 0.501707208444229 0.887516953708621 0.203524357266136 -1
52.64136 3327568580 1 1.27706773717651 1.40624493055724 0.358701509534309 -19
52.6413 2744242324 1 1.03704281443189 0.315475709429729 0.0715009375241655 -13
52.64124 4288977016 2 0.428187987771733 0.677827276452435 0.0464484750239836 -7
52.62592 1059012532 4 0.652320873338254 1.47760818147046 0.349069967117931 -17
52.6257 3876736125 1 0.322628327437495 0.838850953576149 0.117557266125578 -11
52.6102 2532137588 3 1.78496749299938 0.647637206433842 0.58504007454393 -8
52.59488 18796113 3 0.321855294117968 1.26234018695909 0.396199134845369 -5
52.57946 1153066470 3 0.80224088519816 0.460619385704757 0.141839101077037 2
52.57932 3235444476 4 0.968474889517942 0.522091966254409 0.344788249979155 -1
52.57932 1822087718 3 0.538299076557595 1.20957753532581 0.792664810710331 -12
52.56382 229602747 5 1.40920771735772 0.26990683242145 0.347998942530288 -10
52.53278 1651798184 3 1.35003481359531 0.610621875711261 0.258935836282688 7
52.53246 2631146649 1 1.23361104731477 1.89159092049311 0.376523080066134 -10
52.5324 3917969035 1 1.54184728665228 1.32438257345844 0.532989881090674 -2
52.5322 3960134549 1 1.47600869348791 0.15437596391171 0.180917369948799 -10
52.51704 1876988402 3 1.60075188381984 0.273933431571307 0.960716688947268 -16
52.51702 1443405088 4 0.192868341189648 0.828154412879645 0.478847134701841 0
52.51684 1227688211 1 1.69301917541428 0.20969367734269 0.165450242114906 -3
52.48612 1079279699 3 0.961263239164559 1.07854715771704 0.420927269483369 -8
52.48596 1084392662 2 0.991017830188656 0.740792859144783 0.757934672869601 -7
52.4704 192899550 5 0.251597742234767 1.48377624070326 0.14561029392051 0
52.47 3053710485 1 0.553145452551177 0.103408826709241 0.293044941705708 -3
52.45506 3902293260 4 1.4150111677981 1.71095322253798 0.414635064712217 -11
52.45486 2529878812 5 0.894549431193638 0.854591243593496 0.384927700154428 -7
52.45484 925817097 1 0.377636303281007 0.501665924722435 0.0668701167062865 0
52.45436 3016258781 1 0.224485200467189 0.168666043763832 0.356786614959419 -11
52.43942 3294018074 3 1.3563664480407 0.188802441417968 0.139784352604298 -13
52.43942 1513891843 5 1.29298104833883 1.86542753276799 0.932843817233441 -18
52.43932 3778709867 1 0.477643636493199 0.942476068740617 0.0967789402560754 -5
52.42418 929862550 2 1.49647982744701 0.105217558601271 0.954331222316079 1
52.42388 3076493569 4 0.892502031747748 0.346746693284526 0.274068456659193 -2
52.4235 1282235629 3 0.584073145531145 0.667767331594572 0.0978527778905072 -8
52.40834 2509843970 2 1.43550048198467 1.35073747494226 0.458264485909212 1
52.39304 1668050035 5 1.9615122724893 1.7340359502267 0.16108938981209 -17
52.39286 3071204830 5 1.701667392917 0.793961828015202 0.254374702440157 3
52.39272 3767340346 5 1.17497566489545 1.95193137832085 0.602744196454611 -10
52.3774 1117581519 2 1.30101914521707 0.425983797300114 0.0210307188842911 3
52.37734 3115636601 5 1.57566274156749 1.12117596359311 0.0882715684103901 -13
52.3771 3738541473 4 0.97970626947523 1.6004402408454 0.539932470702223 -8
52.362 3996480171 5 0.218906302591368 1.66706121673818 0.953311190217332 -11
52.36178 2647999016 5 0.10936779412471 0.368802689562747 0.351729121076351 -4
52.36158 2884405336 5 0.618489153800767 1.99297274060393 0.0768319023253474 5
52.34646 1273242134 3 0.980689334673855 0.227922560255437 0.873641735270646 -12
52.34624 4061050498 4 1.38127715710178 0.768327847673266 0.289713207346365 -8
52.34618 3089339884 2 0.990894722844867 1.09566892581877 0.199065851620792 -2
52.33072 3354015750 3 0.738093728215658 1.29811982428782 0.150889725279069 -15
52.31516 1548369278 4 0.213558079444246 0.88572759027447 0.378225537563622 0
52.29892 2859130674 1 0.603982856006333 0.214925992276217 0.43241930413059 -17
52.28404 1382764620 5 1.23408656691279 1.06627626788437 0.156763234394577 -7
52.28342 2688700237 1 1.36466580211473 0.238650903435419 0.337917887267745 -18
52.26848 1027970347 4 1.76677191971138 1.37596164619787 0.195735928090419 -4
52.25324 3740226207 3 0.81312639866019 1.59293139543264 0.5866747840271 7
52.2531 209866650 4 0.662384150131854 1.6184039920391 0.663948371481933 -5
52.25296 213880957 2 1.0096263326395 1.47802958612864 0.435685451966505 1
52.25292 439098193 3 0.212350320158057 0.92959197855755 0.709541738752909 0
52.25262 3585344938 3 1.73055401321143 1.70505146132574 0.202295538185569 -12
52.23782 458894146 4 1.82525489997957 0.818176284698258 0.809617609162468 -11
52.22186 943402780 1 1.81156502983189 0.908454335347044 0.0922333329587692 -13
52.22186 2217297690 2 0.811672575964667 1.61297033929202 0.853654580520076 -11
52.22186 1035521234 3 1.39660642923255 0.863302516829118 0.453152640076111 -4
52.22168 1300509367 3 0.360086506282687 0.226168761807395 0.0622782957172279 -13
52.22164 2941594806 1 0.676035690727487 0.456326358719331 0.167576677084876 -5
52.20642 3688595442 4 0.192901111247095 1.77801706584899 0.254133004392588 -13
52.20638 2325555383 4 1.35126067739283 0.580625397572826 0.0458189435354876 -11
52.19084 3267992444 1 0.307853690637865 1.92761308060517 0.485110381250456 -6
52.19078 3919487336 5 0.428213738591688 1.02876636254019 0.996068629149832 -10
52.19076 1294363965 4 1.89227725394448 0.134681633571498 0.630007940745613 0
52.14414 3367161898 5 1.56091805394444 1.41979974587701 0.411086317437169 9
52.14396 3541522693 5 1.50464808987041 0.979925163524066 0.171443888275997 -11
52.1287 3153997198 1 0.440934761887319 1.75402535723037 0.711043768298102 -11
52.12862 320305312 4 0.725256677231945 1.16617698026854 0.160272469050732 -15
52.12856 59088948 1 0.870144795533686 0.559512735340309 0.0327959430073836 -16
52.12852 4125685365 1 0.494699343282655 0.875151124256993 0.0592940438474129 -18
52.11322 1006599970 5 1.10954219489473 1.42778239226962 0.147016806506062 -5
52.11318 3017246154 5 1.16492072211736 1.31139281889816 0.979656644610298 -11
52.0977 1084302382 1 0.47978331812519 1.60610917582714 0.371297896741273 -3
52.0976 1228312677 3 1.82600497396596 1.61584786101325 0.551416321253599 -7
52.09746 2064477532 1 1.58509279261203 0.841541651967116 0.0122390372698835 -6
52.06688 3481058896 3 1.46014307595194 0.10105179027505 0.909452182246078 -4
52.06672 2514675509 4 1.72474989528489 1.76433172828642 0.2478907264517 -5
52.06648 4020568909 5 1.46223719668965 1.29303132226389 0.29947101168232 6
52.0511 2245145918 1 1.51651544762273 1.3533663754775 0.876863486642538 1
52.03562 243776773 3 1.10534042025773 1.67506525913852 0.157187636259827 -15
52.0355 2408428632 1 1.23504784346135 1.17587974305689 0.127859106569629 4
52.02014 2172003838 5 0.814481568475113 0.467421381468865 0.942075946363915 -9
52.0045 1407897933 4 1.17753262281545 1.62459484455231 0.135111851989035 7
52.00444 4110047057 1 0.425843853867628 0.917229905599531 0.995386816803935 0
52.00442 3800768248 3 0.743401501712143 1.32519248793519 0.226808557383633 8
52.0042 3802185407 4 1.46963500471934 0.558102925525625 0.0752582809671576 -6
52.00414 2166081507 4 0.542090286118928 1.02779883094524 0.212732153918349 -6
51.989 2203601764 4 1.5409478296445 1.69577444449797 0.750148148642277 -1
51.98888 1176561053 5 0.359352692413149 1.41281193338355 0.404531161606793 -2
51.98884 2711175663 2 1.83032489189881 1.22199492027686 0.0845577488996797 -16
51.9886 167440076 1 1.48325282065089 1.13141725785319 0.324647301305237 8
51.98856 2259345094 3 0.240984751877479 1.65270792325727 0.581437417772465 3
51.98822 3780576224 1 0.607022963662282 0.157022232095153 0.693697378777827 -14
51.94226 1959380194 5 0.214390049718069 1.30196692015696 0.359222715155189 0
51.94208 455377445 5 1.13961869642348 1.03477854420749 0.304338797288541 2
51.92684 2209689179 2 1.24212272065162 0.753265043723914 0.0273455352605917 -7
51.92624 1027836853 3 1.32978572672688 1.41639556857418 0.407265000948762 5
51.91124 2552915524 3 0.391432398296165 1.2386869248207 0.790582368971423 -10
51.91122 2640601385 2 0.40107221821528 1.27635324793738 0.526854984169972 -5
51.89538 457814516 5 1.56943686834087 0.312356218858816 0.271817276925396 -7
51.8802 1226789601 2 1.91434883608482 0.299516081875678 0.891373993006991 -8
51.88004 726671375 3 1.29976194160764 1.00988234498212 0.0614863945952443 -6
51.87992 1200895279 2 0.590917196837206 0.653117859488109 0.567206448380468 8
51.86458 897352181 5 0.344890703900226 0.710698627716209 0.430995626188976 -5
51.86456 3714031545 3 1.69007870695438 0.222254032176331 0.0579453744911524 -16
51.84908 34005599 3 1.60391475618878 1.65853773380108 0.329510803959697 2
51.84898 3596661255 2 1.90481861825759 1.37779913403484 0.0696194263067335 -12
51.83368 3327584755 3 0.770843136172009 0.356166219947013 0.0334601934779145 5
51.81808 3789015935 1 1.2498484534259 1.84522343473397 0.277751030769236 4
51.8179 1588134182 5 0.437174606740613 0.41681377778096 0.0770591282556634 -8
51.81786 2272942492 5 0.614881584587285 1.10109913691171 0.802225135137834 -5
51.81784 3900974293 3 1.50443841698139 0.329237726532237 0.406981173086386 2
51.81784 2794843087 4 0.923624609533792 0.271221338563556 0.0726273593644382 4
51.8025 1718321804 2 1.34622048715805 0.587118488704728 0.83533160342565 -7
51.78714 3088497136 3 0.760119561426489 1.20110460265449 0.843372353085854 -11
51.7871 1149899758 1 1.18554210303428 0.667502367493716 0.960444885998875 2
51.78682 600911625 3 1.29150035103883 0.115867544903108 0.130128769928701 -4
51.78672 2174756719 5 0.375196199629995 1.29386753505627 0.984040774687115 -10
51.77128 2014252084 3 0.512219231752876 0.888325584966669 0.295211855921383 0
51.7556 2456175222 5 0.309155418757613 1.09310931275091 0.891668790339944 -4
51.74008 3054847501 2 0.221003321714898 1.878999009128 0.687727975433382 -11
51.73994 2402951362 1 1.00531566579256 0.314359591301712 0.0933923679190749 8
51.7246 2255877311 5 1.43777353684752 0.915484993612635 0.425769707316064 -2
51.72454 1533637689 4 0.776875769130775 1.17796080646393 0.8853178990583 -5
51.69374 4133055846 3 0.30517623651574 1.59605421357788 0.629636130721844 -17
51.69362 3301314168 3 1.13824770298361 1.47758069373379 0.537103859328543 -9
51.69362 2090011068 5 0.368508099306473 0.949011376903929 0.204057631364748 -3
51.6782 280655538 2 1.16955746021141 0.941198912133862 0.135192001147555 7
51.66274 3819867801 3 1.88604356974234 0.328822292613726 0.0218526427785107 -4
51.66274 2206019561 3 1.18109047388902 1.49567577052059 0.875835286741988 -1
51.66254 1615350620 3 1.09634610289268 1.11622613989505 0.581808640866077 -6
51.66246 4174196123 5 0.303561148898128 1.40044074446531 0.762782334852902 0
51.66206 2724793490 4 0.371141253102796 1.82197138108124 0.316040172966118 1
51.64676 3425297277 4 0.578025445727412 1.49779655454534 0.0487289217981234 -8
51.63148 3744703259 5 1.65641640995134 0.365062705812021 0.286235703667838 9
51.63134 1364400772 3 1.94247348716763 1.25178556473039 0.0434786428505489 -15
51.63106 424979650 2 0.983791953342924 1.65956602083535 0.677703795758312 -5
51.61636 2130864425 2 0.444768362027599 0.547367102596181 0.838157975701167 -5
51.616 1216605423 2 0.768347972956859 1.92891110328596 0.161110766483684 -9
51.6158 3069537920 5 1.57148474787677 1.34379234050114 0.967117075839733 -3
51.61564 4278625671 2 1.03742383476831 1.58854934168223 0.234608879980461 1
51.60044 1971916280 2 0.461278295907924 1.61578944962301 0.867898445787521 7
51.58516 2737111276 3 1.03021242878028 0.194085200431538 0.892105690404849 -8
51.5847 2808376211 5 0.522953447429549 1.60000016367919 0.559717733944198 -8
51.56934 823529370 1 0.774681458616333 0.492243789872973 0.0553101692482205 6
51.56934 3984502543 5 0.447538020532278 1.92575967101338 0.966660229818984 -14
51.56934 2988253442 2 1.73289867700744 1.83906434882881 0.530338923129502 7
51.56922 92311095 1 1.25286856861821 1.73752437286325 0.162369597679018 -11
51.56918 1666497054 2 1.84722975431875 1.27091700123894 0.385948184076008 -1
51.56914 2619188792 4 1.35140079798869 1.94197642028065 0.925083470334036 -10
51.56912 107705790 3 1.76568140531488 1.74810644905227 0.0835118699419244 -4
51.55394 3727546794 1 1.28040020769017 1.51453425038798 0.0821510757338827 -6
51.55384 250594541 3 1.01927448653059 1.81830411607502 0.85263220726915 -1
51.55358 1142677621 5 0.637834706950655 1.4886079585285 0.363099240679953 4
51.53854 1543672922 5 0.395066472648079 1.64941586730525 0.25860327099252 -19
51.53842 3445183647 3 1.32517677041804 0.131233809610183 0.730424806048452 1
51.53804 3382124682 5 1.69394764050379 0.432005404860563 0.366281749567404 7
51.53794 1274488748 4 0.669391272686127 1.35904085169024 0.399341920617361 1
51.52294 2088643958 1 1.17502769269086 1.91424938063854 0.675630584046328 -1
51.52252 3388294238 4 0.491581003959777 1.66817125949266 0.639578364814364 0
51.50718 4000571703 4 1.8647840790882 1.66023899082169 0.753040676594554 -11
51.50716 2935643854 5 1.60327226579484 1.00782413849605 0.536892968700031 -7
51.49172 1143600474 4 1.64127618343229 1.60567818758075 0.463970431172335 1
51.49166 60566576 3 0.892989073303411 1.27638757546791 0.258000118462695 -7
51.49156 3071441953 3 1.64308688889931 1.57867156475767 0.304219143789225 9
51.47632 3468327204 5 0.36129348925771 1.27082339204839 0.622838475433323 -4
51.46048 493316822 5 0.760416642405582 1.74449562226343 0.32233114328947 8
51.46048 1034350604 5 0.439015759588525 0.873426831742978 0.546115176046255 6
51.44522 830136391 3 1.4117823299269 1.62526288889925 0.0414623828959137 3
51.44502 1842141656 4 1.66645346700155 1.89558348635249 0.129787752300436 8
51.44482 1091845836 4 1.1904264260214 1.48734338512422 0.110434936643903 7
51.42946 1355753047 1 1.95884277806557 1.73262962536959 0.0839989591760316 -7
51.4293 1331924469 2 0.656957720926471 1.29227825676184 0.46750392952093 9
51.41384 2420707562 2 0.415432723945619 1.56637796467843 0.308328093879503 5
51.41382 3191865704 5 1.4773122513041 1.03977392260601 0.329267961031344 -4
51.4137 1563874416 4 1.64725732314382 0.545998737405767 0.577808490259381 7
51.41368 2947643658 5 0.499382525678016 1.2999653933697 0.240411691235566 3
51.41362 2863006374 5 1.11071323250382 0.524385286197888 0.0455835340134131 7
51.39848 1843364423 1 0.832130115023813 1.66761526813514 0.192246224832218 1
51.39824 3545362532 4 1.45680781353383 1.19027821695936 0.962666973303818 -8
51.38324 819319788 3 1.90885126038866 1.44430019670279 0.825473684876087 8
51.38292 1110958548 5 0.28791404223644 1.84691646322309 0.841436839205644 -16
51.36746 917897441 3 0.333209773838681 0.847651761326774 0.911643717784907 7
51.35172 2789574447 5 1.69312713815561 1.65899210504489 0.0456690447924992 -12
51.3515 1866875539 5 1.8595356977444 0.456541849275755 0.779944292338833 -1
51.33638 2508741222 2 0.452449165169418 1.17373060429802 0.227253340500898 -19
51.33632 1552818504 3 0.644006775150121 1.10731677036891 0.236527734707293 7
51.33616 2822210294 1 1.19869018714827 1.39445866807848 0.701322621544834 2
51.33594 259303747 1 1.32367093768378 1.42168495264733 0.347240445035913 -1
51.32086 458489902 5 0.528785682941627 0.658351842402617 0.615418889514485 -1
51.32066 3088984704 4 1.99742657248457 0.361016610210163 0.213371888479995 3
51.32064 3181020861 3 0.258126002318196 1.53263536324861 0.171631446931681 -13
51.32064 2882883046 3 0.763591741681301 1.8086841460717 0.11375569936642 6
51.3052 2313409087 2 1.46866469424076 1.77083592710922 0.234423640186861 -11
51.30518 2083972145 2 1.89360819645539 1.66638943648644 0.848543082150168 4
51.30516 2749386251 5 1.21363775873325 0.10224380435207 0.19027642380862 1
51.30498 1626717886 1 0.569531457509419 1.20897893335788 0.841595499555854 3
51.28974 1092229185 1 0.510885151063441 1.68668373194174 0.675864019609239 -19
51.28956 3021025886 3 1.92537062045095 0.385259057394269 0.765779391130201 8
51.27398 2015026456 5 0.406033294858334 1.95581447986991 0.269068048271562 -3
51.2738 1083951420 5 1.93135749190889 1.26087406074628 0.403473000591273 6
51.24308 2978279134 3 1.53033072752597 1.50001750403564 0.310544928334371 -4
51.24256 2024328590 2 0.23427332321246 0.418476843978396 0.012423781155326 -10
51.22754 3252772025 2 1.6981906434775 0.833525927746682 0.354350798002635 8
51.22754 2152025209 2 0.894563785197697 0.88776210968309 0.641687789943991 3
51.21212 2487728233 1 0.594298216701852 1.78165317657104 0.143699104695557 2
51.21188 2660128321 5 1.31753317939333 1.56226725202038 0.150388992828435 9
51.196 803264281 5 0.588711899851807 0.957846961055249 0.686608287348683 1
51.18118 831694531 4 1.97124467661016 0.123037740362736 0.849507501267261 6
51.18104 1568464748 4 0.485201821778797 1.90572001648307 0.38738568747609 -16
51.1809 3287077978 5 0.18243032277493 1.01714972408787 0.155233407179821 -10
51.16536 2939310542 2 1.66799179484617 1.89052534562315 0.0834283101609748 -10
51.16534 1084366086 4 1.02748463986563 1.5052645243357 0.527598718943259 -1
51.1652 417927076 5 0.372704461247564 0.894570067643371 0.766453844321281 7
51.1652 3002397058 5 0.529867258193384 1.41040757991793 0.603531212243725 -1
51.14974 304064105 1 0.189681329874193 1.32655524950052 0.764293706193132 -19
51.13428 2182527949 3 1.48564238152314 1.62893740002693 0.784687616164737 1
51.1186 1405044545 5 1.20623355599725 0.531833924256189 0.0729711031544323 -1
51.08762 1777701158 5 0.497487109502689 1.35635563709806 0.0146196538194254 -4
51.08758 2424343262 4 0.994452252034583 1.49628162519449 0.505899902132529 3
51.07206 2586881830 4 0.518980784811131 1.98191476380624 0.196603245275706 -13
51.05674 1000676989 2 0.130674931006566 1.29117076130352 0.952007785620298 0
51.0564 2215003251 1 0.203991721437559 1.21147519598298 0.291175147537345 -15
51.05636 1817359905 3 1.34103177943863 0.888586902845483 0.402602270383878 5
51.04146 2682804997 2 1.5930865755659 0.956762230788521 0.0866596426434479 5
51.041 222610480 4 0.522954568351698 1.14427809008978 0.448817649810782 4
51.04072 3316213209 2 1.08325780715588 1.67561029861916 0.227680010524516 4
51.02558 3007447038 3 0.756316840089919 1.77636223956292 0.200693852464811 2
51.02556 1985368037 4 1.94877272686723 1.32729330728952 0.209292921852917 1
51.02524 3602811104 4 1.9997013267125 0.453189804571959 0.607106587203352 -8
50.99448 1713068321 2 0.583805783215051 0.95643642415543 0.582234923743785 4
50.99444 62031410 5 0.120849335994776 1.94153393880933 0.412119280571605 2
50.97908 4190556441 2 0.45679583753609 1.0580572281356 0.701142790416151 5
50.94772 1054452321 2 1.0562349683083 1.5692330944585 0.503771170146357 2
50.94754 1289186033 3 0.451536563802672 1.89672016205567 0.723984315153315 -8
50.94748 1882197436 1 1.93441294664301 1.40431911050786 0.511499952254733 7
50.93208 2247894298 1 0.355058433359376 1.87720754896847 0.222141227443968 1
50.9164 518333484 3 1.86729145295382 1.16588026110883 0.575870928201209 -5
50.91638 2979252514 2 0.65007764055106 1.58503044124524 0.280393006729031 -4
50.90156 495930851 2 1.1888125323992 0.371241525787629 0.914310562702547 9
50.88584 3205858435 3 1.43293989066567 1.97125404925391 0.392789685980798 8
50.88582 2036519872 3 1.3396021655173 0.32379083222344 0.801738571840258 8
50.8857 1179533349 4 1.82961743388827 1.7608463936892 0.619157682005826 -3
50.87034 2756259142 4 1.26249911584436 1.91293397050145 0.0409813312646255 -14
50.87022 2972912026 3 0.804239969883466 0.422580058091485 0.956785831943464 6
50.87018 1164067830 4 0.455529946070823 0.591985776566662 0.0928588686779664 2
50.85478 1665873318 3 1.87759781471148 1.4190626971744 0.557833028817859 5
50.8393 2661050512 2 1.86935398228629 1.21021850064455 0.858312228370579 -2
50.8392 3609623964 1 0.97923539093548 1.46407379858766 0.21066018943439 9
50.8387 2386590556 2 1.10353733191959 1.57506572834324 0.809559937645452 4
50.82364 1903685110 2 1.84724182944293 1.2669065809926 0.0325742858419523 3
50.8236 2252368204 2 1.75676248756227 1.97254120448357 0.102066872377486 9
50.82342 1759694592 3 1.83175304036259 1.61532609011727 0.911484591636038 -3
50.82338 3665010885 1 0.139674799255928 1.46448888492666 0.86465939044731 -11
50.8233 2256164682 1 0.770084762683044 1.99870493397183 0.0795775720848388 -15
50.80798 4206117630 4 1.15065463583605 0.45673011562651 0.907637572896522 -8
50.8079 2251490439 5 1.16550022977467 1.90965898107365 0.587457082408976 1
50.79254 2245352921 2 0.981856987800925 0.33536350491387 0.933090051839419 8
50.79248 3904348786 2 1.58923212666905 0.469717838192505 0.856691764133894 3
50.79246 2172873946 4 0.548560199097786 1.94106113439684 0.0826311781004049 0
50.79244 1674339352 4 1.56071856748417 0.991187066822275 0.0603934764121815 -1
50.79234 3915679784 4 1.26659567082221 1.07011628777991 0.107477658257741 -2
50.79232 1717097974 3 0.932673996153752 1.20127457137598 0.104214693024103 -3
50.7613 1939934543 3 0.905930000609917 1.20680286837051 0.907504405476491 -5
50.746 1255214172 2 0.784417855762481 1.63012705126757 0.85108454178021 4
50.74588 1990076042 1 0.515268519828633 1.53379371360818 0.181423989751095 9
50.7456 1158839835 2 1.53065020861561 1.87864106264893 0.230746004343253 1
50.715 3567195056 2 0.890283229717593 1.64553799784621 0.669034187260473 -2
50.71472 3994088946 4 1.04526344775438 1.77896607091921 0.495030226601503 3
50.71458 3104870932 3 0.855369463998032 1.94617086674391 0.589550299083996 8
50.69926 2876927316 3 1.03392950148812 1.27465027732619 0.0398042837776429 -1
50.69918 3046453726 1 1.1310492867301 1.59096409021919 0.0486869028500735 -2
50.69916 2715429415 5 1.17163201486691 1.15025508038934 0.0404516356629204 -16
50.68386 3530817541 3 1.36158622084304 1.36827082340926 0.113705592399318 -5
50.66824 2244564657 4 1.42561837746963 0.606149199422765 0.0159942340057301 7
50.66796 1014905957 3 1.97778142735346 1.24454365036164 0.521229787646799 -2
50.6527 1745499473 2 0.587808338809506 1.99308556411405 0.111929101249722 0
50.63672 3120172809 5 1.38901576188404 0.804542539998742 0.795438041257294 2
50.62146 4127250130 3 0.919924109106556 0.653632532678693 0.540742575002868 3
50.60634 1278558164 4 0.395304157492293 1.75879795607064 0.758840336069026 2
50.59044 3659745956 3 0.719101476200547 1.96966229152222 0.255345684793697 5
50.57506 3990165538 2 0.255778265678384 1.93735861369586 0.225470788114931 7
50.54372 375315412 3 0.228554390825533 1.374292503523 0.315254564532729 -13
50.52872 2849735858 2 0.330834836997234 1.381601880177 0.952939098132701 2
50.52838 863522618 2 1.38756537725007 1.81649277200381 0.948432312665025 9
50.52836 943208780 4 1.03430857791751 1.41883714323743 0.792966130259702 -1
50.52836 2501028219 3 1.54754852435066 1.79708196884504 0.218862535196527 7
50.52818 316998540 5 0.482447549431731 1.91319234595514 0.217748994016888 -2
50.52816 654965897 3 0.728980038858198 0.820398995523948 0.760147119146755 7
50.52814 4289718147 2 0.990234077872834 1.50260773774019 0.145340242696522 -18
50.528 4117727246 4 0.984690615757291 1.19166769011359 0.0660156434559528 6
50.51308 997439732 3 1.32977033384468 1.47056053803908 0.837018850171451 9
50.49708 3071538591 5 1.52292413467465 1.5016005828978 0.155538517167089 0
50.48178 1256427270 5 0.78457980443398 1.92145093225735 0.0617098877583239 7
50.48162 504554402 3 1.81447862034503 0.350540916531505 0.801488006760534 -1
50.45068 3230502062 4 0.177729709363296 0.491834819171047 0.0272068897598485 9
50.45054 3411677887 3 1.85213824818181 1.60515803550068 0.140389789982171 9
50.4352 2389143000 1 0.550050435449381 1.36016083378289 0.0632915338856551 9
50.43516 26988257 5 1.68477522850907 1.39781002917768 0.757213299512584 -1
50.41962 672516578 5 1.37677957347525 1.56658140204349 0.992528507511056 -4
50.41954 3972452627 4 1.49455412741545 1.83645579655147 0.876522054743926 5
50.40398 2826842191 4 0.414467335785622 1.0694351052104 0.816117771270635 -2
50.38844 3640616678 5 1.85167433068118 1.40115131268077 0.0225341747131925 -13
50.38832 3921323979 1 0.170317706117076 1.70592165514765 0.206787549470375 -5
50.373 4137140376 3 1.27728231125895 1.57820837355201 0.853406921711077 -4
50.35754 514262091 1 0.483184434768236 1.57102388799766 0.256355385544722 -19
50.31068 2822717332 5 1.53183405311776 1.55303012891527 0.377139376722622 -2
50.31058 1942951240 5 0.391831107377712 1.32070576190305 0.798738070836432 5
50.2953 1667097629 1 0.600355271648934 1.19231804394362 0.0849703035064167 7
50.2644 2184841129 5 1.26273789946018 1.6427962128162 0.881212069721182 7
50.2485 1086748256 1 0.633148885969073 1.66575490513535 0.97881955759429 6
50.20186 1321994025 2 1.27857679430765 1.97335770233562 0.773134099386561 2
50.17084 1261251403 2 1.46551400148477 1.65667820274079 0.790098127388907 8
50.17078 908689238 4 1.31797609695156 1.23624898550109 0.0614419852757489 5
50.15524 534306267 5 0.569236935580465 0.968954737900403 0.104085920924122 0
50.10914 3448888814 4 0.858445848047596 0.167722031522923 0.955472401373513 2
50.03088 3666784207 2 1.29158574356846 0.945783121388518 0.599749915823136 -1
50.0002 3251811055 5 1.67758409068625 1.6415418888551 0.0162110851214979 -17
49.87588 2267794671 2 0.587020147212658 1.41036081777001 0.0477479172005205 2
49.82874 827004288 3 1.49245384688704 1.41378438463837 0.0159383731448223 -15
49.73578 3258107565 4 0.798238868621149 1.89706643539898 0.974424313708387 -2
49.62684 3562730385 1 0.469292927629631 1.80878404409823 0.0305493377151834 -15
49.54888 2471351829 2 1.68512282322949 1.87548376284583 0.0366648383707959 -16
49.5029 1883752891 3 1.41044936052781 0.402707981829338 0.914411984665436 4
49.42516 2023837229 3 0.891727066581334 1.63660027390446 0.810756130547583 -6
49.3942 1529824337 3 1.1121645916822 1.75622968660256 0.357372521696624 -5
49.3784 2130417083 4 0.205476094601589 1.81947684004117 0.0334362142748558 -16
49.2077 2209201814 2 1.83974240009679 0.671527945119895 0.936748448595538 0
