55.25192
55.2363
54.8479
55.31392
55.4383
55.39168
55.3917
55.12758
55.50042
54.97224
55.22074
55.28294
55.4538
55.15872
54.9412
54.97216
54.98776
55.1587
55.26742
55.00332
55.20524
55.11202
55.1587
55.2829
54.92564
55.14316
55.32958
55.04994
55.06544
55.08096
55.15864
54.97224
55.29844
55.00326
55.31402
54.89454
55.14316
55.15866
55.04996
55.3762
55.0344
54.97226
55.00332
55.11204
55.26734
54.91004
55.314
55.081
55.17424
55.14308
55.18974
55.04992
55.0965
55.29852
55.01886
55.0654
55.2984
55.25188
55.43824
55.42276
55.00332
55.08104
54.8479
55.48492
55.01886
54.98776
55.14314
55.25188
54.9722
55.06554
55.48492
55.2052
55.01878
55.14316
55.06544
55.4383
54.9411
54.97226
55.40724
55.08102
55.15866
55.12764
55.17422
55.04994
55.48486
54.98776
55.18962
55.12754
55.1121
55.01884
55.32954
55.2363
55.14316
55.1742
54.97224
54.92564
55.22082
55.34508
55.01888
55.18974
