54.51442
54.21916
54.52996
54.35902
54.51442
54.29686
54.28132
54.40564
54.5455
54.17254
54.11038
54.25024
54.59212
54.2347
54.40564
54.4678
54.34348
54.49888
54.29686
54.32794
54.52996
54.51442
54.35902
54.4678
54.51442
54.20362
54.26578
54.3901
54.3124
54.45226
54.12592
54.35902
54.32794
54.45226
54.34348
54.3901
54.29686
54.4678
54.42118
54.68536
54.42118
54.34348
54.40564
54.12592
54.29686
54.09484
54.56104
54.28132
54.56104
54.20362
54.2347
54.3124
54.34348
53.98606
54.37456
54.0793
54.37456
54.3124
54.32794
54.157
54.157
54.63874
54.11038
54.6232
54.18808
53.89282
54.43672
54.25024
54.63874
