54.7009
54.76306
54.66982
54.56104
54.74752
54.79414
54.80968
54.82522
54.65428
54.91846
54.68536
54.8563
54.60766
54.98062
54.79414
54.66982
54.7786
54.56104
54.7786
54.7786
54.74752
54.88738
54.8563
54.65428
54.88738
54.74752
54.74752
54.79414
54.76306
54.76306
54.88738
54.84076
54.79414
54.82522
54.68536
54.79414
54.82522
54.63874
54.76306
54.91846
54.87184
54.65428
54.84076
54.91846
54.76306
54.7786
54.65428
54.71644
54.84076
54.79414
54.65428
54.73198
54.68536
54.71644
54.7009
54.8563
54.71644
54.84076
54.6232
54.65428
54.80968
54.49888
54.76306
54.7786
54.88738
54.42118
54.7786
54.96508
54.80968
54.66982
54.66982
54.94954
54.934
54.76306
54.65428
54.57658
54.51442
54.76306
54.76306
54.88738
54.66982
54.76306
54.79414
54.73198
54.88738
54.80968
54.7009
54.66982
54.7786
54.88738
54.63874
54.8563
54.76306
54.7786
54.8563
54.6232
54.84076
54.84076
54.80968
54.76306
