1000 55.2 52.6423 
1100 53.72728 52.3596 
1200 54.5 52.6825 
1300 55.07694 52.8201 
1400 54.85714 52.9444 
1500 54.66666 52.9991 
1600 54.5625 52.8666 
1700 54.58822 52.1697 
1800 54.05556 52.468 
1900 54.57896 52.8185 
2000 54.25 53.0809 
2100 54.33334 53.3542 
2200 54.31818 53.2337 
2300 54.13046 53.3697 
2400 54.66666 53.3556 
2500 54.56 53.1357 
2600 54.23076 53.2555 
2700 53.48146 53.2139 
2800 53.96426 53.6108 
2900 54.2414 52.9987 
3000 54.66666 53.462 
3100 55.03224 53.897 
3200 54.68748 53.9213 
3300 54.7273 54.0307 
3400 54.61766 53.6872 
3500 54.17142 53.7371 
3600 55.1389 54.1857 
3700 54.59458 53.6892 
3800 54.81578 53.6143 
3900 53.82052 53.9698 
4000 54.55 53.9688 
4100 54.21952 53.6804 
4200 54.4524 53.1471 
4300 54.7442 53.2302 
4400 55.06818 53.0382 
4500 54.91112 53.2495 
4600 54.6087 53.4792 
4700 54.82978 53.5469 
4800 54.6875 52.9976 
4900 54.36734 53.5013 
5000 54.4 53.7931 
5100 54.33334 54.3417 
5200 54.26924 54.3027 
5300 54.5849 53.6278 
5400 54.85184 53.6027 
5500 54.74544 54.2238 
5600 54.55356 54.2412 
5700 54.54386 53.9241 
5800 54.96554 53.1797 
5900 55.2712 52.6904 
6000 54.91666 52.4294 
